0.00025	0.0017688993210142282	0.0017688993210142282	0.0032530065314513865	0.0032530065314513865	0.004675228580007588	0.004675228580007588	0.0062003446587010815	0.0062003446587010815	0.007655371152867419
0.00025	0.0020302466427457575	0.0020302466427457575	0.0037808107700364906	0.0037808107700364906	0.005455611135845221	0.005455611135845221	0.007163786459708524	0.007163786459708524	0.008840338753183836
0.00025	0.0013682844041285668	0.0013682844041285668	0.002431796540025668	0.002431796540025668	0.0036417005476410075	0.0036417005476410075	0.004966111197759602	0.004966111197759602	0.0062117033368134615
0.00025	0.001329904238439516	0.001329904238439516	0.002336156940133242	0.002336156940133242	0.003412083068625169	0.003412083068625169	0.0044476208749978	0.0044476208749978	0.005455071184025227
0.00025	0.0012717248659754846	0.0012717248659754846	0.002395254187659085	0.002395254187659085	0.0035110602405199584	0.0035110602405199584	0.00466480784871254	0.00466480784871254	0.005839059322173808
0.00025	0.00036950837374053077	0.00036950837374053077	0.00029456510067846475	0.00029456510067846475	0.0002259886781447804	0.0002259886781447804	0.0001987879962394194	0.0001987879962394194	0.00010748855791230374
0.00025	0.00023754943451384755	0.00023754943451384755	8.225668668604142e-5	8.225668668604142e-5	0.00010404238382914629	0.00010404238382914629	5.54731428338607e-5	5.54731428338607e-5	7.609360757274356e-5
0.00025	0.0005611429576758245	0.0005611429576758245	0.0005022064091791183	0.0005022064091791183	0.0004143901359929511	0.0004143901359929511	0.000492272274572077	0.000492272274572077	0.00048447336752237014
0.00025	5.450677067297934e-5	5.450677067297934e-5	3.985986961133316e-5	3.985986961133316e-5	4.31162859926357e-5	4.31162859926357e-5	3.844789261769869e-5	3.844789261769869e-5	3.989783870570589e-5
0.00025	6.712118820709235e-5	6.712118820709235e-5	6.686061910248214e-5	6.686061910248214e-5	6.962298782444905e-5	6.962298782444905e-5	7.85409460751356e-5	7.85409460751356e-5	8.35232229777573e-5
0.00025	2.6025115399010418e-5	2.6025115399010418e-5	2.669513666341703e-5	2.669513666341703e-5	2.8578650230157996e-5	2.8578650230157996e-5	2.5922573324846277e-5	2.5922573324846277e-5	2.273502370555562e-5
0.00025	0.00011053112926555861	0.00011053112926555861	0.0001737611149068511	0.0001737611149068511	0.00016784830992121793	0.00016784830992121793	0.00013002434693449693	0.00013002434693449693	0.00018652297148628427
0.00025	8.459416627234675e-5	8.459416627234675e-5	8.789177528720507e-5	8.789177528720507e-5	9.131068360586075e-5	9.131068360586075e-5	8.657376617609814e-5	8.657376617609814e-5	9.071728182705718e-5
0.00025	0.00023098851796578846	0.00023098851796578846	0.00018139378156381873	0.00018139378156381873	0.00017029398902786155	0.00017029398902786155	6.500270042805978e-5	6.500270042805978e-5	0.00019585898162960484
0.00025	0.00041520738419714557	0.00041520738419714557	0.00030088240631042756	0.00030088240631042756	0.0004228608990760308	0.0004228608990760308	0.00034304575553744114	0.00034304575553744114	0.00027376864526315386
0.00025	6.97026632087734e-5	6.97026632087734e-5	7.233475500501633e-5	7.233475500501633e-5	7.228840755230226e-5	7.228840755230226e-5	7.023311339848394e-5	7.023311339848394e-5	7.651674605910279e-5
0.00025	0.000564166123592786	0.000564166123592786	0.00041987556071975296	0.00041987556071975296	0.0004311387289948447	0.0004311387289948447	0.0005289619801251488	0.0005289619801251488	0.0003479170145969758
0.00025	6.64722901160493e-5	6.64722901160493e-5	7.003110937332143e-5	7.003110937332143e-5	5.591024673953987e-5	5.591024673953987e-5	5.3218695211255674e-5	5.3218695211255674e-5	6.922848295524976e-5
0.00025	6.283911449203659e-5	6.283911449203659e-5	4.892091288398634e-5	4.892091288398634e-5	4.211007674199441e-5	4.211007674199441e-5	3.330979161083077e-5	3.330979161083077e-5	3.124511459217362e-5
0.00025	0.00019268948374497158	0.00019268948374497158	0.00017771552234628542	0.00017771552234628542	0.0001219987196510794	0.0001219987196510794	0.0001703111405503957	0.0001703111405503957	8.676034287989051e-5
0.00025	0.0003424764225879674	0.0003424764225879674	0.00035897689687082826	0.00035897689687082826	0.00026105050003933386	0.00026105050003933386	0.00026903306456898217	0.00026903306456898217	0.00011242395317558899
0.00025	0.00011179483682460352	0.00011179483682460352	9.130368703275019e-5	9.130368703275019e-5	9.300914102936554e-5	9.300914102936554e-5	0.00014614758297684365	0.00014614758297684365	9.052655654607285e-5
0.00025	7.911990444641743e-5	7.911990444641743e-5	7.81577069377174e-5	7.81577069377174e-5	7.39893369717917e-5	7.39893369717917e-5	7.346697725206874e-5	7.346697725206874e-5	7.584836313378804e-5
0.00025	0.00010494575462798138	0.00010494575462798138	6.930139002009195e-5	6.930139002009195e-5	6.326453390014921e-5	6.326453390014921e-5	6.511212071186162e-5	6.511212071186162e-5	6.961488993432628e-5
0.00025	0.000135218753184249	0.000135218753184249	4.641706607139669e-5	4.641706607139669e-5	4.316110415779417e-5	4.316110415779417e-5	4.231747611843401e-5	4.231747611843401e-5	4.468956156677888e-5
0.00025	0.0003391677494806445	0.0003391677494806445	0.0003419133924758019	0.0003419133924758019	0.0002969326003789394	0.0002969326003789394	0.0003668962420804002	0.0003668962420804002	0.00023599480593865704
0.00025	0.0005069405261794297	0.0005069405261794297	0.0004101437797459519	0.0004101437797459519	0.0003969611875697918	0.0003969611875697918	0.0003288771275314185	0.0003288771275314185	0.00041631260020320843
0.00025	0.0001871270719179866	0.0001871270719179866	0.000278255587143045	0.000278255587143045	0.00015147895580157504	0.00015147895580157504	0.0001677787638377151	0.0001677787638377151	0.00025823803366744843
0.00025	7.192687522190288e-5	7.192687522190288e-5	7.220944422492491e-5	7.220944422492491e-5	7.465246173127916e-5	7.465246173127916e-5	6.852036250326013e-5	6.852036250326013e-5	8.329589893527475e-5
0.00025	0.0004438955470137235	0.0004438955470137235	0.0005611744478117632	0.0005611744478117632	0.0004388618065314972	0.0004388618065314972	0.0003066567679032825	0.0003066567679032825	0.00029858468361555063
0.00025	9.483083195305732e-5	9.483083195305732e-5	8.132055962465157e-5	8.132055962465157e-5	7.631087316057315e-5	7.631087316057315e-5	7.21226729982621e-5	7.21226729982621e-5	9.65936218392498e-5
0.00025	0.00027334017223919064	0.00027334017223919064	0.00023113124311601298	0.00023113124311601298	0.00021170935106265703	0.00021170935106265703	0.00022663955876466482	0.00022663955876466482	0.0001726371143237395
0.00025	0.0002781109655909362	0.0002781109655909362	0.00022766178885185885	0.00022766178885185885	0.0002335712038436348	0.0002335712038436348	0.00020729331244914733	0.00020729331244914733	0.0002696694246106453
0.00025	0.0004242082090353041	0.0004242082090353041	0.00032125620451264766	0.00032125620451264766	0.0004279163567666883	0.0004279163567666883	0.00037547248523634016	0.00037547248523634016	0.00020718804747166993
0.00025	8.261460335754232e-5	8.261460335754232e-5	8.397020202520863e-5	8.397020202520863e-5	8.750090220772908e-5	8.750090220772908e-5	8.418979202912477e-5	8.418979202912477e-5	8.96009237904806e-5
0.00025	6.544847781445047e-5	6.544847781445047e-5	6.669702800270339e-5	6.669702800270339e-5	6.654926796264527e-5	6.654926796264527e-5	6.585599325894983e-5	6.585599325894983e-5	6.64835414902345e-5
0.00025	6.113898985370835e-5	6.113898985370835e-5	6.401781619681087e-5	6.401781619681087e-5	6.681110138108822e-5	6.681110138108822e-5	6.516745180380565e-5	6.516745180380565e-5	6.713373845997044e-5
0.00025	7.450424878567738e-5	7.450424878567738e-5	7.751207175680525e-5	7.751207175680525e-5	0.00019082938234709013	0.00019082938234709013	7.09905887152191e-5	7.09905887152191e-5	8.524118212990092e-5
0.00025	0.0001925185432846708	0.0001925185432846708	0.00010922208271478384	0.00010922208271478384	0.00015826384490256177	0.00015826384490256177	0.0001838320309056207	0.0001838320309056207	7.166353134798255e-5
0.00025	6.795849112013054e-5	6.795849112013054e-5	7.020422480659259e-5	7.020422480659259e-5	6.853069045100817e-5	6.853069045100817e-5	6.716656645724121e-5	6.716656645724121e-5	7.094497753297337e-5
0.00025	4.826897393800011e-5	4.826897393800011e-5	3.550670570490755e-5	3.550670570490755e-5	3.1194740018185375e-5	3.1194740018185375e-5	2.7589791686667743e-5	2.7589791686667743e-5	3.130288686096112e-5
0.00025	0.0004386868617651284	0.0004386868617651284	0.00028554839280405144	0.00028554839280405144	0.00035944256032910334	0.00035944256032910334	0.00035025940576359455	0.00035025940576359455	0.0002636317430247503
0.00025	6.541073384260199e-5	6.541073384260199e-5	6.972032512187277e-5	6.972032512187277e-5	7.041852949608622e-5	7.041852949608622e-5	7.096946990970956e-5	7.096946990970956e-5	7.447412065856877e-5
0.00025	0.0003190125947698302	0.0003190125947698302	0.00022465508486690878	0.00022465508486690878	0.0001498937576651053	0.0001498937576651053	8.909177402418175e-5	8.909177402418175e-5	0.00017155431721625178
0.00025	6.362346788453408e-5	6.362346788453408e-5	5.230880482836656e-5	5.230880482836656e-5	4.186105026182109e-5	4.186105026182109e-5	4.076500415644733e-5	4.076500415644733e-5	4.757744716657855e-5
0.00025	0.00017675751430838756	0.00017675751430838756	0.00014517667223835584	0.00014517667223835584	0.00025534119113016575	0.00025534119113016575	0.00019181728658976618	0.00019181728658976618	0.00017991184167838648
0.00025	8.344807051928914e-5	8.344807051928914e-5	7.552339709544293e-5	7.552339709544293e-5	0.00017806126850220745	0.00017806126850220745	7.430848466364184e-5	7.430848466364184e-5	8.646282200731271e-5
0.00025	0.0004072055597856399	0.0004072055597856399	0.0004004154422426319	0.0004004154422426319	0.0003927020191660786	0.0003927020191660786	0.0004224984527347075	0.0004224984527347075	0.00040112549568349653
0.00025	0.0003080524029093368	0.0003080524029093368	0.00041184986040728507	0.00041184986040728507	0.00039049187483878467	0.00039049187483878467	0.0003126845683563717	0.0003126845683563717	0.00027747625995796317
0.00025	7.814794452404528e-5	7.814794452404528e-5	8.126706321269308e-5	8.126706321269308e-5	8.097862292814106e-5	8.097862292814106e-5	7.929002777795173e-5	7.929002777795173e-5	8.441440812623163e-5
0.00025	6.466721339468546e-5	6.466721339468546e-5	6.57435778236525e-5	6.57435778236525e-5	6.459608668239908e-5	6.459608668239908e-5	9.270655916042584e-5	9.270655916042584e-5	7.417237763511535e-5
0.00025	0.00022285631427896045	0.00022285631427896045	0.00019719816574609368	0.00019719816574609368	0.00022262941643410694	0.00022262941643410694	0.00012424309475659014	0.00012424309475659014	0.00017219824058829837
0.00025	4.75125849848652e-5	4.75125849848652e-5	5.251745880300267e-5	5.251745880300267e-5	4.688403695738764e-5	4.688403695738764e-5	4.251265070880444e-5	4.251265070880444e-5	3.899321273532599e-5
0.00025	0.00035617198839888603	0.00035617198839888603	0.000429180137487181	0.000429180137487181	0.0003475063409769141	0.0003475063409769141	0.00028564777348217646	0.00028564777348217646	0.00031506862268607577
0.00025	0.00017797065650212171	0.00017797065650212171	6.93766467098813e-5	6.93766467098813e-5	0.0001771870268845396	0.0001771870268845396	7.47290860829351e-5	7.47290860829351e-5	7.644245355918595e-5
0.00025	0.00011954871214715815	0.00011954871214715815	0.00016169639506514308	0.00016169639506514308	0.000149042142983462	0.000149042142983462	0.00016110788366015204	0.00016110788366015204	0.00015126332521354853
0.00025	0.00028111553572206997	0.00028111553572206997	0.00030171897275883667	0.00030171897275883667	0.00020364085956382265	0.00020364085956382265	0.000253521243656737	0.000253521243656737	0.00022100303390677702
0.00025	0.00015111980222072205	0.00015111980222072205	6.748079620608645e-5	6.748079620608645e-5	6.626322308580124e-5	6.626322308580124e-5	0.0001002923630302435	0.0001002923630302435	7.994052390285183e-5
0.00025	0.00045831121092949347	0.00045831121092949347	0.0004337872925523444	0.0004337872925523444	0.00040538090364723164	0.00040538090364723164	0.00034853698606323615	0.00034853698606323615	0.00038576517371492405
0.00025	0.0001813130180464094	0.0001813130180464094	7.96787935509993e-5	7.96787935509993e-5	6.675039898174099e-5	6.675039898174099e-5	7.265790337191729e-5	7.265790337191729e-5	6.764826617609824e-5
0.00025	4.203244301959323e-5	4.203244301959323e-5	3.603522257951154e-5	3.603522257951154e-5	3.311455567677791e-5	3.311455567677791e-5	4.1641347533155286e-5	4.1641347533155286e-5	4.657630233118445e-5
0.00025	0.00018714291189152795	0.00018714291189152795	0.0003249170323953589	0.0003249170323953589	0.00013194519252814242	0.00013194519252814242	0.0002245391836467294	0.0002245391836467294	0.00022050523154596571
0.00025	0.000352999397427078	0.000352999397427078	0.00025560171771163166	0.00025560171771163166	0.00013930832506880145	0.00013930832506880145	0.00015876830540615072	0.00015876830540615072	0.00019352530431817724
0.00025	0.0003740461068280177	0.0003740461068280177	0.000406008759907668	0.000406008759907668	0.0003391735648330067	0.0003391735648330067	0.0003121504651028949	0.0003121504651028949	0.0004120625690412342
0.00025	0.00023944741054763956	0.00023944741054763956	0.00022149792702544997	0.00022149792702544997	0.00016913982387516908	0.00016913982387516908	0.00016464426086078415	0.00016464426086078415	0.0001758946449405101
0.00025	0.00018799786513186366	0.00018799786513186366	0.00020163855774919554	0.00020163855774919554	0.00022332614242245416	0.00022332614242245416	0.00032076450431810943	0.00032076450431810943	0.0001866075122132395
0.00025	8.983720611992237e-5	8.983720611992237e-5	7.605011968427899e-5	7.605011968427899e-5	6.987156242180333e-5	6.987156242180333e-5	7.173665050928329e-5	7.173665050928329e-5	8.75722243362215e-5
0.00025	7.620090145594569e-5	7.620090145594569e-5	7.34515536917297e-5	7.34515536917297e-5	7.594191504157082e-5	7.594191504157082e-5	9.334265710385202e-5	9.334265710385202e-5	8.831198468909762e-5
0.00025	6.99883598318835e-5	6.99883598318835e-5	7.474184644785809e-5	7.474184644785809e-5	7.101881210955355e-5	7.101881210955355e-5	6.730858056286676e-5	6.730858056286676e-5	7.194329281880443e-5
0.00025	0.0004785888366883876	0.0004785888366883876	0.0005469266945608842	0.0005469266945608842	0.0004575734009351326	0.0004575734009351326	0.000455299379689082	0.000455299379689082	0.0003908850679809495
0.00025	0.00033654948586696375	0.00033654948586696375	0.0003919039940763356	0.0003919039940763356	0.0002562867415026376	0.0002562867415026376	0.0003213084224811944	0.0003213084224811944	0.00022436329985510436
0.00025	0.00010196887819361491	0.00010196887819361491	9.629243083219761e-5	9.629243083219761e-5	0.0001036759423769368	0.0001036759423769368	0.00010480101886805153	0.00010480101886805153	9.82172438158474e-5
0.00025	0.00028549636809561057	0.00028549636809561057	0.0002941443663743731	0.0002941443663743731	0.00014047602165945724	0.00014047602165945724	0.00017929779020841474	0.00017929779020841474	0.00012834695328956954
0.00025	0.00010451332849302605	0.00010451332849302605	0.00017495339383100282	0.00017495339383100282	9.059347941975446e-5	9.059347941975446e-5	9.718644648406034e-5	9.718644648406034e-5	8.737511524920606e-5
0.00025	0.00032900486773416895	0.00032900486773416895	0.0003560525491439875	0.0003560525491439875	0.00024260975740941944	0.00024260975740941944	0.00025274564680401147	0.00025274564680401147	0.000336320816166611
0.00025	0.0003426630783682437	0.0003426630783682437	0.00020684231752691462	0.00020684231752691462	0.00021951594379223597	0.00021951594379223597	0.00014413064100454831	0.00014413064100454831	0.000217038583931826
0.00025	5.383651499701781e-5	5.383651499701781e-5	4.099051221771995e-5	4.099051221771995e-5	4.1411997958691156e-5	4.1411997958691156e-5	3.409973084128314e-5	3.409973084128314e-5	3.57399921503765e-5
0.00025	5.0376776113684056e-5	5.0376776113684056e-5	4.941745862746861e-5	4.941745862746861e-5	4.9719869723028665e-5	4.9719869723028665e-5	3.8785428518439715e-5	3.8785428518439715e-5	4.215107937859401e-5
0.00025	0.00034325098846330017	0.00034325098846330017	0.00029023224823683546	0.00029023224823683546	0.00025770468036450235	0.00025770468036450235	0.00020483346119649565	0.00020483346119649565	8.575471674473651e-5
0.00025	0.0002188597659726259	0.0002188597659726259	0.0002378042883634255	0.0002378042883634255	0.00012337296859252136	0.00012337296859252136	0.00013653321484837817	0.00013653321484837817	0.00016200960230366572
0.00025	0.00010112825340845561	0.00010112825340845561	9.57403219448994e-5	9.57403219448994e-5	0.00011155354346140837	0.00011155354346140837	8.854929949933665e-5	8.854929949933665e-5	8.99236800817332e-5
0.00025	0.0003110745897641307	0.0003110745897641307	0.00028216791841845776	0.00028216791841845776	0.0003378236412137483	0.0003378236412137483	0.00034730095311346195	0.00034730095311346195	0.0003421552496130441
0.00025	6.341222517324571e-5	6.341222517324571e-5	6.491968970186639e-5	6.491968970186639e-5	6.527860978939341e-5	6.527860978939341e-5	7.062195124452138e-5	7.062195124452138e-5	6.944543680871669e-5
0.00025	0.0003989906845121285	0.0003989906845121285	0.00026297195914035815	0.00026297195914035815	0.0003300994062298372	0.0003300994062298372	0.00032603472504776337	0.00032603472504776337	0.00030859084769300956
0.00025	6.704595485311641e-5	6.704595485311641e-5	7.282268750975142e-5	7.282268750975142e-5	7.089666846123861e-5	7.089666846123861e-5	6.835588704594731e-5	6.835588704594731e-5	7.266111201375934e-5
0.00025	0.00014455817265467805	0.00014455817265467805	0.00013137214106335326	0.00013137214106335326	9.078403392515498e-5	9.078403392515498e-5	9.120016307541905e-5	9.120016307541905e-5	9.43957257401666e-5
0.00025	0.0004194861378715617	0.0004194861378715617	0.0004183700640552292	0.0004183700640552292	0.0002241863131211814	0.0002241863131211814	0.00017028807875358438	0.00017028807875358438	0.0002926889040621113
0.00025	8.638061801236086e-5	8.638061801236086e-5	8.66335975316775e-5	8.66335975316775e-5	6.693895139712512e-5	6.693895139712512e-5	6.899375120831002e-5	6.899375120831002e-5	5.991567946175078e-5
0.00025	0.00021605987146365693	0.00021605987146365693	0.00015833038351298508	0.00015833038351298508	0.0001831093024473188	0.0001831093024473188	0.0002719563406107684	0.0002719563406107684	0.00013607997537883098
0.00025	6.957010090499694e-5	6.957010090499694e-5	7.651033939502956e-5	7.651033939502956e-5	6.796743192766793e-5	6.796743192766793e-5	6.888384920761196e-5	6.888384920761196e-5	7.115375349627778e-5
0.00025	0.00012909001596198228	0.00012909001596198228	0.00014221312506018747	0.00014221312506018747	0.00020426797604382297	0.00020426797604382297	0.00015978034017774802	0.00015978034017774802	0.0001936021919965948
0.00025	6.982462926964463e-5	6.982462926964463e-5	7.330545671678581e-5	7.330545671678581e-5	7.424274628672183e-5	7.424274628672183e-5	7.092485974278192e-5	7.092485974278192e-5	7.85491907037871e-5
0.00025	7.112742752787684e-5	7.112742752787684e-5	6.805861308831107e-5	6.805861308831107e-5	6.289526748534537e-5	6.289526748534537e-5	5.6205421880767044e-5	5.6205421880767044e-5	6.948053734530948e-5
0.00025	0.0002281584592657344	0.0002281584592657344	0.00032205273189830436	0.00032205273189830436	0.0003149416612462328	0.0003149416612462328	0.00017223420066859562	0.00017223420066859562	0.00010901674641562862
0.00025	7.055706700188034e-5	7.055706700188034e-5	7.644266179327842e-5	7.644266179327842e-5	7.018147568283616e-5	7.018147568283616e-5	6.594888023218236e-5	6.594888023218236e-5	7.399389689078197e-5
0.00025	0.0003543772031327854	0.0003543772031327854	0.00020643809047133345	0.00020643809047133345	0.00038163998789980945	0.00038163998789980945	0.0002857919563681017	0.0002857919563681017	0.0002704593003314328
0.00025	6.503685693944947e-5	6.503685693944947e-5	6.56243244583988e-5	6.56243244583988e-5	7.127829129475784e-5	7.127829129475784e-5	0.0001018365656624856	0.0001018365656624856	6.417722224683966e-5
0.00025	0.00013621880307026205	0.00013621880307026205	0.00012471317289039727	0.00012471317289039727	0.00011098840531663338	0.00011098840531663338	9.695134388237956e-5	9.695134388237956e-5	9.587546566217334e-5
0.00025	6.520870502132057e-5	6.520870502132057e-5	8.139344229445713e-5	8.139344229445713e-5	8.234556772982974e-5	8.234556772982974e-5	0.00011718252954023025	0.00011718252954023025	7.56631170114807e-5
0.00025	7.084221384532869e-5	7.084221384532869e-5	6.623866647512799e-5	6.623866647512799e-5	7.864609127223468e-5	7.864609127223468e-5	6.056793482487285e-5	6.056793482487285e-5	8.708970750287602e-5
