0.602457536518909	0.6446329645268213	0.607048360749138	0.6446650249035338	0.5989653190145985	0.6446496076956596	0.5985167640626067	0.6447473300311374	0.5920856280524806	0.6447766015157521
0.6096162650798028	0.6427697253386505	0.6029717814177041	0.6429096497791293	0.615484682588697	0.6428589809862048	0.623730047581416	0.6428708528451953	0.5902266666788379	0.6427239916685127
0.6150059185276238	0.6432576960600447	0.6038939683815644	0.6432870497168802	0.6224973818346701	0.6433457180927822	0.6110653717980775	0.6433876312675608	0.6104984978914513	0.6434483296808878
0.6179824786815783	0.6409306434092903	0.5996939194445001	0.6408861009187387	0.6049527341221872	0.6408296102133666	0.6049256454367654	0.6407326849000291	0.6063992406346921	0.640681177437446
0.6082942394295571	0.6476543247055465	0.6139907818738488	0.6479899780262223	0.6107583315873466	0.6475957965143603	0.6002276631149428	0.6474484487940451	0.6068861043581854	0.6474839763169054
0.45996889578814554	0.6363554036256474	0.4661193510711588	0.6376733426920617	0.4716529452737703	0.6376055466628681	0.46788547779975587	0.6381773347185726	0.4619539605470334	0.6382865396496356
0.45996889578814554	0.6466579326155374	0.4661062876959071	0.6463932567874726	0.46160980741886254	0.6463589363480116	0.4679387780957	0.6462387202537628	0.46196771228073685	0.6462888888013859
0.45996889578814554	0.6441734356645629	0.4683549888169035	0.6439393922894247	0.47208016298788	0.6439984298029476	0.4607171995681578	0.6437096791420253	0.47046965937122204	0.6437906837282098
0.466142507601134	0.6436237512694107	0.46129196386342636	0.6436531513508872	0.46160401440666304	0.6437089810504255	0.4673022474078311	0.6437431328938874	0.4668735449054315	0.6438075355672289
0.4688776685095146	0.6432316444743984	0.46913237491044657	0.6432576645015128	0.4616032135165426	0.6433195304771401	0.46859003560760726	0.6433524462671356	0.4711403840056567	0.6434176439806331
0.45996889578814554	0.6417173307299058	0.46128804018891195	0.641357804051455	0.4615992988122029	0.6415451012059922	0.46071211257701794	0.6419296672381078	0.46194772055649624	0.6418515933376275
0.45996889578814554	0.644637826392787	0.46129406646319315	0.6447256367411923	0.46779839045914245	0.6446484924117236	0.46071854590671907	0.6446732570982102	0.46196711742908453	0.6446424128873327
0.45996889578814554	0.642201080991927	0.46128908573083544	0.6422422881910799	0.46160118957743834	0.6423045290280157	0.46738064529492496	0.6423611057216461	0.46196147321792186	0.6424271105775285
0.46477606081153	0.6445085277828182	0.4612937939975629	0.6445307358775019	0.4730768357283391	0.6446087555551995	0.46708314203791534	0.6446968374259944	0.4702342966290368	0.6446899412302814
0.45996889578814554	0.6475202614040955	0.47057067634545546	0.6475782018100684	0.46161501958103074	0.6474876415808489	0.4664441812502985	0.6474607750131757	0.4731156842954963	0.6474915839159934
0.4648916956555664	0.6477771016831116	0.47044207045688974	0.6485441393043189	0.4732863838211497	0.6485813457889755	0.4607302722812269	0.6482280440456617	0.46196809157708413	0.6482532880719046
0.4641355557556124	0.6443276639492828	0.4612933868485285	0.6443452862021098	0.46838901039941744	0.6443895950181256	0.4607179935257589	0.6444270280748057	0.46195250665783055	0.6444751417005982
0.45996889578814554	0.6421339836158493	0.464978125915254	0.6421801299705809	0.4715311693542189	0.6422569505653327	0.4607136089171175	0.642339164023051	0.471021203570601	0.6423761497846382
0.4684905845715424	0.6438072666382021	0.4612923245996378	0.6438208552888584	0.4750713462783486	0.6438964554362496	0.46071697874525064	0.6439188211559281	0.46195155017508277	0.6439770426925338
0.45996889578814554	0.6414723061051414	0.46769255804321164	0.6414388270886778	0.46159922207253196	0.6413559942701127	0.46071165907224204	0.6412546941631105	0.46972649139012584	0.6411952185659525
0.469956429331163	0.6441700916002434	0.46129306781668816	0.6439743995552694	0.47211160208499237	0.6439488241226543	0.47108347341730383	0.6441052382275585	0.4708934095122619	0.64394411743033
0.45996889578814554	0.6440380295029811	0.4715136482063987	0.6440415335470432	0.4616048767485482	0.6440801817690615	0.46072123174737845	0.6441833885658905	0.47062204932829593	0.6441515992216925
0.45996889578814554	0.6436628152612486	0.4762134411486303	0.6436372910754603	0.4616039811225564	0.6438252656508479	0.46072076325353384	0.6437270817173761	0.4619598705598418	0.6437788325150943
0.45996889578814554	0.6437083454981362	0.472754209704543	0.6437354766588282	0.46985348044932657	0.6437869961135961	0.46071674608849006	0.6438173096400245	0.476948913356876	0.64387703211185
0.4662531784339688	0.6427616897414776	0.4612901940713824	0.6428005706694834	0.4729582655762855	0.6427609616226994	0.46072042231392574	0.6426738782031	0.4619629086928062	0.6426065557961127
0.46905892685908	0.6438379043086672	0.4612923891639704	0.643875305224687	0.46961422015886756	0.6439262994508604	0.4673838411933957	0.6439544509134966	0.4739295310043236	0.6440070479220327
0.47525975065450926	0.6468535793220962	0.46129880481341423	0.6469683517379323	0.4616110144201694	0.6468564615056873	0.4737072677982032	0.6470136463939432	0.46196998448517834	0.6467390314054464
0.4690051367140061	0.643268561621596	0.46129124933508736	0.6433034472595472	0.4616033096045715	0.6433667122784945	0.47491483322101596	0.64338875616065	0.4707332512009988	0.6434559003297458
0.45996889578814554	0.6436768570552551	0.4752009726566958	0.6437229729076354	0.4616041609330012	0.6437492426109872	0.47564233896142233	0.6437980961548938	0.4712268159743514	0.6438483428112296
0.4681607013211165	0.6422322509291042	0.4612891514288978	0.6422748407541251	0.4736257136042284	0.642346904770358	0.47206291316813237	0.6424051426953055	0.4700718337167741	0.6424707681208702
0.45996889578814554	0.6482095214612832	0.4613015929176529	0.6486890875597887	0.47160553273949657	0.6483725237973751	0.4703730932265429	0.6484815939728379	0.46197093189045635	0.6483005248992034
0.45996889578814554	0.6496206720395594	0.47138131569984226	0.6495750494728121	0.46161649836556456	0.6495127523785156	0.468549986202086	0.6494482507850576	0.46196606532377293	0.6495933783036396
0.4740349486835418	0.6518755859522662	0.4718802520067679	0.6517789128902498	0.47266018945199856	0.6517446012165656	0.47142842197127016	0.651740945555204	0.46197955714293115	0.6517943234016568
0.45996889578814554	0.6436040123988079	0.4757424957001089	0.6436892990463297	0.4686736717863839	0.6438404940665041	0.4703052304590653	0.6436969445985631	0.46196520928934304	0.6437422432232294
0.45996889578814554	0.6476770862009091	0.46946666406598225	0.6480062361762086	0.46161321435912894	0.6477944232759828	0.4685137259014554	0.6477056145818412	0.4619720244715531	0.6477964341076964
0.4693862461170595	0.6434209890821186	0.4612915626618907	0.6434577461516624	0.4652609063619798	0.6435171833753113	0.46071618380960144	0.643548661849185	0.4619503982433119	0.6436060961134071
0.45996889578814554	0.6434683374101419	0.4612916573718006	0.6435130780768358	0.4616037416036399	0.6435840945759296	0.4607163361022284	0.6436045751710043	0.4709029452347129	0.6436627888568873
0.47002267585243324	0.6386151464135664	0.4754381667854867	0.6390581347560966	0.46159829336348024	0.6391959258169365	0.46071081689169646	0.6395935435074254	0.4756245315732178	0.6391443471885546
0.47732007780243924	0.646422035006206	0.47052215935008157	0.6465226638275681	0.4688871319514974	0.6465334646383586	0.46805722588427573	0.6465464275915656	0.4696923449636736	0.6462250791659614
0.45996889578814554	0.6440958057017389	0.46675300453357277	0.6441250572877957	0.46160501769345563	0.6441370394113468	0.46072250395126746	0.6442180234602282	0.4701596279359168	0.644289060970723
0.46634713569201275	0.643464124375595	0.4612916535666557	0.6435051448357257	0.47574755308498595	0.6435491328270089	0.4705220725633341	0.6435907826698765	0.46196419403926364	0.6436525055561281
0.45996889578814554	0.6443686576560665	0.461293520659541	0.6443805456455163	0.46160552794436355	0.6444381589084747	0.4607227342215386	0.6445168488322378	0.46196041589408443	0.6444936940107148
0.45996889578814554	0.6442701202831529	0.4704117143151029	0.6443250530571429	0.46160533825137334	0.6443489616220872	0.4708676664792395	0.644383712325098	0.46195242205265974	0.6444276624116245
0.46914519734516935	0.6432865784150452	0.4612858052036968	0.6433057955484524	0.461603314533116	0.6433564768353104	0.4725616853141299	0.6433850064197326	0.4619692500944558	0.6434591894200484
0.4668999914775278	0.6506400081433507	0.4613067936560669	0.6506635751479688	0.4616187917998982	0.6506830681389663	0.47329368450699266	0.6506013928906959	0.46964556474941105	0.6506046470915021
0.4713922227339894	0.6437098993913726	0.47063936719481003	0.6435404745385009	0.46489866273073094	0.6437406904615721	0.4692472283982355	0.6436607106229418	0.46196513590091975	0.643550090911502
0.4696997617526874	0.6502219330746662	0.4613059167447481	0.6504366226653815	0.47060183968833774	0.6501021060666569	0.46882259823590033	0.6501678610073647	0.4619731224510235	0.6500143245451883
0.45996889578814554	0.6440161825363265	0.46935209566540953	0.6439503736114094	0.4727838423300089	0.6439990105953695	0.46697002731794895	0.6440561744560811	0.4704936357278549	0.6441243288998021
0.45996889578814554	0.6440659640101741	0.4612929168703641	0.6439606215296345	0.4616046808592179	0.6440710469460676	0.47257204102000167	0.644139422313737	0.4678878455184945	0.6442922720396027
0.45996889578814554	0.6451188872144155	0.4721893008892513	0.6451114729787513	0.4677936986178668	0.6451431422970629	0.4607195638177352	0.6452194993671825	0.4619640562698832	0.6451719724780582
0.45996889578814554	0.6437558389399116	0.47041720269371323	0.6437588411880344	0.4616042620979051	0.6438198646217231	0.46980787536972834	0.6438946604515803	0.46695123925689297	0.6439340788168475
0.45996889578814554	0.6444485385684989	0.47412133791326583	0.644483868485939	0.4616056500795326	0.6445199290435099	0.4687117762051382	0.6445386118241566	0.47384846925547586	0.6446028019103914
0.45996889578814554	0.6442016487664466	0.46129310829855413	0.6441006412190712	0.46160485422443603	0.6441495101593682	0.4683322638744033	0.6442348449453024	0.4670413595181867	0.6440214097447708
0.45996889578814554	0.6452079892709588	0.46129536277654887	0.6453482302654523	0.4658372845046635	0.6449774629776656	0.4607238188512103	0.6449499066447062	0.4619611193471729	0.6447276176380559
0.4668430823812026	0.6460098909793447	0.4612970483231112	0.6461989033293656	0.4721435203031876	0.6458810348472417	0.4719340209675388	0.6458197671902807	0.4619607483215911	0.6456227257027058
0.45996889578814554	0.6432489015306437	0.4612912079009863	0.6432879981515112	0.4700902662710155	0.6433405675949925	0.4722162498404275	0.6433578588404818	0.4619504743146153	0.6434350782059548
0.45996889578814554	0.6448120062686098	0.46129434684416204	0.6448599835809898	0.46160637426119866	0.6449180351368075	0.46071908184644933	0.6449519187214914	0.4619534874505303	0.6449898634073946
0.4671048550511907	0.6432142982073739	0.4612911349736649	0.6432523062788401	0.46160321520795955	0.6432484020936369	0.46071563652554215	0.643267431042539	0.4722240675547908	0.6431458587636467
0.4700599710246457	0.6461069221849559	0.4665341859667998	0.646029099342379	0.4616090089513222	0.6462814112254194	0.4743134647377023	0.64626705193433	0.46864272791161166	0.6459084786833446
0.45996889578814554	0.6497022826826768	0.46130485680105554	0.6495803194488163	0.4672762824986949	0.6496231663194313	0.4607330644104727	0.6497450553193256	0.4619683696143641	0.649515739606672
0.45996889578814554	0.6505265357942153	0.4763760372221001	0.6506219241836536	0.47029516582353326	0.6506226595610095	0.4607350840460235	0.6504975449780216	0.47318152150528764	0.6506244147963882
0.45996889578814554	0.6440834016456076	0.46763064805796545	0.6441018887611138	0.4616049088252851	0.6441538208285612	0.470756308200859	0.644194018994491	0.47586317282193985	0.6442369016619937
0.4648079681229348	0.6430894975643233	0.4612908849411475	0.6431241514408623	0.4676375856749905	0.6431685408718046	0.4607126453073787	0.6432284447556117	0.4733654346866794	0.6432865155195133
0.4701697380739926	0.6435513131737629	0.4612918243147814	0.6435746582387487	0.4687575931939863	0.6436353139592605	0.4669723315363072	0.6436672293047355	0.4619651856478591	0.643740941830431
0.45996889578814554	0.6446982513778149	0.46727192849440324	0.6447332479680554	0.4738133957395131	0.6448114311115369	0.46072337162541066	0.644858673043205	0.465990694215533	0.6448303036864825
0.467222107631124	0.6438679449686369	0.4706088441668306	0.6439145462815721	0.4725240124729575	0.6438862027058861	0.4662439731709435	0.6439604532702604	0.47203222355984814	0.644031867673896
0.4710495329435527	0.6437067463412605	0.4752800924872052	0.6436749830964337	0.47731874630225024	0.643732679570179	0.46844618835351803	0.6438348346733197	0.47239653771977513	0.6439061680736194
0.47011640455212217	0.6502300331675757	0.47104187954854165	0.6502488170226317	0.461617829704061	0.6503356569419612	0.47224274514944686	0.6503439110285237	0.4619753006693052	0.6502155878720332
0.45996889578814554	0.6442120733880619	0.46129314327380566	0.644239010300954	0.46160518361078723	0.6443051175699251	0.4747033485267268	0.6443227181348288	0.4619663169653381	0.6443848921739666
0.45996889578814554	0.645976225702655	0.47089565913049686	0.6459401385223609	0.4616087662600213	0.6461504661678801	0.4674193520998501	0.6460091621937669	0.46196851513696013	0.6458314873377041
0.45996889578814554	0.6487744886396096	0.4728550925036528	0.6487358327131137	0.46837653838258125	0.649087103234341	0.4672093490536134	0.6488880097348044	0.47393628473575966	0.6483608056638902
0.4692374232419248	0.643033492036464	0.4679716079383365	0.6428453209959462	0.4616023739550689	0.6428549463583261	0.4607199495222807	0.6428746951514999	0.46196105706870455	0.6429159990875638
0.46826324429246646	0.6440872980166732	0.4639981219807718	0.6441098543720889	0.4616049255405844	0.6441841959596577	0.4667619492330566	0.6441942933870038	0.4717769718172939	0.6442578189726337
0.46474358487888306	0.6436346737254235	0.46129198688133094	0.6436659411112176	0.46706062385282393	0.6437275172134473	0.47088330564940734	0.6437711863815127	0.46464875454190546	0.6438388412093088
0.4698131719443067	0.644678757330896	0.46925706492023916	0.644760488033377	0.47101674055087406	0.644868506815599	0.4607241675211485	0.645063976881253	0.46196626847354993	0.6447731033131099
0.4689860614279899	0.6435298581356865	0.4612917791001565	0.6435526536698287	0.47427017648697156	0.6436112955688184	0.46071637993566295	0.6436387532013679	0.47341476516547826	0.6437048712581697
0.47029869550844977	0.6435831175199518	0.4693874101836671	0.6436104922174397	0.4767124679483679	0.6436879898346347	0.46717231704865597	0.6436972971369044	0.4619625800356498	0.6437636722425808
0.45996889578814554	0.6423392928388277	0.46542095501166975	0.6422890170868488	0.4616012792456191	0.6424454213829998	0.4721318412175974	0.6425015278178258	0.47123248032273596	0.6425603948937836
0.45996889578814554	0.6438042653464806	0.46129240434709723	0.6439004167230906	0.46160458841291824	0.64389636629251	0.4713546941456423	0.6439546650309514	0.46672680765705893	0.6439324695799408
0.45996889578814554	0.6445960116866467	0.4722354411511954	0.6445932476850669	0.4616059352491793	0.644646805558208	0.4682530119151685	0.6446578589273965	0.4692056134359017	0.6447327104685977
0.4733953442195409	0.6440426920184924	0.4612928598523634	0.6439719092131863	0.46160469629669276	0.6440830540254364	0.47103819136439945	0.6441352267750226	0.4619578735080622	0.6441350323762253
0.47418510330768804	0.6439987887283115	0.4612927328492544	0.6440025896803224	0.4616046957534664	0.6440418779364318	0.4687919325833065	0.6440985146397038	0.47230310820450905	0.6441441081090653
0.45996889578814554	0.639695943344958	0.46128348141914294	0.6418110538501623	0.4669633773011968	0.640924517263011	0.4607158179094525	0.6413985555786023	0.46195662553645495	0.6419348145872608
0.47453323640606904	0.6437119621328534	0.4612921708113093	0.6437203760970635	0.4616041766583238	0.6437607147793818	0.4710303735340444	0.6435944406719267	0.4795647669461113	0.6437776966057305
0.4692325274755144	0.6444131724141586	0.47209544366983985	0.644300089076324	0.46997719709743846	0.6442456548069235	0.4674784512806463	0.6442177548430038	0.47158405424774413	0.6440935221775987
0.45996889578814554	0.6438117677809548	0.46129214036943905	0.643857422582024	0.4616044934713989	0.6438240085870374	0.4712333603031366	0.6438862213859639	0.4619603928482563	0.6439479159743664
0.4690898102539023	0.643178735267931	0.474000644811691	0.6432084184152835	0.4719282616091509	0.6432492721385397	0.4713510905628737	0.6433096676955224	0.46196426288026576	0.6433652560785906
0.45996889578814554	0.6437817282735684	0.4612922707813289	0.6438012491195905	0.47346390704515273	0.6438711659947943	0.4607169260448199	0.6438999096061097	0.4619515132355692	0.6439627371649306
0.4716269001218163	0.6433329105414674	0.4612913719593336	0.6434184938849142	0.46160354310049906	0.6434265834151003	0.46071599500285443	0.6433732498855407	0.47329997844168703	0.6433414873546327
0.45996889578814554	0.6455517110168588	0.46129606111354193	0.6454776967787547	0.4668566891580601	0.6455483616909986	0.47026688547572826	0.6454019415670471	0.4695771269697427	0.6455603406870679
0.46619040126353845	0.643575865839624	0.4612918969856793	0.6435379347413064	0.4684817778883201	0.6435669887164154	0.4706203234420391	0.6435683448646382	0.4619625739304339	0.6435637029685134
0.4724773287434391	0.6438490932649757	0.46129247281828945	0.6438011372176348	0.4616043670948545	0.6437225565768367	0.46071662465422947	0.6437956643316343	0.47292906613201446	0.6437932431577554
0.46854810000810687	0.6445846839733617	0.46129396288963015	0.644668245856628	0.469564269611726	0.6445668829784794	0.4607183887133863	0.6444966773143234	0.4619667489150483	0.6444411469964225
0.45996889578814554	0.6448717349233334	0.4612944596745453	0.6449675682213248	0.47169563620885846	0.6449884144290579	0.46072419380430196	0.6449985558077224	0.4746036233205421	0.6450150262407519
0.4669293299183613	0.6438405607643297	0.46892942720264846	0.6438693130787204	0.46160448098824014	0.6439685199767587	0.46071712437671947	0.6440094624501597	0.4722516295047055	0.6440662539009875
0.45996889578814554	0.6428718224569568	0.4663686950842466	0.6428869378954741	0.46965840906987477	0.6428752715195569	0.4607193205377113	0.6428923584265965	0.46196349954553784	0.6428613758697305
0.47252956807810254	0.6445469857098023	0.46129379683632826	0.6445489442239777	0.47105514821852346	0.6446301708634676	0.4696584272873641	0.6446407087835359	0.46904567423852866	0.644692842588128
0.46780460472337165	0.6434796169160754	0.4612916941389425	0.6434975004512333	0.4723015354067595	0.6435155024196179	0.46071992940400935	0.6436009559844723	0.4619648445875475	0.6436354747931529
0.45996889578814554	0.648497068941287	0.47141552062554165	0.6484737835204144	0.4616174028261316	0.6485557917309362	0.4714789602038361	0.6486303628393771	0.47089414486197917	0.6485408974600443
0.45996889578814554	0.6435705699290084	0.4612918648967176	0.6435857786180122	0.4616038859620115	0.643636540462401	0.4607164325450135	0.6436751946061264	0.46195106995527263	0.6437380472676852
