0.0075	0.007015773220873306	0.007015773220873306	0.007070373068938028	0.007070373068938028	0.007443115769750836	0.007443115769750836	0.008320057792160345	0.008320057792160345	0.009258916773122797
0.0075	0.007138295739180039	0.007138295739180039	0.007014791955875161	0.007014791955875161	0.007089278288359744	0.007089278288359744	0.007691095796362442	0.007691095796362442	0.008397234512982582
0.0075	0.007027903589741032	0.007027903589741032	0.006914311477594464	0.006914311477594464	0.0070438408957032355	0.0070438408957032355	0.007656173113754427	0.007656173113754427	0.00828424457502281
0.0075	0.007150794552859984	0.007150794552859984	0.00674296256312892	0.00674296256312892	0.006774433704845555	0.006774433704845555	0.007284393085158071	0.007284393085158071	0.007942736183072263
0.0075	0.007067523683798151	0.007067523683798151	0.007103507512671639	0.007103507512671639	0.00715009103369147	0.00715009103369147	0.007283664597036592	0.007283664597036592	0.007927075629368983
0.0075	0.0054933976940123455	0.0054933976940123455	0.0037093840235428413	0.0037093840235428413	0.0021620734569132304	0.0021620734569132304	0.001114845570803051	0.001114845570803051	0.00022114566989688299
0.0075	0.005254347270090624	0.005254347270090624	0.003505881114815841	0.003505881114815841	0.0018114560865328912	0.0018114560865328912	0.00033867621476976875	0.00033867621476976875	4.5022925085041926e-5
0.0075	0.005290976378931751	0.005290976378931751	0.0035147703530096753	0.0035147703530096753	0.0019317325633614777	0.0019317325633614777	0.0004433434465498172	0.0004433434465498172	4.412415801824512e-5
0.0075	0.005361322320967651	0.005361322320967651	0.0033690073083752483	0.0033690073083752483	0.0016545749601994662	0.0016545749601994662	0.00028674980550016135	0.00028674980550016135	4.186998493478832e-5
0.0075	0.005399102884335985	0.005399102884335985	0.0036844006652652543	0.0036844006652652543	0.001970704406506997	0.001970704406506997	0.0008311772383176669	0.0008311772383176669	4.4223737285194085e-5
0.0075	0.0052694092954753595	0.0052694092954753595	0.0032774885194001425	0.0032774885194001425	0.0015609512730129565	0.0015609512730129565	0.0004242457633769374	0.0004242457633769374	7.838446341305866e-5
0.0075	0.005301996875894687	0.005301996875894687	0.0035140006303693285	0.0035140006303693285	0.002117275039701093	0.002117275039701093	0.001178813956513581	0.001178813956513581	0.0003123144757260504
0.0075	0.0052819365398572415	0.0052819365398572415	0.003430850867312044	0.003430850867312044	0.0020196508476780237	0.0020196508476780237	0.0014040874803940364	0.0014040874803940364	0.0009408304570299777
0.0075	0.0053747748205146256	0.0053747748205146256	0.003565031182249931	0.003565031182249931	0.0022086625734874174	0.0022086625734874174	0.0013536252454117608	0.0013536252454117608	0.000592914294023155
0.0075	0.0053206515595034636	0.0053206515595034636	0.003486410723676799	0.003486410723676799	0.0018840048050395872	0.0018840048050395872	0.0008415208547601918	0.0008415208547601918	0.00026167087246583117
0.0075	0.0055562987256610324	0.0055562987256610324	0.0037551363866993375	0.0037551363866993375	0.0023580212251983045	0.0023580212251983045	0.0009479001654812132	0.0009479001654812132	0.00021897489613053347
0.0075	0.005320825996953134	0.005320825996953134	0.0032976153108506085	0.0032976153108506085	0.0017578763238723424	0.0017578763238723424	0.0009335511933126696	0.0009335511933126696	0.00018231063605172635
0.0075	0.005309569898930179	0.005309569898930179	0.0036239707572014207	0.0036239707572014207	0.0024042336503915457	0.0024042336503915457	0.0015604868500824977	0.0015604868500824977	0.0012112229448444588
0.0075	0.005340479432245394	0.005340479432245394	0.0034331142245057848	0.0034331142245057848	0.0020308668564203553	0.0020308668564203553	0.0008880388756559529	0.0008880388756559529	4.181180427957808e-5
0.0075	0.005250197663573706	0.005250197663573706	0.003475821363108305	0.003475821363108305	0.0016610745713664435	0.0016610745713664435	0.0006500183922866357	0.0006500183922866357	6.428315199882476e-5
0.0075	0.005347686403472583	0.005347686403472583	0.0033063549075353026	0.0033063549075353026	0.0016801899054979654	0.0016801899054979654	0.0006641296173237378	0.0006641296173237378	5.328804910015314e-5
0.0075	0.005306416026240986	0.005306416026240986	0.0036418296064555295	0.0036418296064555295	0.0020220561398442017	0.0020220561398442017	0.0006847400786112259	0.0006847400786112259	4.118118205051095e-5
0.0075	0.005312111903393936	0.005312111903393936	0.003561851326551038	0.003561851326551038	0.0019430883003718053	0.0019430883003718053	0.0009021857663896324	0.0009021857663896324	4.394703541873432e-5
0.0075	0.005255388924853747	0.005255388924853747	0.00354433635244641	0.00354433635244641	0.0021477673986400616	0.0021477673986400616	0.0009037354170429196	0.0009037354170429196	4.2394971762914794e-5
0.0075	0.00538695448606675	0.00538695448606675	0.003562376035175198	0.003562376035175198	0.001976498664223912	0.001976498664223912	0.0005650393299560675	0.0005650393299560675	4.483164459503768e-5
0.0075	0.005392431500929143	0.005392431500929143	0.0035386577223817228	0.0035386577223817228	0.0021919405787425576	0.0021919405787425576	0.0011819671868858322	0.0011819671868858322	0.00026932195589485453
0.0075	0.0053318259862364	0.0053318259862364	0.0034897180383313634	0.0034897180383313634	0.001813776237662978	0.001813776237662978	0.00036230737437049134	0.00036230737437049134	4.1004431916038534e-5
0.0075	0.005419790695162999	0.005419790695162999	0.0035484868938691584	0.0035484868938691584	0.0017075380622281996	0.0017075380622281996	0.0005118741893670527	0.0005118741893670527	4.299296077957814e-5
0.0075	0.005247894934334621	0.005247894934334621	0.0034886240789164737	0.0034886240789164737	0.0019084937490871606	0.0019084937490871606	0.0007003924914714374	0.0007003924914714374	4.01542323294993e-5
0.0075	0.00537464769189343	0.00537464769189343	0.0034181675896336593	0.0034181675896336593	0.0019034949479446242	0.0019034949479446242	0.0010649478252944549	0.0010649478252944549	0.00048438101581081385
0.0075	0.0052195338724428785	0.0052195338724428785	0.0033780814480019457	0.0033780814480019457	0.0017524582823207414	0.0017524582823207414	0.0006471583172753821	0.0006471583172753821	6.728517877466073e-5
0.0075	0.005214451297861844	0.005214451297861844	0.0035210159313012646	0.0035210159313012646	0.0017872680507608008	0.0017872680507608008	0.00036936948825495164	0.00036936948825495164	4.606453190391715e-5
0.0075	0.005387012866689503	0.005387012866689503	0.0036250355229185288	0.0036250355229185288	0.0019494564121306773	0.0019494564121306773	0.0008588639916619956	0.0008588639916619956	0.00010755669755538807
0.0075	0.005316748091704706	0.005316748091704706	0.003657793144040973	0.003657793144040973	0.0022478495081387218	0.0022478495081387218	0.0009130163354325316	0.0009130163354325316	4.1543036519018094e-5
0.0075	0.005235510505632957	0.005235510505632957	0.0033846918501999326	0.0033846918501999326	0.0015275407624077914	0.0015275407624077914	5.993065049060554e-5	5.993065049060554e-5	4.7760544484050806e-5
0.0075	0.005399724246018552	0.005399724246018552	0.003460746100868002	0.003460746100868002	0.001813172781981494	0.001813172781981494	0.00043348803747100286	0.00043348803747100286	4.1710281506603786e-5
0.0075	0.005290300212651218	0.005290300212651218	0.003503467312964303	0.003503467312964303	0.0018491591583133895	0.0018491591583133895	0.0005302616260434597	0.0005302616260434597	4.087736853467475e-5
0.0075	0.005533120507321544	0.005533120507321544	0.003594595968092355	0.003594595968092355	0.0019397099794208764	0.0019397099794208764	0.00046125844788178486	0.00046125844788178486	5.716398375432992e-5
0.0075	0.005381657761220331	0.005381657761220331	0.0035068222096350885	0.0035068222096350885	0.0017980967631136104	0.0017980967631136104	0.0003256418560023998	0.0003256418560023998	5.201429424294359e-5
0.0075	0.0052948440027615696	0.0052948440027615696	0.0035455684994883828	0.0035455684994883828	0.0019292607261070305	0.0019292607261070305	0.0007162336782835659	0.0007162336782835659	4.13366906915025e-5
0.0075	0.005371990780948687	0.005371990780948687	0.003523735649607948	0.003523735649607948	0.002050326270422628	0.002050326270422628	0.0008353102304468054	0.0008353102304468054	4.51053213367144e-5
0.0075	0.005294867581406417	0.005294867581406417	0.0034775138343157938	0.0034775138343157938	0.0018784711890410572	0.0018784711890410572	0.0008652534115427279	0.0008652534115427279	4.1565014989702424e-5
0.0075	0.005237109360563026	0.005237109360563026	0.0033262005014014283	0.0033262005014014283	0.0015983919230107785	0.0015983919230107785	0.0008193759491707375	0.0008193759491707375	5.916312077255592e-5
0.0075	0.0053539262528343855	0.0053539262528343855	0.0033993820552584504	0.0033993820552584504	0.0014816553819048924	0.0014816553819048924	0.00032966035061824094	0.00032966035061824094	4.1122703470998274e-5
0.0075	0.005397144664336483	0.005397144664336483	0.003508470268928612	0.003508470268928612	0.0016470909235850395	0.0016470909235850395	0.0002658261568870534	0.0002658261568870534	5.2432846309530325e-5
0.0075	0.005411013210916704	0.005411013210916704	0.0036397679653428793	0.0036397679653428793	0.0021509499511410167	0.0021509499511410167	0.0011876971569467517	0.0011876971569467517	0.00011203412924334676
0.0075	0.00540159588366182	0.00540159588366182	0.0035475203614572853	0.0035475203614572853	0.0018675388084880668	0.0018675388084880668	0.00042509589778376027	0.00042509589778376027	4.455567826765592e-5
0.0075	0.005310736734846107	0.005310736734846107	0.0037235357259049143	0.0037235357259049143	0.0021842182271732246	0.0021842182271732246	0.0009347003179033905	0.0009347003179033905	4.215628077103781e-5
0.0075	0.0053141071650114995	0.0053141071650114995	0.0035121304608487147	0.0035121304608487147	0.0018805453971480045	0.0018805453971480045	0.0005909633315473699	0.0005909633315473699	4.231942657112839e-5
0.0075	0.00529319529751953	0.00529319529751953	0.00365096940869862	0.00365096940869862	0.0023185739252203313	0.0023185739252203313	0.0014221410752985485	0.0014221410752985485	0.0006635362373983896
0.0075	0.0052917202032977655	0.0052917202032977655	0.0036015524812071835	0.0036015524812071835	0.0021321432510822396	0.0021321432510822396	0.0009409708868596447	0.0009409708868596447	4.18580805882762e-5
0.0075	0.005234259659156081	0.005234259659156081	0.003363415255944235	0.003363415255944235	0.001612893517422993	0.001612893517422993	0.0009292455297613584	0.0009292455297613584	0.0004208214455611026
0.0075	0.005280971800545141	0.005280971800545141	0.0036211765728552197	0.0036211765728552197	0.0020649961740677866	0.0020649961740677866	0.0011892173898315791	0.0011892173898315791	0.0005623683268008495
0.0075	0.005271569938173028	0.005271569938173028	0.0034083949282486263	0.0034083949282486263	0.0018375056248553397	0.0018375056248553397	0.0003136447456681873	0.0003136447456681873	4.7759788173888475e-5
0.0075	0.005342422523915959	0.005342422523915959	0.0033126330767864593	0.0033126330767864593	0.0016279073377871614	0.0016279073377871614	0.00019421138964499185	0.00019421138964499185	4.5793602071136904e-5
0.0075	0.005288037557567717	0.005288037557567717	0.0035007447651608297	0.0035007447651608297	0.0018901933360337554	0.0018901933360337554	0.0006999242053319946	0.0006999242053319946	4.089541215140678e-5
0.0075	0.005226863960856337	0.005226863960856337	0.003403123565525089	0.003403123565525089	0.0017286385049493176	0.0017286385049493176	0.001035422514065574	0.001035422514065574	0.0005447391584277702
0.0075	0.005470962061755845	0.005470962061755845	0.0036651086779494655	0.0036651086779494655	0.002018836589823639	0.002018836589823639	0.000623504563139702	0.000623504563139702	4.165999990315533e-5
0.0075	0.005317595298352131	0.005317595298352131	0.00352459491909595	0.00352459491909595	0.001835935388536904	0.001835935388536904	0.0004779251532825039	0.0004779251532825039	4.053332198500639e-5
0.0075	0.005220489357659295	0.005220489357659295	0.0031996760470561643	0.0031996760470561643	0.001469441174693938	0.001469441174693938	4.167917412913986e-5	4.167917412913986e-5	5.123727199785704e-5
0.0075	0.005220088079776299	0.005220088079776299	0.0034095964532691644	0.0034095964532691644	0.0016507654483030661	0.0016507654483030661	0.0005145282049352105	0.0005145282049352105	5.089546844043374e-5
0.0075	0.005273748786416445	0.005273748786416445	0.003574861302567605	0.003574861302567605	0.002042043519099718	0.002042043519099718	0.001266979900047055	0.001266979900047055	0.0005079501407282473
0.0075	0.00543165045277197	0.00543165045277197	0.0035767343486573255	0.0035767343486573255	0.0018716417790345585	0.0018716417790345585	0.0006248677664368032	0.0006248677664368032	4.774954452115869e-5
0.0075	0.005345776506170549	0.005345776506170549	0.0034995416751812227	0.0034995416751812227	0.0019320027559768462	0.0019320027559768462	0.0007601683318346831	0.0007601683318346831	4.217533384842835e-5
0.0075	0.005269903243967482	0.005269903243967482	0.003817175837880126	0.003817175837880126	0.002421755210825942	0.002421755210825942	0.0016641823080562953	0.0016641823080562953	0.0012668521294929033
0.0075	0.005386083405239283	0.005386083405239283	0.0037071071736754077	0.0037071071736754077	0.0023400904267392086	0.0023400904267392086	0.0011513657349705322	0.0011513657349705322	4.264240517451214e-5
0.0075	0.005430581763946982	0.005430581763946982	0.0037825040053857104	0.0037825040053857104	0.0022405412202090268	0.0022405412202090268	0.001068728514704288	0.001068728514704288	4.177116370578046e-5
0.0075	0.005308267940691908	0.005308267940691908	0.0035318980759812065	0.0035318980759812065	0.0016819461127419379	0.0016819461127419379	0.000654680252626628	0.000654680252626628	6.481493309458071e-5
0.0075	0.005257969736285813	0.005257969736285813	0.003450714128331524	0.003450714128331524	0.0019743624440605057	0.0019743624440605057	0.0012988653026739566	0.0012988653026739566	0.0005997222063962731
0.0075	0.005252154689382673	0.005252154689382673	0.0035529002865197987	0.0035529002865197987	0.0018532717930327756	0.0018532717930327756	0.0009071656770066825	0.0009071656770066825	8.890237530283422e-5
0.0075	0.005222851431946627	0.005222851431946627	0.0034205226704255224	0.0034205226704255224	0.0016908019591860507	0.0016908019591860507	0.00035287274720977377	0.00035287274720977377	4.594761525688469e-5
0.0075	0.005453872010845881	0.005453872010845881	0.0037778658951542958	0.0037778658951542958	0.0020891005974951657	0.0020891005974951657	0.0006951600418613471	0.0006951600418613471	4.457142271024721e-5
0.0075	0.005325148952023244	0.005325148952023244	0.003371706795195154	0.003371706795195154	0.0016135993954543336	0.0016135993954543336	0.0005185291075953396	0.0005185291075953396	5.61106455814383e-5
0.0075	0.0053294749725171205	0.0053294749725171205	0.003489261518416128	0.003489261518416128	0.0021808128344779952	0.0021808128344779952	0.000981836746124686	0.000981836746124686	3.995549364134866e-5
0.0075	0.005410580550565866	0.005410580550565866	0.0036200129480496936	0.0036200129480496936	0.0019676242629751337	0.0019676242629751337	0.00048274059197081574	0.00048274059197081574	4.7471143703647635e-5
0.0075	0.005322682679874689	0.005322682679874689	0.0034607162645823313	0.0034607162645823313	0.0021215159093216415	0.0021215159093216415	0.0007709653766911372	0.0007709653766911372	4.099960555848272e-5
0.0075	0.005338484424009423	0.005338484424009423	0.0034706752720242264	0.0034706752720242264	0.001853768494196978	0.001853768494196978	0.0004214479096016867	0.0004214479096016867	4.217759707994724e-5
0.0075	0.0052726698554098304	0.0052726698554098304	0.003422159886983531	0.003422159886983531	0.0017577593268449125	0.0017577593268449125	0.0007572053099805746	0.0007572053099805746	0.00012409493961815056
0.0075	0.005319188907552889	0.005319188907552889	0.003537370784843811	0.003537370784843811	0.001851056665140104	0.001851056665140104	0.0006712232199070511	0.0006712232199070511	4.178554751611315e-5
0.0075	0.0052890409243433936	0.0052890409243433936	0.003560466561027115	0.003560466561027115	0.0020109981423591474	0.0020109981423591474	0.0012112586535197127	0.0012112586535197127	0.0004185878040925013
0.0075	0.00539179759229734	0.00539179759229734	0.0035900629109039315	0.0035900629109039315	0.001987200455680732	0.001987200455680732	0.0009168955222527237	0.0009168955222527237	4.733584429062844e-5
0.0075	0.005347186575723361	0.005347186575723361	0.0034424534416390216	0.0034424534416390216	0.0019203354406448422	0.0019203354406448422	0.0010327868986092256	0.0010327868986092256	9.55762829065608e-5
0.0075	0.005527059762784173	0.005527059762784173	0.0038954372676543274	0.0038954372676543274	0.0029139554708796766	0.0029139554708796766	0.0018690219734321042	0.0018690219734321042	0.0010842772375679426
0.0075	0.00546647247494441	0.00546647247494441	0.0036618023871802735	0.0036618023871802735	0.0020383977415208373	0.0020383977415208373	0.0007454251936832592	0.0007454251936832592	4.250528780526893e-5
0.0075	0.005383275533006704	0.005383275533006704	0.0036181602639183096	0.0036181602639183096	0.0022044443015212124	0.0022044443015212124	0.0010316078230637193	0.0010316078230637193	5.206001152537329e-5
0.0075	0.005317401077941193	0.005317401077941193	0.00341972837067755	0.00341972837067755	0.0016252472813243612	0.0016252472813243612	0.00042161717461568107	0.00042161717461568107	4.635353181523228e-5
0.0075	0.0053458413627707835	0.0053458413627707835	0.003665764629645382	0.003665764629645382	0.002005929529856733	0.002005929529856733	0.0008700363758124615	0.0008700363758124615	4.107935574521975e-5
0.0075	0.00524594959303536	0.00524594959303536	0.003238960081076544	0.003238960081076544	0.0016655954121413295	0.0016655954121413295	0.0003437743925356766	0.0003437743925356766	4.144015092455548e-5
0.0075	0.0054344306684778595	0.0054344306684778595	0.003593759634397352	0.003593759634397352	0.0020043180799467304	0.0020043180799467304	0.0005486978428946805	0.0005486978428946805	4.1895000780215835e-5
0.0075	0.005269192554301275	0.005269192554301275	0.0034019553521833	0.0034019553521833	0.001807964583866405	0.001807964583866405	0.0003856520698591407	0.0003856520698591407	5.171074044183757e-5
0.0075	0.0054444040190036146	0.0054444040190036146	0.0036574059857257544	0.0036574059857257544	0.0021780818651339303	0.0021780818651339303	0.0008985179455778213	0.0008985179455778213	4.17637819700884e-5
0.0075	0.005458344532311099	0.005458344532311099	0.0036796861663950238	0.0036796861663950238	0.002036883099804237	0.002036883099804237	0.0007042268817290723	0.0007042268817290723	4.133554138208729e-5
0.0075	0.005383514954304771	0.005383514954304771	0.0035589151732314905	0.0035589151732314905	0.0020762080459262398	0.0020762080459262398	0.0010975530238142004	0.0010975530238142004	6.302738450598684e-5
0.0075	0.005352860277861793	0.005352860277861793	0.0037619774431623043	0.0037619774431623043	0.002687081138842282	0.002687081138842282	0.001806727196008784	0.001806727196008784	0.0012899998794110928
0.0075	0.005400535718774934	0.005400535718774934	0.003669460373007127	0.003669460373007127	0.0020872053025200363	0.0020872053025200363	0.0008412201354283251	0.0008412201354283251	4.175351112932519e-5
0.0075	0.005313275434472643	0.005313275434472643	0.0035754321841316677	0.0035754321841316677	0.0020109950401752262	0.0020109950401752262	0.0005870093235954406	0.0005870093235954406	4.086559925894691e-5
0.0075	0.005345808004592278	0.005345808004592278	0.0035471815990045738	0.0035471815990045738	0.0019122171886804741	0.0019122171886804741	0.0011572405440306104	0.0011572405440306104	0.0005263801714580703
0.0075	0.005414085460322783	0.005414085460322783	0.0036331615375858406	0.0036331615375858406	0.0021276515625291365	0.0021276515625291365	0.0008189003329928776	0.0008189003329928776	4.103974555677789e-5
0.0075	0.0052535146076180305	0.0052535146076180305	0.0033781820194842696	0.0033781820194842696	0.0014740541280933192	0.0014740541280933192	0.00017128147219625317	0.00017128147219625317	5.317165666004724e-5
0.0075	0.00526084520332444	0.00526084520332444	0.0034113492052153076	0.0034113492052153076	0.0018205722817530095	0.0018205722817530095	0.0004988652178571341	0.0004988652178571341	4.121517570165293e-5
