0.6196857252200235	0.5836594429576348	0.6092070901024078	0.5838890377457867	0.597644900869531	0.5803525590467029	0.6011019864147752	0.5782863303679557	0.6049722645067548	0.5727334700832794
0.6077615054728023	0.5371893506281573	0.6044629371654258	0.5384291793912116	0.5994001395865935	0.5408654000265979	0.6197612877229071	0.546543120590548	0.6096440793070685	0.5534815374907025
0.6161336696576359	0.5319119366805165	0.6161976715097187	0.5374562042061524	0.5978952082806335	0.5454901567229907	0.616142420278752	0.5502251063671999	0.6100248932551295	0.5528708277093634
0.6064264581437148	0.5119381145400282	0.6082907175242656	0.5173442605949675	0.6011091918751108	0.5273037371772176	0.6153981762259513	0.5395422612136859	0.603978389060122	0.5523486018291
0.6138430830173662	0.5371898930485989	0.6015015207432323	0.5399673904074231	0.5982656074818956	0.5450293162313641	0.6060361011695691	0.5527004972946781	0.6206789529543332	0.5580181771707434
0.4731873087221205	0.5260213913131845	0.47498167248875783	0.5289159451183796	0.4697549642053755	0.5356920794004938	0.4613318660312143	0.5457087443893595	0.47804248805545235	0.5521557412394774
0.4794492157712316	0.5814337780305636	0.47321035223533153	0.5847827817877592	0.4703297569139392	0.588897931010006	0.4614479029320024	0.5924557464016174	0.4622167132310894	0.5929267588209466
0.461721532823825	0.530320988502557	0.4638121221214249	0.5363990512524142	0.4686603219269056	0.5453487569374585	0.46135263696965667	0.556688037037544	0.4664318503757592	0.5671245703812959
0.47478759298388046	0.4973571953041837	0.47136717262373534	0.5040643173258246	0.47072719658731366	0.5152452421163212	0.4694272966859882	0.5284476068308502	0.4670620173958855	0.540071517445067
0.4757270723067514	0.5456511664853532	0.47491103127503054	0.5495807512631227	0.47243510936041916	0.5548789020968642	0.46137606086280813	0.560545038598138	0.47951234462293213	0.5683776283868018
0.4709572777374365	0.5557474933917159	0.4612122618439677	0.5588944752295121	0.459850025853093	0.5650520198167247	0.47269241319386807	0.5672527671703187	0.4661818667366372	0.5676621704561275
0.461721532823825	0.5296148039664156	0.4611563812582483	0.5340070432487579	0.46966625488992086	0.5400875985276667	0.4613413765850748	0.5448346669266922	0.4621138263843295	0.5515741959263982
0.47239521287568653	0.5244064885368719	0.47331660919919616	0.5286042172065567	0.459784694541778	0.5331903987194653	0.47450419352304296	0.5399392939797983	0.47533664842094553	0.5469278169191183
0.47456419050884263	0.5479662521031426	0.4714896456780903	0.5483971284447158	0.45982748448940963	0.5504191748021166	0.4613631195938073	0.5501863455160912	0.4621246960787845	0.5499381797043149
0.461721532823825	0.5138020326537587	0.461122398826381	0.518073967547674	0.46547208437077026	0.5270995530878819	0.4772841267022147	0.5404178010639443	0.46761197029231655	0.5514740400336235
0.47188345967451456	0.5151423169605852	0.469488087527943	0.5170223462723127	0.47994310063409695	0.52326798376353	0.4613069440242684	0.5330885526777761	0.46209081225492216	0.5417545272037816
0.461721532823825	0.541917129299675	0.46118252351244704	0.5443041551452973	0.4598181658164857	0.5487052524813574	0.4712140939450352	0.5573301126535383	0.4685354914135732	0.5689425674100222
0.48219408896652266	0.5301532214506678	0.46115736611164876	0.5349519388643816	0.4597980185938201	0.5417720947538492	0.47050088453183375	0.5505505360847919	0.47188628294587204	0.5579820306045056
0.461721532823825	0.5446869253869664	0.46118824808290054	0.5489279534318937	0.46561603382511035	0.5514637508716457	0.4613683287872242	0.5534443583958687	0.4621352767292304	0.5569919026777491
0.461721532823825	0.506345524052313	0.46286035933140757	0.5121724622159852	0.47245903191793354	0.5184707956165522	0.46129949867477776	0.5276904403124182	0.4713436376317522	0.5373111382957793
0.461721532823825	0.5643864326953669	0.4733815442550816	0.5659081041961673	0.4669057317037591	0.5675716576489999	0.4613999094590019	0.5675393023025994	0.462161399249187	0.5671165578950084
0.461721532823825	0.5526778752750623	0.46120572940259774	0.5559102060098875	0.4712025374132542	0.5623727509601545	0.47070347274569163	0.5691326480253375	0.47088941106859566	0.574197312088577
0.4739986134060047	0.5315838276921647	0.46650693844958596	0.5348511551010527	0.4726370996855628	0.5391941620771796	0.47032282788008356	0.5448998472505736	0.4621137972625278	0.5516627929741759
0.461721532823825	0.5440038802426768	0.4611871737100462	0.5477584102396906	0.45982604847433534	0.551919291126283	0.46136648819185816	0.55363082803773	0.4621321408317593	0.5569034695891739
0.47002938140494194	0.5152227907639606	0.4697681129316893	0.5164103106011217	0.468394368462257	0.5195013632241051	0.47186822041964077	0.5264093719118759	0.47248051859008733	0.5347244382771156
0.461721532823825	0.5360573901919171	0.4659375422108656	0.541732650992626	0.4670454528040351	0.5489767049994613	0.46760135951580745	0.5633201909371606	0.47326241833661475	0.5755202198091031
0.4774312889600297	0.5337235742892418	0.4706748335181799	0.535509999144442	0.45979930886708714	0.5395851161153267	0.47109546825653253	0.5473457881456006	0.4621204348440169	0.5576208374590809
0.461721532823825	0.5114432849025763	0.4611174383044723	0.5092779101307549	0.4685321429321583	0.5119985332808094	0.46939872099479973	0.5163316764879601	0.4693327621224115	0.5238330578620993
0.4743768658103271	0.5054303103210849	0.4652338284230831	0.5136429490695983	0.46697499619549676	0.5212336180427536	0.46130294528011057	0.5303225498689623	0.4736850564826761	0.5383769660431829
0.47198008156739235	0.5231767682360257	0.4806419256533935	0.5259752217985939	0.4734012535899573	0.5330925579529534	0.4666453013331405	0.5426947483246042	0.4678479791442451	0.5483427655476886
0.4657591860799322	0.5339002238946744	0.4611655486801441	0.5401312290136836	0.4721876907494735	0.5449886413632693	0.4742056401534986	0.5512492145079798	0.4621272448017146	0.5597338008080315
0.46789316625911137	0.5163043075125587	0.4611276434218396	0.5193721675081383	0.46693180939176865	0.5272383148588093	0.47211564036191905	0.53923542722928	0.4621053110410264	0.5521351523347168
0.46889369345542625	0.5302776345323983	0.4663068020063947	0.5364144907818075	0.4647573511735152	0.5447583521111197	0.46871936672210457	0.558777518832446	0.4621430234110041	0.5718765290887479
0.47517558376179897	0.5509034567577444	0.4754840167828491	0.5541571270743977	0.47204163370122276	0.5591739982205303	0.4738632485930967	0.5599357805071695	0.4730609581387896	0.5640214844032104
0.46891501498232463	0.5286186547660114	0.4611542592132002	0.5326650257588114	0.4689236974083183	0.5377077741126193	0.4613361363906136	0.5445329437647748	0.4740790069146138	0.551217695885438
0.47051149282358373	0.5283641706246566	0.46115371478985656	0.5318470994900704	0.45979171996146667	0.5359410659740323	0.46133240675519266	0.5423514726409678	0.4702202330359355	0.548021019503917
0.4737142217368836	0.5268727436906143	0.4725237127714903	0.5322657074497936	0.45979258142901575	0.5402512679013296	0.4671017972762576	0.547653392745862	0.4730747368940263	0.5587122630412978
0.461721532823825	0.5048943884292758	0.46110315945679636	0.5098219213357974	0.46870422530770145	0.5175923709597283	0.47547927127558937	0.5292709269836423	0.46208572225133154	0.5397102626082491
0.461721532823825	0.5205569351426484	0.46489437404327233	0.5254697755109063	0.4665802149795614	0.5328247544129421	0.4700291765963501	0.5441866500185235	0.47173184678956626	0.5531299713748073
0.4697172290442871	0.5580078232960993	0.4679345831584829	0.5612737241385367	0.45985516323743436	0.5637787695895944	0.46139186043895425	0.564002914477516	0.4621540141996457	0.5638822521677819
0.461721532823825	0.5505914748737509	0.46120088212394655	0.552465875289512	0.4598362453421744	0.5568661201297904	0.4613795411620154	0.5640818612872734	0.47180554221032667	0.5699889295814573
0.47689826039175665	0.5348802353816566	0.4611676658366111	0.5356604445716844	0.4597999664341321	0.5412778758188903	0.461343720460241	0.5498449590682751	0.47341961950829586	0.5561971396016027
0.47010958117062307	0.510324143309053	0.47490331038840256	0.5154371190943638	0.47262260191977845	0.5237694112936138	0.46130665394224335	0.5347047406143193	0.46209259216900356	0.5439553120105732
0.4734413439779716	0.5496161472161775	0.4687389163581514	0.5541784155121176	0.4598398661414251	0.5578939194120323	0.47113008153802943	0.5596667674353852	0.4698424991656802	0.5642085111174018
0.461721532823825	0.5353143501937682	0.47958585127145137	0.537130507745191	0.4598031412476451	0.5399592236221109	0.4613408964628903	0.546773105072672	0.46211761055430545	0.5525039758439263
0.461721532823825	0.5359144958126293	0.4611698673732565	0.5387785943164415	0.45980670052875816	0.5433512391985611	0.46134811404827347	0.5517517757277883	0.4702600352251078	0.5584501031969916
0.461721532823825	0.5447744679128119	0.46639535489072487	0.549002093234868	0.46932060193271297	0.5542351034327058	0.46137164860446855	0.5535135969339939	0.47268354696596604	0.5512814893479696
0.4679229377638678	0.5286408983887336	0.46115429786885886	0.5343751367268085	0.4597971142593157	0.5441563306356579	0.4689324139542319	0.5563229166660193	0.47149133202168436	0.5689229849177869
0.4694038543528035	0.5623948602249177	0.47459943254999104	0.5603309284890194	0.47377646631347375	0.5616823553794656	0.4613878150417673	0.5651998935682259	0.4621570620676128	0.5678087408161893
0.47415574304393643	0.5652648170115069	0.4741456831974651	0.5619358232259606	0.48101136309202325	0.558823736423403	0.4727526504177598	0.5597905667892175	0.4621457088189033	0.5655684155547555
0.4678528779366859	0.5166886216531423	0.4701123627919651	0.5208874887646666	0.4699862115504457	0.5304636614981368	0.46132083110840183	0.5420612553923376	0.4696885388311518	0.5506944060589699
0.461721532823825	0.5350905716710999	0.4611681047325573	0.538483945937649	0.46849913938095666	0.543177997864059	0.4689936204418051	0.5506820360897199	0.4704137990321963	0.5581599270037052
0.461721532823825	0.5044315564033691	0.47048300932219544	0.5058255120923525	0.4718208659506221	0.5105023130078125	0.4612799641827099	0.5186537280482887	0.4699558741487345	0.5265856352847239
0.461721532823825	0.5291533674873677	0.4611553941482571	0.5338076786201578	0.46691654770325075	0.5407029850865307	0.46134272977273255	0.5489830520823508	0.46212249320804916	0.5561393679515761
0.461721532823825	0.5053501728808015	0.4611044703408405	0.5124602992326065	0.4674896253706833	0.5224816025790814	0.4714177467126016	0.5331492798512062	0.46209661901598736	0.542479064157707
0.461721532823825	0.5487002928973423	0.46119699669033215	0.5514965222602692	0.4658536528999586	0.5552952742994899	0.4705205256555859	0.5617812485164938	0.4672611333234804	0.5674277135685608
0.461721532823825	0.5172651629158499	0.46112975850310955	0.523067247166702	0.45977253656938827	0.5303185633832082	0.4613228372704285	0.5357282762053102	0.4709724854423824	0.5406020766293107
0.4685355580746242	0.5388037149166841	0.46795593938255553	0.5432595355072042	0.4673470587041549	0.5485364213735358	0.46736604485077143	0.548762112076138	0.4621268548408169	0.5509253475376479
0.46991495967862396	0.5181643508667847	0.4742352939624863	0.523507638086398	0.4597736772499312	0.5291363018676278	0.4613180268996529	0.5358577487429907	0.4696833528426436	0.5415437636385557
0.4764069076781865	0.5565867537021028	0.4612140685710256	0.5598857117374912	0.459852167056335	0.5649364423625226	0.4682894011100626	0.5654408197136968	0.4621569222753497	0.5648966349727427
0.4695989405037405	0.5291563608396096	0.46115539869169575	0.531652094397223	0.4597912878218729	0.5352084297141865	0.47024626428554306	0.5418438642993514	0.4621073940525434	0.5504368728251003
0.4738183894929239	0.5357519876958109	0.4611695197157273	0.5391064405505186	0.47036719798030324	0.5439952185177286	0.4774588823931453	0.5512028301670765	0.4621268618717977	0.5575273444838005
0.47235592094115036	0.5242273572628511	0.461144222711394	0.5294670734472593	0.4687243986082002	0.5367410870404166	0.46133429507885715	0.5431593201156746	0.4621170195509725	0.5533362789843367
0.47202329385104247	0.556285152334145	0.4744196911577631	0.5605852431320398	0.46876250655235124	0.5630696435737054	0.4613903555761571	0.5636940526832863	0.47027886237195127	0.5636542722935546
0.461721532823825	0.5388014047610566	0.4611760766610295	0.5442183322646235	0.45981845914984504	0.5476195085175647	0.46135709387410595	0.556919172402431	0.46836190866671185	0.5640175764115672
0.461721532823825	0.5427927504149584	0.4611845605664796	0.5471044625606615	0.46899499948477025	0.5546498668931847	0.4613723808956467	0.5659157252451348	0.46912540751705323	0.5780689559324274
0.461721532823825	0.5409396005705216	0.4611806177024884	0.5446003341448403	0.4733609594382981	0.549481577688595	0.46136116009984995	0.555174317095656	0.4621351776858163	0.5568886324474883
0.47227812362208144	0.5680216867705511	0.46123845801878255	0.5652292625618677	0.47624657788073005	0.5619408988838002	0.46138829295840267	0.5608491641947401	0.47483931024709586	0.5623532563184765
0.461721532823825	0.5151563438667975	0.4769233563852734	0.5195999009582859	0.46871528231870085	0.5269584001123006	0.48204550021655174	0.5369757342103261	0.471522155550676	0.5464986109476812
0.461721532823825	0.508391313447641	0.4611109761852089	0.5142612008865666	0.4655887141278221	0.5226337511281014	0.4704766038901043	0.5335334988774509	0.46209014721664443	0.5428548702534942
0.47149950007424907	0.53968892489501	0.4690539229871482	0.5395315847530873	0.47308138751895473	0.5406359918638578	0.4718994617179394	0.5419803442336356	0.4704152924558325	0.5439960154577616
0.461721532823825	0.5028526027307455	0.46109902055952545	0.5048554053823803	0.4597331523444982	0.5125861529143412	0.47022572457380485	0.5235907154552579	0.4620711103464776	0.5341395409716704
0.4742967773842801	0.5112913305045257	0.4715611169035146	0.5178811349726434	0.459761529465433	0.5272818688559177	0.4720322970548751	0.5388684898072702	0.4712798423266615	0.5484585177870723
0.46821114094091226	0.5388854035297208	0.4611759333860441	0.5415917001609889	0.45981274393249255	0.5484652512036956	0.46136153900351956	0.5566485209537078	0.46214130336864634	0.5640025425014457
0.461721532823825	0.5642519056614272	0.4737304983590443	0.5705151931951504	0.47620663527279483	0.57383413885958	0.48140812037244757	0.5766415144802775	0.4739418683805816	0.580923419809986
0.461721532823825	0.5599234103484335	0.46122120629876	0.5644990589592634	0.45986213920064545	0.5689775469704086	0.469593088199369	0.5677445596709884	0.469578385665794	0.5668543974852337
0.461721532823825	0.5426268775560034	0.4611842279790415	0.547254493102766	0.46525790137748063	0.5551007316699198	0.467890440972957	0.5684670023335979	0.4715907538662716	0.5792587648192692
0.461721532823825	0.5504668395355178	0.46992034870038885	0.5520247418914224	0.46489068862005095	0.5558150827898272	0.48063503383633904	0.5599103094397854	0.4621449885400173	0.5615954091566467
0.4745049689422493	0.5332234565294527	0.4611641103689813	0.5351894137818208	0.45979894917527453	0.5380289087103405	0.47711634690455057	0.5429034497462149	0.4721494531052378	0.549520113928826
0.46600835462019863	0.5241999490080873	0.47032520732390815	0.523056001839158	0.4672612859693833	0.5181512916451438	0.46129528243530027	0.5225402385985278	0.4690783190400147	0.5314768664145381
0.47444721461384526	0.523502506530007	0.4726439649361744	0.5275826135552668	0.4597824993690667	0.5333970520303652	0.4719674911506845	0.5407180071702974	0.4621050431488703	0.547198550806662
0.461721532823825	0.5363579242966402	0.4708376136434946	0.537165358002776	0.45980305003982896	0.5431221569178366	0.4714974294383799	0.5519234952052866	0.47599464379308376	0.5577828748669343
0.461721532823825	0.5194346588118799	0.46113401153855765	0.523708055742367	0.4597751140749697	0.5303536915421443	0.46132565928567987	0.5394414010074645	0.4621090426688886	0.5476664140371142
0.461721532823825	0.5681986705832056	0.4723079633380705	0.5722483797108863	0.4790889503284164	0.5749758779587428	0.4614156648109248	0.5782628203349138	0.4721525672034299	0.5826135601626088
0.461721532823825	0.5791744039032656	0.4759512547503358	0.5809665527604	0.4598975975486956	0.5791235320323459	0.46142460028514787	0.5787056378500194	0.473843341498574	0.5804561147330491
0.47409214596318183	0.572061980629557	0.472057186277119	0.5672940277477513	0.4598691159286464	0.5655028465320096	0.47293816224972907	0.5668357354175791	0.47078446047446065	0.5692460382616646
0.4727793850531507	0.5624192085888665	0.4750496239327025	0.5682175759038375	0.4598711094982796	0.5745588573978745	0.4820805851058771	0.5793399011871239	0.4621911914214955	0.5830585915554579
0.4777828782983794	0.5762110647112862	0.47476131295988505	0.5769405083348347	0.46638645200965373	0.5736753559008052	0.4614130369786658	0.5744469928816154	0.46791821407730916	0.5748409854185783
0.4708577906529109	0.5319297330469268	0.47192771225639124	0.5316230678483088	0.4597909732194374	0.5339102592006482	0.4730198629171572	0.5410202452261167	0.47178289807470297	0.5463301404366331
0.4714832163072541	0.5426236080181221	0.46118363991220096	0.5430285525398071	0.47302032905003955	0.5454902450704409	0.4753668739968073	0.5509683370685309	0.4712227680225911	0.5586335077094627
0.47219417909283357	0.5368009011985346	0.46117175267732663	0.5405162725578485	0.4645116932226639	0.5465946165730803	0.4673740850364144	0.5549750994588891	0.4621348442611175	0.5607085001070227
0.4757968520578809	0.5747313740038891	0.4612528215317675	0.5765434251296978	0.4776030715930843	0.5752913968379041	0.4614164706679047	0.5736403408757198	0.46217441392223785	0.5736251237710409
0.461721532823825	0.5119932100810904	0.4611184824520459	0.5176194017472902	0.4657833961655777	0.5284416575503078	0.46925558976061277	0.5402783067601574	0.4745839476147394	0.5501649728470371
0.461721532823825	0.5342606435582767	0.4611662977911223	0.5391594197517833	0.4598074017207156	0.5451262965585517	0.46708772339704596	0.552931182531616	0.4621309321427416	0.5584595314427165
0.4690679275431238	0.5470485944457101	0.46119367585089216	0.5504916240890612	0.4685495578325897	0.5527168693905931	0.46136817048371065	0.5553801036990644	0.4698604170200063	0.5613473798113817
0.4684048648856168	0.5481934825377582	0.47443138629067816	0.5490248147346569	0.45982882871868075	0.5505469078734851	0.4685225661744225	0.552052514438779	0.46212862650844816	0.5537042946950443
0.4740382936469874	0.5211700860069246	0.47868643615991846	0.5229881971225318	0.47528964057777096	0.529715295878321	0.47409357640731314	0.5394335567294081	0.4621039890044694	0.5485074128551588
0.46892569387221006	0.5157714417276904	0.46970336597233264	0.5197654610403433	0.464748430497777	0.5263944061238595	0.4613122128518604	0.5336256000266008	0.47206073960208467	0.5393836397263857
0.461721532823825	0.5410181823174449	0.46118078581434685	0.5441981529543275	0.47287210342654995	0.5488236508746333	0.47503509782792985	0.5562412930128073	0.48084680231443583	0.5627451369774124
0.461721532823825	0.5212470794239442	0.47098829095963934	0.5206670898198218	0.4673995763962215	0.5221282225788182	0.46130419986366517	0.527739671679411	0.462079317937384	0.5336776340522044
