0.6126834210505391	0.584049661461534	0.6128355530032888	0.5820321644205749	0.6069176131388784	0.5803129246580685	0.5994612884532817	0.5778954892784858	0.6043291313819535	0.5717448827147802
0.6024250094000416	0.5380865151829213	0.6105584886815557	0.5391454735493825	0.6022877698039852	0.5424385278276621	0.6148787735211984	0.5474688676061081	0.6045937899080344	0.5572276604957728
0.608919568648635	0.5334466372459447	0.6144792946671243	0.5401127221328511	0.6051431693991899	0.5469560422354863	0.614242103756881	0.5518322250375863	0.6086604280370514	0.5537730188593332
0.5971332612960063	0.5127902734433794	0.6110157674722536	0.520182387923475	0.6051318853187381	0.5295768970509959	0.6121399922567662	0.5413837518254658	0.6097954636278374	0.5551662523027587
0.6016094567199132	0.5372971763786899	0.6048627517556994	0.5414466336588339	0.6037650741544173	0.5468680842876661	0.6005016344176473	0.5541436674080309	0.6150368203908473	0.5590490967044074
0.47359333719930313	0.5271631629283062	0.47693055370760146	0.5308021116613678	0.47474628963473514	0.5388805990442485	0.46043552629882606	0.5470457218155805	0.4699768307053846	0.5535452374490905
0.47127256375281434	0.5825524321615336	0.46727850395032866	0.5857924188670032	0.472922295217747	0.5903038315188579	0.46054946986471723	0.5928049244022751	0.4613092716590812	0.5930837157621738
0.4590760411469221	0.5322379119101935	0.47230738611154754	0.5385276772667867	0.4728642916051868	0.5480029618745826	0.4604553751943627	0.558155346290307	0.47092892651387463	0.5703571173635413
0.4704112757677129	0.49947930225803805	0.4700723078241015	0.5068787290241153	0.4685814291245588	0.5183999729605354	0.46839144367587865	0.5302940053319654	0.46749409156628025	0.5432691900590481
0.47435590758161855	0.5478875640421418	0.47617246374246547	0.5515212692039917	0.4710981619147791	0.5562448736079003	0.4604782841874912	0.5640478709543565	0.47684730459716823	0.569765760226981
0.4678625096517416	0.5556870867615821	0.4619555392852407	0.5630792076574914	0.4599301960568113	0.5650903476693828	0.4734655121705343	0.5674085296305383	0.4653965479941931	0.5664964706195629
0.4590760411469221	0.5300437998409697	0.46190196372211495	0.5362939000541004	0.4675414060697002	0.5408444575792947	0.46044000588384365	0.5440829251938134	0.4612041879665997	0.5510335872111762
0.47380833746125933	0.5251812475871522	0.47365533252384817	0.5294534527453113	0.4598585448921792	0.5353619339798797	0.46688478221220175	0.54044404150248	0.47228129143399583	0.5488031165173529
0.47460978156106115	0.547998792688082	0.47516459528307664	0.5494722163791386	0.45990073550429866	0.5502370463683841	0.4604597102903864	0.5501292155207769	0.46121708623960483	0.5502892816028336
0.4590760411469221	0.5155697749625354	0.46187204825282907	0.5208527317572194	0.4706847019435223	0.5303065173397372	0.46751510698505444	0.5422096557383754	0.470076814826756	0.5541365958469151
0.4719669681748753	0.5166069208239095	0.4769692941526325	0.5181385879316175	0.46958957319822286	0.5254663468006384	0.46040902165755204	0.5342436886406349	0.46118399062300736	0.5446084182883129
0.4590760411469221	0.5429648699712093	0.46192931388517	0.5457080072657504	0.45989564037106784	0.5506367044211318	0.4694781973039534	0.5591107867325431	0.47029557028307745	0.5718633090410022
0.4693536423096138	0.5314417231824543	0.4619052278351669	0.5368579541633539	0.4598770747060774	0.543869838174648	0.475636904111085	0.5511325247738186	0.4743593403059823	0.5602099672881776
0.4590760411469221	0.5455211555032867	0.4619353623480691	0.5496162342406045	0.4689830309005422	0.5516170342226538	0.46046696994850267	0.5533090444812968	0.4612254320183231	0.5579861057910045
0.4590760411469221	0.5071459536952481	0.4689884060503278	0.5139685277148431	0.4666498127221885	0.519566917695243	0.4604005174455818	0.5292752453085257	0.4711878609077181	0.5395539207227317
0.4590760411469221	0.563646955915591	0.4686490668329451	0.567013893015105	0.46952729096277485	0.5674518765785561	0.46049695764789556	0.5676050224154136	0.46125386061794726	0.566664620402664
0.4590760411469221	0.5535637538499101	0.46195116702788336	0.557684399441821	0.4675301199826489	0.5638995157685761	0.4674037314789667	0.5705284700652757	0.4709107784706481	0.5741070062817989
0.470999510185746	0.532499104936193	0.47159595942009275	0.5364470077001887	0.46345269424831687	0.5402984650225394	0.4679502139387138	0.5451043504251185	0.46120641625847614	0.5534996192665699
0.4590760411469221	0.5449663385444276	0.46193318935577093	0.5498799747362169	0.4599019656778762	0.5522528704070719	0.4604642797798779	0.5535533024647902	0.4612242453272108	0.5561756833532621
0.4759711612725723	0.5158628952117906	0.4697584949735184	0.5169311340725316	0.4669908608681214	0.5211561850552053	0.4725451035508461	0.5278539095855647	0.4687201590327492	0.5370079512251241
0.4590760411469221	0.5373982513597512	0.4759811514030988	0.5423402363064972	0.4695863018776167	0.5521071644364085	0.4738852029949708	0.565780045920673	0.4729056080712061	0.579172778712554
0.47607555592108153	0.5347107495133561	0.47203254567294317	0.5361695779183749	0.4598749060683227	0.5411742217702268	0.4720910280693232	0.5489662882028388	0.46121501183121466	0.5608650812794799
0.4590760411469221	0.5088499243197288	0.4618574770063762	0.5089550841028897	0.4672911245326141	0.5115678861593624	0.47132389718359197	0.5165998314743473	0.473108830534144	0.5250839378755859
0.46526149781192094	0.5062796386562445	0.47209246581717323	0.5147723656492412	0.46923323929510463	0.5230546306281011	0.4604044019371852	0.5310984735456865	0.47292998779997564	0.5391176178454042
0.46966912577880027	0.5245527972457534	0.47495624097140987	0.5269974813997693	0.46674267208541537	0.5356337300164331	0.4701281197608921	0.5433812410941651	0.4722424589095782	0.5499773315856127
0.4673714936487474	0.5355302003225622	0.46191344804321655	0.5416213934122384	0.4706885681767095	0.545901848381458	0.46946454868774345	0.5524617395215115	0.4612219011569909	0.5605309873558791
0.47328845283505727	0.5165010023496899	0.46187471700952765	0.520874232705826	0.4718951316365213	0.5303359684808794	0.4680658152012625	0.5414519324637563	0.4612002739642061	0.5544033306125246
0.46758074342229194	0.5318733603191168	0.47174112591754336	0.5383206979088001	0.47139902032632724	0.54844940581691	0.46622327270954916	0.5611663479656932	0.46124030211371675	0.5753258409407251
0.4652824919902012	0.5510132125129945	0.4721927212964889	0.5546788213238515	0.47029581733251075	0.5572983378181035	0.47436464518598503	0.5572159805234321	0.4704695746461306	0.5642725511235872
0.47100128502950483	0.5311037197504915	0.4619042402830965	0.5340062791416607	0.4728416183136775	0.538997591973663	0.4604357758810541	0.5453811111961637	0.47279754619136916	0.5533170783259433
0.4681185170729833	0.5304761646312812	0.4619029064626622	0.5328121482651795	0.4598656332130134	0.537076285814648	0.46043172384139114	0.5430974381053741	0.4715217692995212	0.5503822483801822
0.46295825353482933	0.5280450996252416	0.4742125003762019	0.534638788451518	0.4598697227218834	0.5403662668856939	0.4688245793516098	0.5485677301992331	0.46805268744003065	0.560754175359649
0.4590760411469221	0.5065797002851503	0.46185447301873256	0.5115460405259178	0.4699015291796452	0.5200636238600441	0.466287840475248	0.531202007412278	0.46117921949319907	0.5425195459439293
0.4590760411469221	0.5218426093236683	0.47047229112458777	0.5274026143304644	0.46680303858872185	0.5362164234224843	0.4660842941392578	0.5456225199653827	0.4674925071063939	0.5566482269373573
0.46461723117590403	0.5588014219432644	0.471872890098791	0.5624051098128509	0.4599286797459704	0.5637694345625082	0.46048908244142545	0.5635283037274512	0.46124525556939777	0.5637803803838486
0.4590760411469221	0.5512746341541609	0.461947345340729	0.5536116122489835	0.4599145442297046	0.5585794604872206	0.46048158324434685	0.5652106260883146	0.4760932688022813	0.571672580902371
0.4611698972173686	0.5341645562295649	0.4619106633068541	0.5364343117539869	0.45987321072240506	0.5443055629476871	0.46044707693593045	0.5511109654825485	0.48280852592608625	0.5578636959427874
0.4686987049611819	0.5111127315996274	0.47235914725980604	0.5173117473586454	0.46636478186593944	0.525423540746986	0.46040702048663784	0.5354934983509448	0.46118600523359804	0.5463716226828108
0.4730947411568514	0.5494634199395849	0.4737737039812604	0.5565134065591208	0.45991607624562286	0.557072116243425	0.4661591340030809	0.5610410623469049	0.46886189601027156	0.5650636231336135
0.4590760411469221	0.5361489166350851	0.4777411629291955	0.5375134885119276	0.45987550518135084	0.5411215352372472	0.46044028368666257	0.5473326901875246	0.46121114319346485	0.5540309269632345
0.4590760411469221	0.5372044174369945	0.4619170208102412	0.54039525988381	0.45988158947703944	0.5460469793897326	0.4604507811771375	0.5526091466011539	0.4716075417506687	0.559969837495611
0.4590760411469221	0.5454544438155878	0.4744688490790053	0.5502739768325846	0.47517421918039277	0.5548497354083842	0.4604701658161757	0.5541556839390719	0.4698327804829503	0.5522752042636199
0.4722486991471077	0.5295719075740128	0.46190097879960507	0.5367495666347192	0.4598743243185629	0.5459337079663925	0.4702715735702354	0.5587406345479838	0.472482233088086	0.5729098944230752
0.47185308179717167	0.5622141034716605	0.4728131701072948	0.5597270792299914	0.4676353803800713	0.562130358366919	0.4604861728574988	0.566155064279733	0.46125107580091573	0.5672147308007828
0.4714779671117651	0.5655529299415477	0.4741955223661889	0.5612564147128547	0.4766909746854867	0.5584939734965159	0.4764986172073938	0.5606722174655229	0.46123947226205186	0.5666719875562506
0.47168592337675447	0.5178128294022396	0.4712656207865549	0.5234369682770474	0.46586672161927856	0.5330110695737644	0.46042309019189165	0.5426348943602111	0.465751122855742	0.5513821031257641
0.4590760411469221	0.5359412636914275	0.46191435722648566	0.5393135361621658	0.47404593814356155	0.5453028217809065	0.4692343965437749	0.551745991633045	0.4767603664708289	0.5591527238962428
0.4590760411469221	0.5044174075923509	0.47571179496659943	0.5068107896931158	0.4714743943967364	0.511547374751678	0.4603795287446398	0.5199371362985789	0.46626093718702394	0.5280879258301737
0.4590760411469221	0.5302427609572354	0.4619023815221536	0.5361982131322202	0.4657448692296434	0.5409932407690176	0.46044041449972517	0.549715732448425	0.46121605517592745	0.5584049160877163
0.4590760411469221	0.5072776798207334	0.4618543853614565	0.5148146830895692	0.46683294069473397	0.524365306378758	0.47138946070258236	0.5349407712058551	0.4611884472442743	0.5453552069649559
0.4590760411469221	0.5494891377952199	0.4619430485846585	0.5522918731472394	0.47617688624808724	0.5566319665839679	0.47290807621200953	0.562787615835066	0.47600727069516213	0.5692809721205571
0.4590760411469221	0.5188421050115983	0.46187931460596937	0.5256839487554936	0.4598548727980206	0.5309824554077627	0.4604222330004793	0.5362828014533666	0.46961052103392226	0.5419019575190116
0.46519012540254157	0.5387906812349205	0.4719405168663889	0.5460110305481162	0.464425022518309	0.5483278113471118	0.47177766010387895	0.5483066483669778	0.46121567707806127	0.5513819562236179
0.47125480540603776	0.5187291293064815	0.4723217772990736	0.5249703437153387	0.4598491531181168	0.5298682058299584	0.46041644761727946	0.5364318477567035	0.4736612953051077	0.5427071238703113
0.46957817963387816	0.5569747312876586	0.46195825450863925	0.5624730724341471	0.4599287651663987	0.5659195214088178	0.4678956374704559	0.5656538550388072	0.46124977714945703	0.5653505652442108
0.4723550261439778	0.5299627420433258	0.46190182212278924	0.53251510340958	0.4598650170064807	0.5361354406479509	0.4824029803215804	0.542775072641178	0.46120150735671567	0.5524638158004794
0.47430313545079955	0.5366362240497414	0.4619158106245739	0.540406555815189	0.4691099699763067	0.5454188074760195	0.4774551598201697	0.5526459654009985	0.4612223808711279	0.5602683647303244
0.4644288464169214	0.5247036331864827	0.4618936753321474	0.5306226721631939	0.46867831007612654	0.5354243603208214	0.4604363993604658	0.54407058092696	0.46120788428763915	0.5538404536790944
0.4716507528324776	0.5563795901109236	0.471413107378948	0.561813928967772	0.4674265348607013	0.5629129480555298	0.46048726950792357	0.5632578480887942	0.46926998933536795	0.5639065558188335
0.4590760411469221	0.5423216063421495	0.4619277438423861	0.5472998423970131	0.459896030055369	0.5517637372117611	0.46046283757353806	0.5580295441166738	0.47090824916244745	0.5662427735031336
0.4590760411469221	0.5442649641984918	0.4619316794992112	0.5489911271428839	0.46750450491739853	0.5574099377703811	0.46047544219270886	0.5676440834870414	0.4692579340624805	0.5799056659658405
0.4590760411469221	0.5428878923115026	0.46192888498758417	0.5453028694582519	0.4706855035661887	0.5504660093204916	0.4604602421501186	0.5557949235681864	0.46122905923328966	0.5576586531692713
0.4737502732400217	0.5673332712231561	0.4619797147437358	0.5639059516865019	0.47361019997401504	0.5615062770772913	0.4604847571715458	0.5610856572651559	0.4698446348896224	0.563307216655487
0.4590760411469221	0.5163211269921275	0.47503567192146373	0.5211750783012367	0.4697707909107151	0.5285351220161357	0.4707498369299421	0.5381122641349825	0.47115887470711304	0.5496331882815912
0.4590760411469221	0.5098290438123377	0.4618597104778891	0.5164439414549155	0.47030461088240505	0.5244294700103118	0.4668410529794049	0.5350367768478722	0.4611850492937902	0.5445521708315072
0.47021019474670894	0.5395649519640017	0.4693621670321806	0.5400922814423378	0.47086139014506734	0.5406209917024237	0.46565754200334214	0.5427568560255617	0.4810099052184049	0.5448926845763405
0.4590760411469221	0.5026569825561102	0.46184490160782904	0.5066558516356144	0.459813006920411	0.5147426249333364	0.47081967036812983	0.5250730365818462	0.46116460934113196	0.538481212084864
0.46822448143415585	0.5130221084592463	0.4724133085628699	0.5202272360928671	0.45983925094012	0.5295122312157503	0.4724675652208645	0.5402538832462307	0.47731946009479276	0.5512850855332869
0.46617305300155504	0.5407641679193642	0.4619252521913457	0.5444603185589475	0.4598946783824263	0.5506682656367138	0.4604642749437978	0.5582225838066125	0.46123552930431727	0.5640887112474604
0.4590760411469221	0.5660421105205695	0.48042513166399103	0.5716748811243327	0.4776620470550298	0.5744331885854613	0.47453209253351364	0.5774641110488753	0.4748292477800248	0.582841494580099
0.4590760411469221	0.560045158845264	0.46196466326816404	0.5669245661182242	0.45993820464172946	0.5679640800009631	0.47006555713657155	0.5670208541688915	0.47229982835204914	0.5669670965089878
0.4590760411469221	0.5438105240976472	0.461930760470117	0.5492337161277999	0.4664855934368052	0.5584914043333412	0.46919198790525257	0.5698331043983892	0.46970842998903545	0.5817232114991863
0.4590760411469221	0.5527010979374186	0.477921392058792	0.5521771541353794	0.4679562262828899	0.5566593277307981	0.46902465757450174	0.5596204658592626	0.4612371921522152	0.5622585645469543
0.46742558138018225	0.533663186728812	0.46190960368979617	0.5361471446250591	0.4598726032661849	0.539163513418509	0.4765415393896922	0.5437588344420757	0.4744805190185984	0.5520086785362979
0.4653673805602078	0.5226634376171352	0.4712003836967361	0.517686837353916	0.4746158328328659	0.5236487764809479	0.4604039210734709	0.5253031765677616	0.466194393633595	0.5343906050133034
0.47734329713974233	0.5243213972945108	0.47800351313238476	0.5291207276442786	0.4598578278234973	0.5350210393208158	0.470180978888919	0.5418928349972796	0.4611996286906171	0.5489548529938314
0.4590760411469221	0.5373400170839	0.47676695398884117	0.5389310344457277	0.4598827338979066	0.5454232441188839	0.47062932108105815	0.5530045494500561	0.4717775754767957	0.5595706176431292
0.4590760411469221	0.5202969472326816	0.4618840710160849	0.5257698071521356	0.45985987986454174	0.5315031924795713	0.460427266317904	0.5395949132967417	0.46119840245156596	0.5506784545833892
0.4590760411469221	0.5693890613724119	0.478678672797907	0.573049749738774	0.47752358542824835	0.5755978136419178	0.46051440628417967	0.5784837479229415	0.4729191275343141	0.583774357398703
0.4590760411469221	0.5799380063251333	0.47388947614889576	0.5805369432438995	0.4599672965375503	0.5792039662892581	0.46052225894721055	0.5792363038495099	0.47520604488012963	0.5796171869620519
0.467820454985944	0.5708492790391185	0.4751243291175835	0.5664298490250337	0.45994431034252514	0.5661605484758175	0.46996963909858064	0.5671012708822906	0.4702564010823291	0.5729679360067426
0.472377832945111	0.5633400996281043	0.4873459152772775	0.5709796156899156	0.45995391570381333	0.5751659225292662	0.47019489147025456	0.580196639741919	0.4612835411617023	0.5834589792372111
0.47409209272465686	0.5770169449731449	0.4742630989126781	0.5755441267183183	0.4768774705845333	0.5742039768883872	0.46051162572013243	0.5741612188255015	0.4731103903193022	0.5760804145462013
0.46854145200313346	0.5324839990584107	0.4677101134861193	0.5315156816147375	0.4598647994087245	0.5358382037859954	0.4718515265514934	0.5411973208548735	0.4708162573300545	0.5487526761587777
0.46771631717306156	0.5432241476810525	0.46193155668631886	0.5434859130316765	0.473167410930364	0.5461751175049818	0.4709532407586492	0.552131728621506	0.46823525199174054	0.561071374110589
0.46943506864374834	0.537156788702934	0.4619168895585623	0.5429452281012263	0.4731360997591094	0.548795493417247	0.4732097236261136	0.555673247985993	0.4612287786004598	0.5618999360319247
0.472410983664293	0.5749805713193953	0.4619957715905783	0.5768228550039803	0.47155236166882947	0.5752100861357321	0.46051382141810215	0.574377097372557	0.4612683908451657	0.574152193133122
0.4590760411469221	0.513330358642769	0.4618677163848805	0.5203680972430829	0.4685010545484101	0.5309631751400562	0.46959486437874304	0.5416344660598308	0.47126853624153925	0.5535446010835066
0.4590760411469221	0.5352008112286757	0.46191268410479297	0.5413091873074697	0.4598841850761081	0.5462682062846677	0.4707791318255269	0.5538429198568952	0.4612247447531379	0.5578503514500597
0.4674476218326387	0.5469714498535838	0.4619373601596174	0.5517615618023061	0.4666567693816441	0.5530710654687575	0.46047326942067957	0.5541841244591281	0.4656851292228828	0.5605544102436969
0.4691843600869019	0.5479917294591128	0.47186299079978156	0.5494550050997983	0.4599007539210503	0.5508289208469116	0.4675290829269666	0.5523429765541666	0.46122176194014575	0.5535911102214705
0.47231683366173166	0.5214704247618157	0.4748416540027857	0.5242910743638957	0.4725485282958372	0.5317377551391923	0.4714037941874483	0.5409181122677511	0.4611980886310639	0.5524140865320155
0.4666361777649275	0.5158926461442424	0.47275112461747026	0.5217295900254213	0.47286273374890503	0.5275132150989144	0.46041141484238074	0.5338681234891206	0.4658371091058383	0.5407906216705043
0.4590760411469221	0.5418811746023148	0.46192677959870587	0.5457207973248404	0.4698308653950085	0.5510273146241177	0.474266303058703	0.5569480118021687	0.47629222047593656	0.5642665905195866
0.4590760411469221	0.5205547745619736	0.46886388822425257	0.5205084730313172	0.47336143233842626	0.5236430416398657	0.4604047216294616	0.5281814346794047	0.4611709523494301	0.5360106570115839
