0.6024405428449989	0.5245217528636491	0.6032612006950173	0.5417886622133565	0.6036110196724523	0.5469943868610494	0.597423495228064	0.5476536061789544	0.5961563525696956	0.547355300889263
0.6016986451702572	0.5158953586030407	0.6030116696479192	0.5090473559654795	0.6103543889129692	0.5078659971644596	0.6164232386573393	0.5075250179663361	0.6001665263449919	0.5082606186936321
0.6067953790931763	0.5354736883607016	0.5950231942916899	0.5193545296636226	0.611622264636944	0.5165270144675045	0.6025155946153428	0.5167765452539681	0.6136099842163443	0.5172904438367047
0.6142791605257771	0.5646117022068489	0.599656675811657	0.561637749782754	0.6016483161796067	0.5611413769235378	0.6004149446554492	0.5612893825574039	0.6106909243892497	0.5613365611764467
0.6033686335261105	0.5269257586078963	0.6157392106543847	0.5162066869037696	0.6114230050263858	0.5133087726637239	0.5948533765496651	0.5130169380008576	0.6108514095727553	0.5143891180883953
0.459705075163649	0.4985441406180817	0.4687592877989245	0.4854109383420514	0.47355935335280014	0.4844977227097513	0.47454701377524844	0.48407325680911895	0.4614348919053707	0.4845931149172383
0.459705075163649	0.5425508632599506	0.4725549124925221	0.5298035641790481	0.46466338573891974	0.5279963844358772	0.4693452470992845	0.527377593197734	0.46152360286788197	0.5288643491569458
0.459705075163649	0.531498089178522	0.4759909591472891	0.5212670368832409	0.4778349931372523	0.5189482791284123	0.46196970170729557	0.5186670265070831	0.4691412089625283	0.5194945826986345
0.4666307516835508	0.5681028509027758	0.46080089409746755	0.5516643354055115	0.46470943213389565	0.5473650837680322	0.46927227955363293	0.5467207123361472	0.4706446316353114	0.5481834532645218
0.46292665271469663	0.5293903608217455	0.47087404798108057	0.5143209817538983	0.46463079793374124	0.5112222959866348	0.47329375069420826	0.5107035448653594	0.46629334455858124	0.5118728896968345
0.459705075163649	0.5043751981678476	0.46066842421258103	0.49630522354557427	0.46459286713607545	0.4944195185811033	0.461917420652073	0.4944964238992554	0.46145076770066945	0.4948174073955797
0.459705075163649	0.5445189978489141	0.4607518062106972	0.5514759810678466	0.4717794096431144	0.5499168734134247	0.46203570939481703	0.5496822969317618	0.46157091296870245	0.5502957303071834
0.459705075163649	0.4883729152602612	0.4606351532597925	0.48291106969950687	0.46456466376617894	0.48275967459975405	0.4663852503871099	0.4821593636128465	0.46143066966011004	0.48255475922225466
0.4716540507858704	0.546935176617934	0.4607568416701683	0.5492388589715104	0.4758913712393217	0.5474271920318584	0.4704112992487209	0.5474195664095549	0.47047207430717053	0.5480777376272005
0.459705075163649	0.5127936949143991	0.46689364840304376	0.5164188855965451	0.4646431783999608	0.5181753432389848	0.4716755236441711	0.5173598459549998	0.4698431104650678	0.5170501955618395
0.46807267903631944	0.49432595639290555	0.471193944218962	0.49039416340305503	0.4723776911013076	0.49169164251926073	0.4619156130583036	0.49165956356253726	0.4614742488614998	0.49100944890336046
0.4699348051205466	0.5384158559012124	0.4607391049956097	0.5466209507907555	0.47581154982389906	0.5462077522202557	0.46202780395712056	0.5460410839469363	0.4615604314170893	0.5463024646175276
0.459705075163649	0.48721208670951804	0.46837691810751036	0.4838208646786862	0.47549518360688364	0.48376566633961754	0.4618947230552358	0.48408646272239425	0.4692325552940841	0.4854136121878412
0.47121658958383394	0.552628899651175	0.4607686928878891	0.5497099327436794	0.4738586073818031	0.5488533551111113	0.4620334538747453	0.5482061810021263	0.46156503608280036	0.5491960480301507
0.459705075163649	0.5205833775930628	0.4707128265811959	0.5362134603489268	0.4646768137953293	0.5393858972387467	0.462013253164595	0.5393063721807999	0.4710543498268805	0.539737745104171
0.46873243389425434	0.5674284967900869	0.46079942377578986	0.5713315314566708	0.47034358669558113	0.5709698921440158	0.4740046505343411	0.5708484501356742	0.47477471285081285	0.570980626252049
0.459705075163649	0.5366888085170509	0.4707585170362776	0.5193359592567591	0.46464135047254823	0.5170063428018294	0.46197687145541155	0.5170854125343378	0.47277346047284674	0.5178644233035767
0.459705075163649	0.5516060690299666	0.46993076006018847	0.5445115636080305	0.46469435549613164	0.5428202287565493	0.46202336638821023	0.5424556101427833	0.4615732842082167	0.5431056035430246
0.459705075163649	0.5499522208001014	0.4643777085645105	0.5449199579717784	0.47212004887441217	0.540354533501967	0.46201533972246506	0.5399328071073464	0.4713113048270657	0.5411906711812483
0.4687140364566798	0.520357909762703	0.46070163348442106	0.5111340968069169	0.4743253995781854	0.5089188296969683	0.46195913200009586	0.5086212709881653	0.46149517286131453	0.5097149743944489
0.46918011995798786	0.5483612642161554	0.4607598181751676	0.544849474049986	0.47943552981322163	0.544387490293443	0.46678104164085055	0.5440144924829118	0.4763808643761683	0.5445585160734316
0.47122649379958764	0.536454540974663	0.4607350885566855	0.5207025100816518	0.464644215723829	0.5177613587974979	0.46978845331257496	0.5177150541729866	0.4615148638946913	0.5188756290007668
0.4719644438082702	0.5384121070741559	0.46073914895453816	0.5237109916495502	0.4646505655132337	0.5217203731091531	0.46786285471419886	0.5218385055552055	0.47469478906225465	0.522341782430327
0.459705075163649	0.5562717241404312	0.4739279677636698	0.5489153318422194	0.4647036309212932	0.5441905473221753	0.4733429742451933	0.5430655716053665	0.46907516676907274	0.5453985704548011
0.467534709324502	0.5089770367259765	0.4606780050946482	0.5055786049007286	0.4746976795113259	0.5052448542966284	0.4738194336611551	0.5048460401116022	0.47026190520095196	0.5052521222420089
0.459705075163649	0.5467301593378091	0.460756415332604	0.55959822498668	0.47555997494078406	0.560383601292849	0.4683143875652021	0.5602493228141744	0.4616019171412321	0.5615137748393636
0.459705075163649	0.5374188108170035	0.4671302246519697	0.525001020583829	0.46465328048513355	0.5220897459104857	0.4766336897642464	0.5223359328949759	0.4615217980979942	0.5230852532158919
0.46780376758908854	0.5159635353477523	0.46809985711895985	0.5125396327315916	0.4753572895424529	0.5125181374836866	0.4722234161414961	0.5120860568761587	0.4615038775568191	0.5127260324482781
0.459705075163649	0.5514263479473408	0.46780109108902146	0.5349912575667216	0.47469191474300587	0.5326722213511664	0.4736315913330044	0.5325350404225385	0.4615364717502613	0.5333344692657536
0.459705075163649	0.5219370147780201	0.47286284330374617	0.511184170840568	0.46462419790354953	0.5091201396791669	0.4720336383513098	0.508944278793558	0.461497663205708	0.5101060316789823
0.47003379690673325	0.5559920731099149	0.46077571996909616	0.5345569227906232	0.47497086752156314	0.5319552842288632	0.4619974377887376	0.5319977955026709	0.4615287067266924	0.5324715774297339
0.459705075163649	0.5406363379573093	0.46074379697275136	0.521087285549856	0.46464503925295153	0.5183929180576512	0.4619685074040486	0.5179626015865175	0.4704074710219335	0.5192153965502245
0.4673345445256705	0.5111893852189316	0.4728936925173988	0.4970332241812891	0.4645970272944535	0.49380934894938155	0.46191834948835436	0.4931946903512572	0.4746943638001435	0.49490604235616065
0.469060763040813	0.5198161559556358	0.46764615882051397	0.5094304532947693	0.4752198640399585	0.5070145537259364	0.46992248543017173	0.506879577031721	0.470772534650386	0.5076727056284027
0.459705075163649	0.5474551383737388	0.46519311481125714	0.5364974328195287	0.4646774865777813	0.5316929324820682	0.46200533969223995	0.5312868271731486	0.472374156632561	0.533020832524165
0.4694826423345707	0.5527094918730389	0.46076889352541617	0.5300903686845047	0.4682693966440493	0.5285319010955608	0.4714808608013442	0.5278867694897337	0.46152536091775564	0.5275529042074636
0.459705075163649	0.5513288742893444	0.460766000422582	0.5439072427642409	0.4646930826466286	0.5422971764771636	0.4620258238517612	0.5420110110159142	0.4615635043327138	0.5429367352375966
0.459705075163649	0.5498561760004191	0.4726864933516525	0.560635566142035	0.46472825990781513	0.5602646392940581	0.4738402042202886	0.5601020807731742	0.4615903398635566	0.5604174126360635
0.47915149729174195	0.5484593829594627	0.46076443690871793	0.5346335962009555	0.4646735716300118	0.5327442330062484	0.4774877755325839	0.532634789295561	0.4615456751563429	0.5324837960254926
0.46800874827863215	0.534301104186335	0.4607306421392527	0.5220296927502075	0.46464703230609516	0.5194568887703569	0.4728133068978699	0.518813725748964	0.4677336486603888	0.5198942938224417
0.46418211853235336	0.5572514166503453	0.46861405605961176	0.5505098926809473	0.4771389505254529	0.5489065475061626	0.4706360599855643	0.5489585658687604	0.46157019370182534	0.5494691824932955
0.4654278797739978	0.5506013650785779	0.4607645095374014	0.5409631276311708	0.474595514850753	0.5391549014578209	0.46669844243437336	0.5392150411774985	0.46155827594245113	0.5402216034151608
0.459705075163649	0.5262235968643151	0.4713065126939738	0.5135305079282791	0.471390594553353	0.5114578757941195	0.46624442268367006	0.5111747477732863	0.4695918993544883	0.5116701276661294
0.459705075163649	0.5475743577004154	0.4607582145078322	0.5282178252026946	0.4646600581802699	0.5259107858033661	0.4678191711127558	0.526073407866434	0.46677486262368495	0.5266341950664928
0.459705075163649	0.5314555675049674	0.4699238394170404	0.5469642987845591	0.4733635761371643	0.5498059853349321	0.4620354730535431	0.5506206045386997	0.4615711467416092	0.5495000070096255
0.459705075163649	0.5495709516055838	0.4718106576180593	0.5323149801289798	0.46466867721494964	0.5279693448074169	0.47618036265882346	0.5283921392559862	0.4728578207271997	0.5290189295809172
0.459705075163649	0.5300087762829108	0.4694625737832969	0.5454836480579478	0.4646963477947447	0.548010372896847	0.46925449083432513	0.5483073074988376	0.47344472373158586	0.5483505855813583
0.459705075163649	0.5170768380520827	0.4606947328647225	0.527551141898887	0.4646585793178204	0.5315087742793907	0.4723837756209502	0.5322775978495887	0.47245604869881586	0.5298178424417381
0.459705075163649	0.5251835153209382	0.46071166940285446	0.5159623199201943	0.47574296130197075	0.5139397753014103	0.4619665233210076	0.5139013969785788	0.46150547435476447	0.5145809859168244
0.468968130352857	0.5176454700960721	0.4606960130050696	0.5071468216326221	0.47799787093923096	0.5051142988104679	0.4710361673246909	0.5048339671298322	0.4614860984152758	0.5057826800756894
0.459705075163649	0.5288313550991106	0.4607192241736794	0.5131109773012595	0.47472829203323863	0.5103801996442864	0.4755593891628889	0.5107043951440264	0.46148525066174695	0.5106812171113514
0.459705075163649	0.502021105280798	0.4606633860213958	0.511631715436713	0.4646250335782628	0.516948115544138	0.4619654308667407	0.5165811259049325	0.4614977580811293	0.5152239655145772
0.46686795223635685	0.52834731554637	0.4607182280624752	0.5174798396344328	0.4646374276656428	0.5152295519584752	0.4619617754916565	0.5151682904085524	0.46807097353539245	0.5159051497289568
0.4679757168513959	0.5539751406692099	0.4726489159476405	0.5420692369000493	0.46468922229120574	0.5412158364052055	0.47023010547014765	0.5405590421398064	0.47267738451747654	0.5414430190389162
0.459705075163649	0.5193788226920342	0.4606996179596359	0.509387049323394	0.47143876785101824	0.5070961214240189	0.46195122697636354	0.5071254645606925	0.46149085162058523	0.507917890702759
0.459705075163649	0.5771871848351467	0.4675858310657986	0.5729651574041302	0.4721558149991276	0.5717237638330505	0.46208627752658404	0.5714193769677154	0.4741351760551485	0.5724465214766262
0.459705075163649	0.5428825055047103	0.4701483498135762	0.5479370400224897	0.46470154827909343	0.5462177482901919	0.46863491213529374	0.5460505339267356	0.469473044031742	0.5464953171406342
0.46996245741067216	0.5207339999709648	0.4607023947763207	0.5131867904335722	0.4732931644968806	0.5111794133813926	0.4619563805323814	0.5110290339571358	0.4712504829008229	0.5110982076329199
0.47187242466916507	0.5546211945770677	0.460772858043548	0.5387158139236663	0.4700077933585507	0.5332807667123068	0.47166743765934416	0.5331980869923781	0.46153731436279727	0.5336600968518974
0.459705075163649	0.5050383526392567	0.4697318182778406	0.5118559603061466	0.4754895886480628	0.5162991836622933	0.4619709362082005	0.5154248740772117	0.46794792804643376	0.5132716364984251
0.47030949656148574	0.5506065651874391	0.4710762454148279	0.5392138748492186	0.46949930782532556	0.5335962710702178	0.4692033830306954	0.5326357616585529	0.4731967385388451	0.534345471252552
0.46641044109551616	0.5419602744186555	0.4713100553619189	0.5226116776965996	0.47342085585006555	0.5198037844155918	0.4716141583835861	0.5203645199366157	0.4692067333668615	0.5204659890382765
0.4736836297005098	0.580216130551643	0.4677869236022995	0.5776764439534312	0.4647641969248292	0.5769675482373536	0.46743056783476605	0.5766213479002062	0.46163582169476014	0.5770703408050517
0.459705075163649	0.5358093891582986	0.46073367321506026	0.5521174808005086	0.4647103307564316	0.5521963466614535	0.4724263661953812	0.5523883936377626	0.46157808785204957	0.5524959099782967
0.459705075163649	0.5321539189450784	0.46675648241446716	0.5456877650876635	0.46469681084051573	0.549181658540021	0.4702729125108003	0.5489855596089586	0.461579693130477	0.5491910995598717
0.459705075163649	0.5146617021775096	0.46854051367645444	0.5008919491197418	0.4728512236663914	0.4986269130033988	0.47061059867720023	0.49861788880411184	0.4721208980138969	0.4998324750256638
0.4683224944544343	0.519225490142486	0.46609646442190195	0.5096453886297452	0.46462093594090864	0.5074304306530505	0.461954798808302	0.5072833067678699	0.4614929677101344	0.5081174911938765
0.4683623018935833	0.5491132021943854	0.4719350093793046	0.5450594727137678	0.46469548752651313	0.5446250318470991	0.47085330997793046	0.5442985564651499	0.47234327266335024	0.5448022709814972
0.4683813482483185	0.5498315964712978	0.4607628977026943	0.5413419337347622	0.4749009591783606	0.5347751346226288	0.47348052284682535	0.5344032341768589	0.46921244882154467	0.5355497728541797
0.4651601713962012	0.5196309184510028	0.4752896174824135	0.5090067035238961	0.476637072039247	0.5058953195547524	0.4619518800941874	0.5063147199567569	0.4614914078644849	0.5068215016914306
0.47017890928224276	0.5544502284592563	0.4607725025064732	0.534553613762923	0.4713660260045802	0.5307379196597997	0.4619948431317277	0.5305371507109654	0.4729269063137704	0.5311202927997019
0.4677327559144855	0.5690715716635728	0.46817871370696745	0.5497192012024215	0.4778890063599424	0.5459295033017685	0.4736284072675458	0.5451643703716271	0.46156033996197726	0.545703385502218
0.459705075163649	0.5123780372154714	0.46654500270457855	0.5066120421915771	0.4646145876538333	0.5045569641456352	0.4704092029642758	0.5052681053095068	0.46928532567846537	0.5052040869536333
0.459705075163649	0.5145987730725774	0.46068965610736184	0.5048455722413409	0.4646108258456688	0.5022227009293949	0.47190564924456774	0.5019825347350443	0.4700837932960664	0.5032160269732346
0.459705075163649	0.5495705914128104	0.472083522369792	0.5478353131703363	0.4647013340213185	0.5460532576167372	0.4729960465007607	0.5458654166852078	0.47039672187703213	0.5464460086717305
0.4671936074559864	0.5486829590949421	0.46076050902045534	0.5390913636415876	0.4646829500912843	0.5358771321572434	0.46499663155621235	0.5351696634477495	0.46154889601003307	0.5361858231397176
0.4716038305854909	0.5576086396849769	0.4607790484363681	0.5544961785883054	0.46471537436288035	0.5538346093463699	0.4709940172465697	0.5535346006461661	0.4695497488465529	0.5537310365831601
0.459705075163649	0.5020913002317237	0.4606634960400532	0.4887899606145536	0.4753516528798521	0.48599635707954186	0.4619094527478973	0.48584562215708443	0.4614483339940314	0.48637659756999724
0.468245619137262	0.5475238359562292	0.46075810944283324	0.5308872797671585	0.46466568081319226	0.5285226118322343	0.4691568966352939	0.5278980291476065	0.46827461140691096	0.52891527567193
0.46297601317915166	0.557546566429289	0.4689283277032965	0.5508697627960069	0.4704997442793628	0.5492008958938148	0.4731404372507444	0.5491743597226055	0.4676224185688921	0.5498355282977221
0.459705075163649	0.5142739833818043	0.4606992619610379	0.5068380477649213	0.4646150226928626	0.5056156978752682	0.47243837774835434	0.5054490556077867	0.4615011649281482	0.5061093660841622
0.46910861366253187	0.5239075613529043	0.47136346325140505	0.5121610724517334	0.4742286774410436	0.5084604853984313	0.46622583664857714	0.5083405113267621	0.4614914289548551	0.5093389241179109
0.459705075163649	0.5570684232700275	0.46077793613882223	0.5523691178225707	0.47739956000661243	0.5482004892091649	0.46203206237540023	0.547549929488198	0.4615636401422329	0.5494454875866299
0.4703015099249218	0.5507600739437223	0.46076483952015873	0.5324372829048233	0.4646689455636491	0.5303806547388477	0.46199408166730016	0.530223153045652	0.4754259455842355	0.5309021934458799
0.459705075163649	0.5414948232284954	0.46074557077441175	0.5280259110391788	0.46988013574888404	0.5260212452653628	0.47039631756541017	0.526303587704062	0.46929235730905927	0.5277050711967624
0.47095266272972086	0.5307919105541502	0.46072331205336053	0.5178778690432753	0.47453776790685415	0.5162023363705359	0.46935473170458397	0.5154938377880803	0.4614990491684064	0.5165651134187632
0.46834891134256024	0.5272185434511947	0.4607158805715335	0.5151859147602035	0.46463259587364786	0.5126889706504792	0.4619563604226533	0.512815659925762	0.4681075443089504	0.5136105157443217
0.46749841429013733	0.5530240025008253	0.46076952553954237	0.5454809728344633	0.4716129278082698	0.5441652937321315	0.4620234618735496	0.5439651965590333	0.46155972849310684	0.5444392623739941
0.459705075163649	0.5028178685613875	0.4606650326989917	0.5039438024088158	0.4742798825226876	0.5038490705549765	0.46194723703600976	0.5043333233439024	0.4705172672212539	0.5037575692084081
0.47282653979145334	0.548179003995997	0.46478988460510345	0.5367570598731392	0.4646780334218889	0.5317796387223587	0.46199706342276214	0.5313046743069841	0.4669154003634104	0.5321317760727887
0.459705075163649	0.5318359208033727	0.47111344225250124	0.5199905424587469	0.47124359053853343	0.5177392941695311	0.4619783427376741	0.5177934863386254	0.4615103449478122	0.5182615944498739
0.46815627431040513	0.52634982029486	0.4607140044879493	0.5439869281169847	0.4737181589042383	0.548375706903861	0.4705201563997942	0.5499185570339423	0.46883688406157814	0.547223242829736
0.4691013648297023	0.5304110265997899	0.46072250936351133	0.5142915430026195	0.47118145147555723	0.5120658163693984	0.4619667164135794	0.5120633428247199	0.4614981725424227	0.512628267553995
0.459705075163649	0.5204018329224286	0.4718217881844971	0.5105412863824403	0.46462751173110045	0.5080824824054676	0.4704682264915328	0.5083317719561391	0.47345448259875117	0.5091633234157276
0.459705075163649	0.5543625560136389	0.4607723201849313	0.5389778107983796	0.4646827109185475	0.5339703453500702	0.46200173263491706	0.5329083857473764	0.4615324954807154	0.5340516739981906
