0.0005	0.0014966747664205164	0.0014966747664205164	0.0026560808016207957	0.0026560808016207957	0.0038412361878782477	0.0038412361878782477	0.005062832427625222	0.005062832427625222	0.006455651870236833
0.0005	0.0020188456626146936	0.0020188456626146936	0.003459783474998859	0.003459783474998859	0.004862211002481963	0.004862211002481963	0.006503797531111304	0.006503797531111304	0.007730203674859802
0.0005	0.0019223012973579468	0.0019223012973579468	0.0029940620548269043	0.0029940620548269043	0.0041943975866782345	0.0041943975866782345	0.0052842317364930865	0.0052842317364930865	0.006262190883540738
0.0005	0.0013658259353131863	0.0013658259353131863	0.0019459416890823475	0.0019459416890823475	0.002616395218131876	0.002616395218131876	0.0032357011506812658	0.0032357011506812658	0.003924899845769027
0.0005	0.0018631423366688967	0.0018631423366688967	0.0033743708685511223	0.0033743708685511223	0.004729697449191245	0.004729697449191245	0.005813324482069829	0.005813324482069829	0.007095690734363546
0.0005	0.0002674054660288238	0.0002674054660288238	0.00048760241055299927	0.00048760241055299927	0.00024926940111885703	0.00024926940111885703	0.00020525965017898092	0.00020525965017898092	8.597344508361821e-5
0.0005	5.584608995832401e-5	5.584608995832401e-5	5.944900112191018e-5	5.944900112191018e-5	5.160683415949531e-5	5.160683415949531e-5	5.2488197163104524e-5	5.2488197163104524e-5	5.302801754920853e-5
0.0005	5.197693279000786e-5	5.197693279000786e-5	5.172795017137925e-5	5.172795017137925e-5	5.61403785239941e-5	5.61403785239941e-5	5.2504976367250054e-5	5.2504976367250054e-5	5.1913927270242736e-5
0.0005	6.29347754873284e-5	6.29347754873284e-5	5.8305962980936066e-5	5.8305962980936066e-5	5.469326721675976e-5	5.469326721675976e-5	5.413866536233909e-5	5.413866536233909e-5	5.4232537580026045e-5
0.0005	5.896341988440628e-5	5.896341988440628e-5	0.00015377786633506644	0.00015377786633506644	7.552676912701454e-5	7.552676912701454e-5	5.620614530566483e-5	5.620614530566483e-5	6.813887612180332e-5
0.0005	6.421161392230436e-5	6.421161392230436e-5	0.00014353800926628275	0.00014353800926628275	6.145903804339818e-5	6.145903804339818e-5	5.356334829730939e-5	5.356334829730939e-5	5.261973459599796e-5
0.0005	5.264125538589721e-5	5.264125538589721e-5	6.364996429575825e-5	6.364996429575825e-5	6.159057674142018e-5	6.159057674142018e-5	5.89152345104619e-5	5.89152345104619e-5	5.596619938455313e-5
0.0005	0.00022957781409792345	0.00022957781409792345	0.0002801473014016175	0.0002801473014016175	0.00019219566914451005	0.00019219566914451005	0.00019605827594827198	0.00019605827594827198	0.0001534807962825834
0.0005	5.4966564271990246e-5	5.4966564271990246e-5	7.157929244220145e-5	7.157929244220145e-5	5.639397114675377e-5	5.639397114675377e-5	7.345914332707477e-5	7.345914332707477e-5	6.276338370726717e-5
0.0005	0.00011220031183160052	0.00011220031183160052	0.0002193693624877667	0.0002193693624877667	0.0001397357831442603	0.0001397357831442603	0.00021562196774995804	0.00021562196774995804	0.00023638441680127017
0.0005	0.00023432206698630826	0.00023432206698630826	0.00039408983096487436	0.00039408983096487436	0.0002665885310240445	0.0002665885310240445	0.00011943423699547515	0.00011943423699547515	9.74449642661357e-5
0.0005	5.4250361069995453e-5	5.4250361069995453e-5	7.360566893527658e-5	7.360566893527658e-5	5.4468102845249604e-5	5.4468102845249604e-5	6.725090348861492e-5	6.725090348861492e-5	7.324686314985896e-5
0.0005	0.00020997623037403198	0.00020997623037403198	0.00035032733798801	0.00035032733798801	0.00027825116092139424	0.00027825116092139424	0.0001346458120842525	0.0001346458120842525	0.00022290385065310475
0.0005	5.29202934914921e-5	5.29202934914921e-5	5.516351612551858e-5	5.516351612551858e-5	5.259789584936712e-5	5.259789584936712e-5	5.270857831380876e-5	5.270857831380876e-5	5.3315997959314396e-5
0.0005	5.859227733097423e-5	5.859227733097423e-5	0.00013856303786506546	0.00013856303786506546	6.876925111183417e-5	6.876925111183417e-5	6.882205554014586e-5	6.882205554014586e-5	7.260203089842173e-5
0.0005	5.57176978836805e-5	5.57176978836805e-5	8.38071762275168e-5	8.38071762275168e-5	6.795214248287577e-5	6.795214248287577e-5	5.811271192752195e-5	5.811271192752195e-5	7.510941353695086e-5
0.0005	5.6845966152243694e-5	5.6845966152243694e-5	5.7675160567611676e-5	5.7675160567611676e-5	5.716660417220594e-5	5.716660417220594e-5	5.4964875917432686e-5	5.4964875917432686e-5	5.2377970581524266e-5
0.0005	5.7041309730324354e-5	5.7041309730324354e-5	5.319215069968783e-5	5.319215069968783e-5	5.27050505270003e-5	5.27050505270003e-5	5.2785485028810725e-5	5.2785485028810725e-5	6.610765226932327e-5
0.0005	5.304466302844536e-5	5.304466302844536e-5	5.6586312202362876e-5	5.6586312202362876e-5	5.2351206866612484e-5	5.2351206866612484e-5	5.249199219331112e-5	5.249199219331112e-5	5.256823903831971e-5
0.0005	6.0407625409296114e-5	6.0407625409296114e-5	5.1117339056466156e-5	5.1117339056466156e-5	5.4389675534471505e-5	5.4389675534471505e-5	5.264085238476854e-5	5.264085238476854e-5	5.528262944459612e-5
0.0005	5.222278600545414e-5	5.222278600545414e-5	5.917828785450388e-5	5.917828785450388e-5	5.2159214802930095e-5	5.2159214802930095e-5	5.309859852008566e-5	5.309859852008566e-5	5.2417860153535654e-5
0.0005	5.2589105665682964e-5	5.2589105665682964e-5	6.597647778970012e-5	6.597647778970012e-5	6.06688723914481e-5	6.06688723914481e-5	5.202003831249238e-5	5.202003831249238e-5	5.3177075625475625e-5
0.0005	6.461592578437117e-5	6.461592578437117e-5	6.415396285660646e-5	6.415396285660646e-5	6.30335276813136e-5	6.30335276813136e-5	6.080976417342852e-5	6.080976417342852e-5	5.4355288142787805e-5
0.0005	5.4330271228026234e-5	5.4330271228026234e-5	5.4235395295813984e-5	5.4235395295813984e-5	5.338558030392596e-5	5.338558030392596e-5	5.305939281120734e-5	5.305939281120734e-5	5.315548647752712e-5
0.0005	6.914430013674876e-5	6.914430013674876e-5	7.641398749469044e-5	7.641398749469044e-5	5.812538181594415e-5	5.812538181594415e-5	4.86157517269384e-5	4.86157517269384e-5	6.217044727292144e-5
0.0005	5.307690582687701e-5	5.307690582687701e-5	8.775075711944501e-5	8.775075711944501e-5	6.321675750190101e-5	6.321675750190101e-5	6.305673951847008e-5	6.305673951847008e-5	6.244992786892552e-5
0.0005	6.1013144414605356e-5	6.1013144414605356e-5	5.3246362457476743e-5	5.3246362457476743e-5	5.538863390153504e-5	5.538863390153504e-5	5.5574813247580986e-5	5.5574813247580986e-5	5.244981788396354e-5
0.0005	9.287007060085554e-5	9.287007060085554e-5	0.00020532689007297797	0.00020532689007297797	8.632893393159054e-5	8.632893393159054e-5	8.752246448453107e-5	8.752246448453107e-5	8.757504286008252e-5
0.0005	6.353005231156613e-5	6.353005231156613e-5	5.2813252995977145e-5	5.2813252995977145e-5	5.2489216328224944e-5	5.2489216328224944e-5	5.2765965039135714e-5	5.2765965039135714e-5	5.288146914252288e-5
0.0005	6.679435109219595e-5	6.679435109219595e-5	8.283171035436704e-5	8.283171035436704e-5	6.535924819478093e-5	6.535924819478093e-5	6.414394354166701e-5	6.414394354166701e-5	6.329365091513808e-5
0.0005	8.082128325362722e-5	8.082128325362722e-5	5.937137042513926e-5	5.937137042513926e-5	6.727547367452472e-5	6.727547367452472e-5	5.587341444189729e-5	5.587341444189729e-5	5.661866491226113e-5
0.0005	5.760412706243303e-5	5.760412706243303e-5	5.1086500233720506e-5	5.1086500233720506e-5	5.354004134577151e-5	5.354004134577151e-5	5.191215157218097e-5	5.191215157218097e-5	5.211624876852991e-5
0.0005	0.00017129927379463147	0.00017129927379463147	0.0002077039499289677	0.0002077039499289677	7.644235949510481e-5	7.644235949510481e-5	7.608207475634721e-5	7.608207475634721e-5	7.689741467073719e-5
0.0005	6.892987952861573e-5	6.892987952861573e-5	7.520946108131589e-5	7.520946108131589e-5	6.354689931548251e-5	6.354689931548251e-5	6.193797869567553e-5	6.193797869567553e-5	6.324090204981234e-5
0.0005	5.2316247697504426e-5	5.2316247697504426e-5	5.388800682091404e-5	5.388800682091404e-5	5.3999924573120595e-5	5.3999924573120595e-5	5.289827516818439e-5	5.289827516818439e-5	5.254307951722816e-5
0.0005	6.518099464460196e-5	6.518099464460196e-5	5.2744129903216766e-5	5.2744129903216766e-5	6.27859112940742e-5	6.27859112940742e-5	5.4190420143626075e-5	5.4190420143626075e-5	6.176055377250056e-5
0.0005	5.551088669536605e-5	5.551088669536605e-5	5.28841441082422e-5	5.28841441082422e-5	5.3448835173149355e-5	5.3448835173149355e-5	5.2689727373482826e-5	5.2689727373482826e-5	5.3972456087382716e-5
0.0005	5.3483562844131073e-5	5.3483562844131073e-5	8.037753960004938e-5	8.037753960004938e-5	5.373158644150021e-5	5.373158644150021e-5	8.5699662039782e-5	8.5699662039782e-5	6.380133874641782e-5
0.0005	7.614000189152315e-5	7.614000189152315e-5	7.968000780979893e-5	7.968000780979893e-5	6.695754956462684e-5	6.695754956462684e-5	6.143723874885658e-5	6.143723874885658e-5	5.365353976513896e-5
0.0005	7.818399911353666e-5	7.818399911353666e-5	7.004065665475416e-5	7.004065665475416e-5	7.118802481701326e-5	7.118802481701326e-5	6.699239268735996e-5	6.699239268735996e-5	6.837779027033932e-5
0.0005	5.444975967621739e-5	5.444975967621739e-5	5.3030224470858004e-5	5.3030224470858004e-5	5.337324532977841e-5	5.337324532977841e-5	5.739313943255718e-5	5.739313943255718e-5	5.621294127979541e-5
0.0005	6.658520995436406e-5	6.658520995436406e-5	6.185033957076991e-5	6.185033957076991e-5	5.2921396928643874e-5	5.2921396928643874e-5	5.505144525207685e-5	5.505144525207685e-5	5.586893719048146e-5
0.0005	5.9836378548543214e-5	5.9836378548543214e-5	6.262057192539953e-5	6.262057192539953e-5	5.2327469252869664e-5	5.2327469252869664e-5	5.084367111103274e-5	5.084367111103274e-5	5.157755448136547e-5
0.0005	5.630058310222279e-5	5.630058310222279e-5	5.448013155960475e-5	5.448013155960475e-5	5.762200951748947e-5	5.762200951748947e-5	5.2355484519074536e-5	5.2355484519074536e-5	5.256084390258872e-5
0.0005	5.182426949147956e-5	5.182426949147956e-5	9.22249792817772e-5	9.22249792817772e-5	6.053444671050092e-5	6.053444671050092e-5	6.40060405065624e-5	6.40060405065624e-5	6.103206993804532e-5
0.0005	5.6637238011363026e-5	5.6637238011363026e-5	5.220036959623659e-5	5.220036959623659e-5	5.2307702722208026e-5	5.2307702722208026e-5	5.2514271681733675e-5	5.2514271681733675e-5	5.341118838757241e-5
0.0005	5.1896544862932597e-5	5.1896544862932597e-5	0.00010352903833380594	0.00010352903833380594	5.0535121473133726e-5	5.0535121473133726e-5	5.581753324719908e-5	5.581753324719908e-5	7.879690218513921e-5
0.0005	8.424508652509708e-5	8.424508652509708e-5	9.327735380379215e-5	9.327735380379215e-5	9.129184077022581e-5	9.129184077022581e-5	7.916336172945492e-5	7.916336172945492e-5	8.199534310735758e-5
0.0005	5.8159857237746096e-5	5.8159857237746096e-5	5.499936495414044e-5	5.499936495414044e-5	5.6573021903834915e-5	5.6573021903834915e-5	5.4192455712276094e-5	5.4192455712276094e-5	5.256557446925863e-5
0.0005	5.7577615980425095e-5	5.7577615980425095e-5	5.5001989715135934e-5	5.5001989715135934e-5	5.6334772920295325e-5	5.6334772920295325e-5	5.454573272621759e-5	5.454573272621759e-5	5.4393883594680644e-5
0.0005	7.221106703920012e-5	7.221106703920012e-5	6.150794974581142e-5	6.150794974581142e-5	6.621104077472545e-5	6.621104077472545e-5	6.730033958794766e-5	6.730033958794766e-5	5.461964438995521e-5
0.0005	7.664941135011206e-5	7.664941135011206e-5	0.00027104384919626317	0.00027104384919626317	6.989096749268443e-5	6.989096749268443e-5	9.688454433225707e-5	9.688454433225707e-5	9.331323098750032e-5
0.0005	5.835502502765965e-5	5.835502502765965e-5	5.185970606950533e-5	5.185970606950533e-5	5.8346050116244745e-5	5.8346050116244745e-5	5.102439122703132e-5	5.102439122703132e-5	5.166597621237981e-5
0.0005	6.321717746097747e-5	6.321717746097747e-5	5.426695724861136e-5	5.426695724861136e-5	5.417313672036547e-5	5.417313672036547e-5	5.5098513481477187e-5	5.5098513481477187e-5	6.115812708967864e-5
0.0005	5.562974459850088e-5	5.562974459850088e-5	5.812880189484057e-5	5.812880189484057e-5	5.582814931507886e-5	5.582814931507886e-5	5.6294514775039876e-5	5.6294514775039876e-5	5.550601495953309e-5
0.0005	5.469699381300293e-5	5.469699381300293e-5	6.707894572532312e-5	6.707894572532312e-5	5.7748794188574723e-5	5.7748794188574723e-5	6.350534928912297e-5	6.350534928912297e-5	5.8318774879537e-5
0.0005	5.506366351517077e-5	5.506366351517077e-5	6.35866241636829e-5	6.35866241636829e-5	6.498316906803985e-5	6.498316906803985e-5	5.3475776946520695e-5	5.3475776946520695e-5	6.647742962952196e-5
0.0005	0.00016026881798727918	0.00016026881798727918	0.0002644474342825694	0.0002644474342825694	0.00017399758098101808	0.00017399758098101808	5.018222327541224e-5	5.018222327541224e-5	7.52488943203582e-5
0.0005	6.650911452708436e-5	6.650911452708436e-5	5.269075129554903e-5	5.269075129554903e-5	6.627215433947241e-5	6.627215433947241e-5	6.673392543278969e-5	6.673392543278969e-5	6.384559696698394e-5
0.0005	0.00024197168448541762	0.00024197168448541762	0.00021692916894450323	0.00021692916894450323	0.0002238960067146558	0.0002238960067146558	0.00014643236474771028	0.00014643236474771028	0.00016926225417839762
0.0005	5.429379036469099e-5	5.429379036469099e-5	5.2694806928272194e-5	5.2694806928272194e-5	5.2415490346148145e-5	5.2415490346148145e-5	5.2642102511690124e-5	5.2642102511690124e-5	5.395237513294214e-5
0.0005	5.708794657986016e-5	5.708794657986016e-5	5.13646258724949e-5	5.13646258724949e-5	5.783419931503523e-5	5.783419931503523e-5	5.189261453894976e-5	5.189261453894976e-5	5.346468418786656e-5
0.0005	5.623304271562983e-5	5.623304271562983e-5	6.580147686753252e-5	6.580147686753252e-5	6.028274558277484e-5	6.028274558277484e-5	6.982564471750026e-5	6.982564471750026e-5	5.95441208540878e-5
0.0005	6.585365443228787e-5	6.585365443228787e-5	8.956621358841997e-5	8.956621358841997e-5	6.010869983545733e-5	6.010869983545733e-5	8.110152416295995e-5	8.110152416295995e-5	6.238714742971633e-5
0.0005	5.2865755784131015e-5	5.2865755784131015e-5	9.08683695874853e-5	9.08683695874853e-5	7.783670314156307e-5	7.783670314156307e-5	7.902701226464765e-5	7.902701226464765e-5	8.338629222408516e-5
0.0005	0.00012429477230368606	0.00012429477230368606	0.00015783596733380957	0.00015783596733380957	6.040866843357715e-5	6.040866843357715e-5	6.243599420266032e-5	6.243599420266032e-5	5.5392322564040834e-5
0.0005	5.754050902382501e-5	5.754050902382501e-5	5.1891962331383805e-5	5.1891962331383805e-5	5.0809029334243796e-5	5.0809029334243796e-5	4.9930412258231104e-5	4.9930412258231104e-5	5.341271672487685e-5
0.0005	5.195834984879913e-5	5.195834984879913e-5	5.6970440166591616e-5	5.6970440166591616e-5	5.233237741211885e-5	5.233237741211885e-5	5.239226800907196e-5	5.239226800907196e-5	5.2594839193035685e-5
0.0005	5.901343103432177e-5	5.901343103432177e-5	5.403825109405309e-5	5.403825109405309e-5	5.336996486702773e-5	5.336996486702773e-5	5.244426444614004e-5	5.244426444614004e-5	5.267450096028139e-5
0.0005	6.053869415855692e-5	6.053869415855692e-5	6.035165491152663e-5	6.035165491152663e-5	6.160425216788843e-5	6.160425216788843e-5	5.761210195982832e-5	5.761210195982832e-5	5.445664474457403e-5
0.0005	6.827444976738697e-5	6.827444976738697e-5	5.412997316926448e-5	5.412997316926448e-5	5.277845017681961e-5	5.277845017681961e-5	5.2905612521494763e-5	5.2905612521494763e-5	5.310530003721966e-5
0.0005	5.279354486409465e-5	5.279354486409465e-5	5.73637170195883e-5	5.73637170195883e-5	5.7954066048509545e-5	5.7954066048509545e-5	5.4258663565878095e-5	5.4258663565878095e-5	5.477319639311063e-5
0.0005	5.31659776870948e-5	5.31659776870948e-5	0.00010759965258474634	0.00010759965258474634	4.8847414060620875e-5	4.8847414060620875e-5	4.898548068787402e-5	4.898548068787402e-5	5.2806582486021706e-5
0.0005	5.649787557710092e-5	5.649787557710092e-5	5.0512650238747415e-5	5.0512650238747415e-5	4.95986801685609e-5	4.95986801685609e-5	5.90020698948542e-5	5.90020698948542e-5	5.568233176317544e-5
0.0005	5.438533783522896e-5	5.438533783522896e-5	6.181623299111989e-5	6.181623299111989e-5	5.238666664435209e-5	5.238666664435209e-5	6.497147505739116e-5	6.497147505739116e-5	6.066735083416952e-5
0.0005	5.301716398194348e-5	5.301716398194348e-5	5.210894128236644e-5	5.210894128236644e-5	5.231608194073145e-5	5.231608194073145e-5	5.397742855569545e-5	5.397742855569545e-5	5.448546439348292e-5
0.0005	5.283950084853386e-5	5.283950084853386e-5	5.31396289858765e-5	5.31396289858765e-5	5.305667756063332e-5	5.305667756063332e-5	5.8264951392146146e-5	5.8264951392146146e-5	6.819962224023693e-5
0.0005	0.00010035528966840295	0.00010035528966840295	0.00012872715712228011	0.00012872715712228011	8.419915835905774e-5	8.419915835905774e-5	8.18720089760579e-5	8.18720089760579e-5	8.474718603257745e-5
0.0005	5.987845985984949e-5	5.987845985984949e-5	5.800527090310744e-5	5.800527090310744e-5	5.2212883553004016e-5	5.2212883553004016e-5	5.233695620656022e-5	5.233695620656022e-5	5.253244544292884e-5
0.0005	5.337874155801692e-5	5.337874155801692e-5	5.4320472387393256e-5	5.4320472387393256e-5	5.306898522722261e-5	5.306898522722261e-5	5.3253790150417284e-5	5.3253790150417284e-5	5.4811734875770026e-5
0.0005	5.015320852821773e-5	5.015320852821773e-5	0.00011503977797423571	0.00011503977797423571	5.020614341250947e-5	5.020614341250947e-5	7.102510930865424e-5	7.102510930865424e-5	5.278260759800575e-5
0.0005	0.00013975350393717658	0.00013975350393717658	0.00022399705156386099	0.00022399705156386099	7.777221852911558e-5	7.777221852911558e-5	6.138088306634794e-5	6.138088306634794e-5	5.703380622240065e-5
0.0005	5.306785034235634e-5	5.306785034235634e-5	5.3402173141905335e-5	5.3402173141905335e-5	5.300848419750504e-5	5.300848419750504e-5	5.322258191323983e-5	5.322258191323983e-5	5.3225531351703806e-5
0.0005	5.813472008749821e-5	5.813472008749821e-5	5.253998576924198e-5	5.253998576924198e-5	5.252336613587311e-5	5.252336613587311e-5	5.26246803366256e-5	5.26246803366256e-5	5.281550872642415e-5
0.0005	5.279825151145655e-5	5.279825151145655e-5	6.172230600484834e-5	6.172230600484834e-5	5.568430582105438e-5	5.568430582105438e-5	5.2302705470701755e-5	5.2302705470701755e-5	6.355099660487469e-5
0.0005	5.3192985756151126e-5	5.3192985756151126e-5	5.400469471470347e-5	5.400469471470347e-5	5.510906106848183e-5	5.510906106848183e-5	5.602793722215114e-5	5.602793722215114e-5	5.9101978893135566e-5
0.0005	5.373897925222634e-5	5.373897925222634e-5	5.4014336757966315e-5	5.4014336757966315e-5	5.997257612368842e-5	5.997257612368842e-5	5.246974115843902e-5	5.246974115843902e-5	5.161132441386877e-5
0.0005	5.4238953882345e-5	5.4238953882345e-5	5.2525868808970516e-5	5.2525868808970516e-5	5.2995785889773e-5	5.2995785889773e-5	5.80330676189609e-5	5.80330676189609e-5	5.426530763796378e-5
0.0005	0.00010666237860423758	0.00010666237860423758	0.00015672421804475362	0.00015672421804475362	0.00012805444559204688	0.00012805444559204688	0.00010236229539407959	0.00010236229539407959	0.0001534812122574642
0.0005	5.592603189472335e-5	5.592603189472335e-5	5.2211513559774377e-5	5.2211513559774377e-5	5.2189689435926295e-5	5.2189689435926295e-5	5.2397879236728e-5	5.2397879236728e-5	5.261552125632973e-5
0.0005	5.234845917904552e-5	5.234845917904552e-5	5.213109351793248e-5	5.213109351793248e-5	5.917186052606333e-5	5.917186052606333e-5	5.131061098880979e-5	5.131061098880979e-5	5.4540875646148896e-5
0.0005	6.0685534628902414e-5	6.0685534628902414e-5	0.0001055709701296831	0.0001055709701296831	8.221572769848826e-5	8.221572769848826e-5	7.504894293023046e-5	7.504894293023046e-5	7.79474320121923e-5
0.0005	5.925100020699206e-5	5.925100020699206e-5	5.5959137530620766e-5	5.5959137530620766e-5	5.126025273669113e-5	5.126025273669113e-5	5.609422382482746e-5	5.609422382482746e-5	5.186358993692133e-5
0.0005	8.09567528950385e-5	8.09567528950385e-5	7.002106138130152e-5	7.002106138130152e-5	7.102497021008864e-5	7.102497021008864e-5	6.9730213766323e-5	6.9730213766323e-5	6.571544994604469e-5
0.0005	5.3706944522558145e-5	5.3706944522558145e-5	5.747714002499793e-5	5.747714002499793e-5	6.693898505678198e-5	6.693898505678198e-5	6.107631403811617e-5	6.107631403811617e-5	5.862034566730054e-5
