0.0005	0.0005422054037981952	0.0005422054037981952	0.0005886689703282752	0.0005886689703282752	0.0006311031229477066	0.0006311031229477066	0.0006700065551995411	0.0006700065551995411	0.000703072392479321
0.0005	0.0005414520963005856	0.0005414520963005856	0.0005819625301960333	0.0005819625301960333	0.0006281375465835951	0.0006281375465835951	0.0006773736355493961	0.0006773736355493961	0.0007148453186842141
0.0005	0.0005282599274884122	0.0005282599274884122	0.000555120928618799	0.000555120928618799	0.0005885261845998577	0.0005885261845998577	0.0006238483833734002	0.0006238483833734002	0.0006582986025431157
0.0005	0.0005282491062707168	0.0005282491062707168	0.0005461541101242514	0.0005461541101242514	0.0005664644906359953	0.0005664644906359953	0.0005861990112196674	0.0005861990112196674	0.0006045195481256916
0.0005	0.0005308527189296918	0.0005308527189296918	0.0005711271337964601	0.0005711271337964601	0.0006103319757274796	0.0006103319757274796	0.0006425301507574067	0.0006425301507574067	0.0006781851566432449
0.0005	0.00047180354575554955	0.00047180354575554955	0.00045151852137936447	0.00045151852137936447	0.0004334696114179974	0.0004334696114179974	0.00041593937837514067	0.00041593937837514067	0.0003954504957076247
0.0005	0.00044942271312136436	0.00044942271312136436	0.00040450579953219863	0.00040450579953219863	0.00035783245247688814	0.00035783245247688814	0.0003172649054034422	0.0003172649054034422	0.00027378785861269635
0.0005	0.0004535565048272364	0.0004535565048272364	0.00041518989098078134	0.00041518989098078134	0.000379531503388454	0.000379531503388454	0.00033954508171873753	0.00033954508171873753	0.00030607256852697946
0.0005	0.00045018594336881094	0.00045018594336881094	0.00039546360003898663	0.00039546360003898663	0.0003412301194509204	0.0003412301194509204	0.0002899065017909994	0.0002899065017909994	0.00024123760215034328
0.0005	0.0004574905013011516	0.0004574905013011516	0.0004161706545108313	0.0004161706545108313	0.00037633243956488704	0.00037633243956488704	0.0003409258183528059	0.0003409258183528059	0.00030877715819869507
0.0005	0.00047396529358414107	0.00047396529358414107	0.0004492116497710479	0.0004492116497710479	0.0004254749764719121	0.0004254749764719121	0.00040170972428387754	0.00040170972428387754	0.0003785385434945685
0.0005	0.00046159657754306577	0.00046159657754306577	0.0004234990122191448	0.0004234990122191448	0.00038811025907281837	0.00038811025907281837	0.00034743807623362644	0.00034743807623362644	0.00030628609345215613
0.0005	0.00048283757558969257	0.00048283757558969257	0.00046669358181923365	0.00046669358181923365	0.0004516312361452292	0.0004516312361452292	0.00043816929921994957	0.00043816929921994957	0.0004236912460382575
0.0005	0.0004656491999757063	0.0004656491999757063	0.00042635631621667315	0.00042635631621667315	0.0003910625591708564	0.0003910625591708564	0.0003537370076047992	0.0003537370076047992	0.0003178164798726676
0.0005	0.00047294907306296005	0.00047294907306296005	0.00045375345462002353	0.00045375345462002353	0.00042849006369739346	0.00042849006369739346	0.00040816556368035174	0.00040816556368035174	0.00038821590891997224
0.0005	0.00047859580315386693	0.00047859580315386693	0.0004603733160189871	0.0004603733160189871	0.00044331206374489685	0.00044331206374489685	0.00042318654185750926	0.00042318654185750926	0.0004043786464003051
0.0005	0.000469890666998539	0.000469890666998539	0.00043609058822616936	0.00043609058822616936	0.0004059466631936619	0.0004059466631936619	0.00036889660001470124	0.00036889660001470124	0.00033151012416403417
0.0005	0.00048269038731888435	0.00048269038731888435	0.0004720419979092547	0.0004720419979092547	0.0004618120122544301	0.0004618120122544301	0.0004468010204346478	0.0004468010204346478	0.0004358699390961311
0.0005	0.0004553325711756368	0.0004553325711756368	0.0004079926006447447	0.0004079926006447447	0.00036609453764413935	0.00036609453764413935	0.00031904282867728945	0.00031904282867728945	0.00027235018299140006
0.0005	0.0004706289605613615	0.0004706289605613615	0.0004456938912427654	0.0004456938912427654	0.0004174703745860857	0.0004174703745860857	0.0003878747049323286	0.0003878747049323286	0.0003622316717268429
0.0005	0.0004573024158846799	0.0004573024158846799	0.000408687670170215	0.000408687670170215	0.00036460017756883233	0.00036460017756883233	0.0003184686449129718	0.0003184686449129718	0.00027136774515327356
0.0005	0.0004535139445167143	0.0004535139445167143	0.000413420232310906	0.000413420232310906	0.00036998823619655865	0.00036998823619655865	0.00032767953266393595	0.00032767953266393595	0.00029223425035716864
0.0005	0.000453216877026975	0.000453216877026975	0.0004122071526404737	0.0004122071526404737	0.0003655164021558862	0.0003655164021558862	0.0003185191141037458	0.0003185191141037458	0.0002719050896057942
0.0005	0.0004527634479266776	0.0004527634479266776	0.0004115445031980592	0.0004115445031980592	0.00036822181272005565	0.00036822181272005565	0.0003225054605039142	0.0003225054605039142	0.0002828130547035001
0.0005	0.0004651930517112713	0.0004651930517112713	0.0004282022088087923	0.0004282022088087923	0.00039931788668828584	0.00039931788668828584	0.0003658610804530853	0.0003658610804530853	0.0003342624793270142
0.0005	0.0004591700850348233	0.0004591700850348233	0.00041379430323854386	0.00041379430323854386	0.00037685582538440573	0.00037685582538440573	0.0003363105207632422	0.0003363105207632422	0.0002945537348804336
0.0005	0.0004568761907390974	0.0004568761907390974	0.00041111080081081665	0.00041111080081081665	0.0003670858069396863	0.0003670858069396863	0.000331918286785647	0.000331918286785647	0.00029046370739728796
0.0005	0.00045336579244941995	0.00045336579244941995	0.00040600759459312214	0.00040600759459312214	0.00036139064672728697	0.00036139064672728697	0.0003207390485615748	0.0003207390485615748	0.0002832265752984753
0.0005	0.00044976094903473936	0.00044976094903473936	0.00040345901020568276	0.00040345901020568276	0.00035493000924383805	0.00035493000924383805	0.0003100467750542777	0.0003100467750542777	0.00026549652062114086
0.0005	0.00047864552826654036	0.00047864552826654036	0.000452745791383827	0.000452745791383827	0.00043358218107500597	0.00043358218107500597	0.00041114647281546455	0.00041114647281546455	0.0003911805563425389
0.0005	0.00045948762595813864	0.00045948762595813864	0.00041944916063537806	0.00041944916063537806	0.00038172994720137075	0.00038172994720137075	0.0003447922258155554	0.0003447922258155554	0.00030360754277636596
0.0005	0.00044992426652834425	0.00044992426652834425	0.0004078935437610485	0.0004078935437610485	0.00036368858612212607	0.00036368858612212607	0.00032621897384758295	0.00032621897384758295	0.00028546987607631485
0.0005	0.0004750973521031897	0.0004750973521031897	0.00044969923215965925	0.00044969923215965925	0.0004253300372606742	0.0004253300372606742	0.00040156061592169355	0.00040156061592169355	0.0003733646200903431
0.0005	0.0004506061035805673	0.0004506061035805673	0.000408003846666938	0.000408003846666938	0.00036301227216599196	0.00036301227216599196	0.0003196165540761883	0.0003196165540761883	0.00027316276297750027
0.0005	0.00046276739876720274	0.00046276739876720274	0.0004339638731340197	0.0004339638731340197	0.00040076675062595445	0.00040076675062595445	0.00037282714715512614	0.00037282714715512614	0.0003408166474642479
0.0005	0.00045115612384340767	0.00045115612384340767	0.00039733659959683787	0.00039733659959683787	0.0003492962890184647	0.0003492962890184647	0.00029719275734403893	0.00029719275734403893	0.00024644379110243605
0.0005	0.0004545273561434736	0.0004545273561434736	0.00041056090667248186	0.00041056090667248186	0.0003677021867956838	0.0003677021867956838	0.0003248444347660394	0.0003248444347660394	0.00028755502104739364
0.0005	0.000472494270653935	0.000472494270653935	0.00044438068841951006	0.00044438068841951006	0.0004150521846132168	0.0004150521846132168	0.00038637713515698443	0.00038637713515698443	0.000365142344671965
0.0005	0.0004679073878528744	0.0004679073878528744	0.00043725126275875653	0.00043725126275875653	0.0004091268606104361	0.0004091268606104361	0.0003788832597374027	0.0003788832597374027	0.00035091306750984933
0.0005	0.0004523553071060215	0.0004523553071060215	0.0004113694253070995	0.0004113694253070995	0.0003662395540897304	0.0003662395540897304	0.00032107070560022215	0.00032107070560022215	0.00028142973386850257
0.0005	0.0004539325081551956	0.0004539325081551956	0.0004054930254562011	0.0004054930254562011	0.0003619406729269544	0.0003619406729269544	0.0003172578614500862	0.0003172578614500862	0.00026989372870833033
0.0005	0.0004530317583857243	0.0004530317583857243	0.00040602802933829667	0.00040602802933829667	0.00035916221013959485	0.00035916221013959485	0.0003120563265447166	0.0003120563265447166	0.0002655091992298651
0.0005	0.0004597069003787059	0.0004597069003787059	0.00042592294406402803	0.00042592294406402803	0.00038573236283421126	0.00038573236283421126	0.00034814007590573833	0.00034814007590573833	0.00030490536726674036
0.0005	0.0004527763133669327	0.0004527763133669327	0.00040162715139573926	0.00040162715139573926	0.0003528916199535725	0.0003528916199535725	0.0003123544990889012	0.0003123544990889012	0.0002658649749837499
0.0005	0.00045745092441010606	0.00045745092441010606	0.0004151102590546255	0.0004151102590546255	0.0003753114469172481	0.0003753114469172481	0.0003408049129175558	0.0003408049129175558	0.00030770809918344224
0.0005	0.0004582667487673124	0.0004582667487673124	0.0004179337153400421	0.0004179337153400421	0.00037422306398842033	0.00037422306398842033	0.0003284970542103355	0.0003284970542103355	0.0002794740881023618
0.0005	0.0004509999299296605	0.0004509999299296605	0.0003970218277789818	0.0003970218277789818	0.00035267714011342257	0.00035267714011342257	0.000308523853944139	0.000308523853944139	0.00026066836700859065
0.0005	0.00045592059210696286	0.00045592059210696286	0.00041893335807857127	0.00041893335807857127	0.0003854997218884055	0.0003854997218884055	0.0003540697845524835	0.0003540697845524835	0.00032272422070821606
0.0005	0.000452263668658108	0.000452263668658108	0.0004059160215601181	0.0004059160215601181	0.0003607519935166042	0.0003607519935166042	0.00031934893950367885	0.00031934893950367885	0.000280698289252482
0.0005	0.00046817378248121633	0.00046817378248121633	0.00044130924753948275	0.00044130924753948275	0.00041265550365596963	0.00041265550365596963	0.00037905859346544317	0.00037905859346544317	0.00034486363071380263
0.0005	0.0004515218159848027	0.0004515218159848027	0.0004085907853461737	0.0004085907853461737	0.00036251497207347643	0.00036251497207347643	0.00031965578910462107	0.00031965578910462107	0.00027836242681932846
0.0005	0.0004697211540367838	0.0004697211540367838	0.00044292695546904753	0.00044292695546904753	0.0004118806879706647	0.0004118806879706647	0.0003855338215788673	0.0003855338215788673	0.0003571027288540049
0.0005	0.0004707823438512406	0.0004707823438512406	0.0004424914574731077	0.0004424914574731077	0.00041479407204164827	0.00041479407204164827	0.0003932614822695103	0.0003932614822695103	0.0003677732719562387
0.0005	0.00045815500513907224	0.00045815500513907224	0.00041897360135392765	0.00041897360135392765	0.00038670371145364265	0.00038670371145364265	0.000351449635946819	0.000351449635946819	0.00031769722159596004
0.0005	0.0004705510281677241	0.0004705510281677241	0.00043791496958871636	0.00043791496958871636	0.000411456480825363	0.000411456480825363	0.0003835846709695581	0.0003835846709695581	0.00035365637212450015
0.0005	0.0004553403577662019	0.0004553403577662019	0.0004126674187557765	0.0004126674187557765	0.0003746751870866145	0.0003746751870866145	0.00034228749659835807	0.00034228749659835807	0.0003048143146293356
0.0005	0.0004792015012338416	0.0004792015012338416	0.00045937255565620935	0.00045937255565620935	0.00043955878975976545	0.00043955878975976545	0.00041886226701040314	0.00041886226701040314	0.00039839397242082657
0.0005	0.0004598080253140711	0.0004598080253140711	0.0004170566030257706	0.0004170566030257706	0.00037739931799780804	0.00037739931799780804	0.00033886028373986826	0.00033886028373986826	0.0003074454938098884
0.0005	0.0004520764961828708	0.0004520764961828708	0.0004039177936613239	0.0004039177936613239	0.00035514547469291997	0.00035514547469291997	0.0003078345205390651	0.0003078345205390651	0.0002646246307165151
0.0005	0.00046446798722632395	0.00046446798722632395	0.0004306558848810288	0.0004306558848810288	0.00040472179368250695	0.00040472179368250695	0.0003728145726198928	0.0003728145726198928	0.00034199979818013787
0.0005	0.0004454142885951848	0.0004454142885951848	0.000396788128128048	0.000396788128128048	0.0003488130783387944	0.0003488130783387944	0.0002917281090861612	0.0002917281090861612	0.00023787282021336438
0.0005	0.0004626853622898556	0.0004626853622898556	0.0004311632455582004	0.0004311632455582004	0.0003928475877543876	0.0003928475877543876	0.0003567830632109697	0.0003567830632109697	0.00032116776245010904
0.0005	0.00046624209548802044	0.00046624209548802044	0.0004282794132040487	0.0004282794132040487	0.00039919161628738806	0.00039919161628738806	0.00036554246541826925	0.00036554246541826925	0.00033709803002102595
0.0005	0.0004534992357429691	0.0004534992357429691	0.00040428942898368956	0.00040428942898368956	0.000361010058240615	0.000361010058240615	0.0003164300721758057	0.0003164300721758057	0.00026809932968714363
0.0005	0.00047683436099505463	0.00047683436099505463	0.00045768607290382215	0.00045768607290382215	0.00044260484698949463	0.00044260484698949463	0.0004201712795544497	0.0004201712795544497	0.00040433658013743867
0.0005	0.00045415187550184856	0.00045415187550184856	0.00041007466243404383	0.00041007466243404383	0.00036992552165033925	0.00036992552165033925	0.00032805137494079715	0.00032805137494079715	0.0002882798851467178
0.0005	0.00045949193658619296	0.00045949193658619296	0.0004223333378068051	0.0004223333378068051	0.0003849262397815466	0.0003849262397815466	0.00034735389537820637	0.00034735389537820637	0.0003102155309631015
0.0005	0.0004494159837126064	0.0004494159837126064	0.00040074638753575484	0.00040074638753575484	0.0003445676974731768	0.0003445676974731768	0.00029048017005659264	0.00029048017005659264	0.00023290660706460977
0.0005	0.00046741266669943834	0.00046741266669943834	0.0004354262774529824	0.0004354262774529824	0.000402490299531908	0.000402490299531908	0.00037203412710950796	0.00037203412710950796	0.0003358010819259272
0.0005	0.0004661222250451791	0.0004661222250451791	0.0004372334145075532	0.0004372334145075532	0.00040453298323068603	0.00040453298323068603	0.0003738383678140254	0.0003738383678140254	0.00033945070015088083
0.0005	0.0004654796400196676	0.0004654796400196676	0.0004365221638136531	0.0004365221638136531	0.00041152826896946257	0.00041152826896946257	0.0003857758516568171	0.0003857758516568171	0.00036266409616604497
0.0005	0.00046554051393986415	0.00046554051393986415	0.0004336741590934663	0.0004336741590934663	0.00039987318179966573	0.00039987318179966573	0.0003675480782679709	0.0003675480782679709	0.00033661939584075446
0.0005	0.000459251870075654	0.000459251870075654	0.00041765523836929794	0.00041765523836929794	0.0003726450769420878	0.0003726450769420878	0.0003311751120817405	0.0003311751120817405	0.0002894813316214737
0.0005	0.00045800844033859044	0.00045800844033859044	0.0004118476212681008	0.0004118476212681008	0.000370845437511439	0.000370845437511439	0.0003303957135439986	0.0003303957135439986	0.00029105048629737547
0.0005	0.00046780255161969775	0.00046780255161969775	0.0004352379385773849	0.0004352379385773849	0.0004048110868337173	0.0004048110868337173	0.0003731433052609444	0.0003731433052609444	0.0003424177209719863
0.0005	0.00045573371040507997	0.00045573371040507997	0.0004072955873567794	0.0004072955873567794	0.00036390485116056555	0.00036390485116056555	0.00031577118295539883	0.00031577118295539883	0.00027321909366507255
0.0005	0.0004475349338974716	0.0004475349338974716	0.00039771955969359214	0.00039771955969359214	0.00034696274387333964	0.00034696274387333964	0.00029698118267002346	0.00029698118267002346	0.00024203267375079576
0.0005	0.0004702045545819031	0.0004702045545819031	0.00044708905951702706	0.00044708905951702706	0.0004195655834622878	0.0004195655834622878	0.00039673321958291145	0.00039673321958291145	0.0003777818884697967
0.0005	0.0004637245304992383	0.0004637245304992383	0.00042941548856173604	0.00042941548856173604	0.00039809159204468617	0.00039809159204468617	0.0003733506832939231	0.0003733506832939231	0.0003498786911190108
0.0005	0.00045913832300085755	0.00045913832300085755	0.0004214847438271339	0.0004214847438271339	0.00037985828000143145	0.00037985828000143145	0.00034020135457378477	0.00034020135457378477	0.0003026873406122751
0.0005	0.0004546170978283247	0.0004546170978283247	0.0004078252118367864	0.0004078252118367864	0.0003621201488374975	0.0003621201488374975	0.0003225999006766445	0.0003225999006766445	0.0002774087223409367
0.0005	0.0004583651251539789	0.0004583651251539789	0.00041222010325842073	0.00041222010325842073	0.0003652785515951746	0.0003652785515951746	0.0003222539614917946	0.0003222539614917946	0.0002792875971667767
0.0005	0.00047209548787541754	0.00047209548787541754	0.0004460467804309653	0.0004460467804309653	0.00042428152891847	0.00042428152891847	0.00040006271802308345	0.00040006271802308345	0.00037745643458657406
0.0005	0.00045535439438810664	0.00045535439438810664	0.00040918111676310184	0.00040918111676310184	0.00036406393915475773	0.00036406393915475773	0.000322025636163314	0.000322025636163314	0.00027938432161518043
0.0005	0.0004507846602353332	0.0004507846602353332	0.0004044640595994545	0.0004044640595994545	0.00035995005762240847	0.00035995005762240847	0.00031310700633163717	0.00031310700633163717	0.000267858824446059
0.0005	0.0004661669234400136	0.0004661669234400136	0.0004346632229544861	0.0004346632229544861	0.0004056661203322066	0.0004056661203322066	0.00038155220536276706	0.00038155220536276706	0.00035359696771017867
0.0005	0.00046290949111924484	0.00046290949111924484	0.00042951841417802043	0.00042951841417802043	0.00039537195065285764	0.00039537195065285764	0.000362826836389294	0.000362826836389294	0.00032834982543594835
0.0005	0.0004493796510732821	0.0004493796510732821	0.0003999142325486944	0.0003999142325486944	0.0003557236351952227	0.0003557236351952227	0.0003065077175966981	0.0003065077175966981	0.0002576808647319529
0.0005	0.00045686659186513687	0.00045686659186513687	0.0004091473934060441	0.0004091473934060441	0.0003625754502953926	0.0003625754502953926	0.0003158584292481179	0.0003158584292481179	0.00027730566211861855
0.0005	0.0004508323842522752	0.0004508323842522752	0.0004033980827981009	0.0004033980827981009	0.00036095528622336417	0.00036095528622336417	0.00032110065254730644	0.00032110065254730644	0.00028278932885111423
0.0005	0.0004598055075259137	0.0004598055075259137	0.00041575686982839213	0.00041575686982839213	0.00038127626094654497	0.00038127626094654497	0.00034690783766779925	0.00034690783766779925	0.0003086801519535352
0.0005	0.0004606623480160229	0.0004606623480160229	0.0004186989492131667	0.0004186989492131667	0.0003796182230330091	0.0003796182230330091	0.00034197479868637977	0.00034197479868637977	0.0003114672090875487
0.0005	0.0004605530977154232	0.0004605530977154232	0.00041555325097914457	0.00041555325097914457	0.0003731801773819451	0.0003731801773819451	0.00032564774143768353	0.00032564774143768353	0.0002786398672213758
0.0005	0.00047833653703171824	0.00047833653703171824	0.00045737024615488556	0.00045737024615488556	0.0004394720718529073	0.0004394720718529073	0.0004183227085572274	0.0004183227085572274	0.00039879674852207015
0.0005	0.00045870945788089863	0.00045870945788089863	0.000416495002447224	0.000416495002447224	0.0003710258302694734	0.0003710258302694734	0.0003254693814169812	0.0003254693814169812	0.00028443793225217364
0.0005	0.00045368543115628944	0.00045368543115628944	0.0004161598158757834	0.0004161598158757834	0.00038001663089434637	0.00038001663089434637	0.0003397366243457844	0.0003397366243457844	0.00030122250840886473
0.0005	0.0004726822418150379	0.0004726822418150379	0.0004408028495021323	0.0004408028495021323	0.0004162544221022194	0.0004162544221022194	0.0003868346173554667	0.0003868346173554667	0.00035853517334053235
0.0005	0.0004612802476418047	0.0004612802476418047	0.0004178555541739201	0.0004178555541739201	0.0003831372204313658	0.0003831372204313658	0.00034356515257780656	0.00034356515257780656	0.0003053106191119489
0.0005	0.00046486105946787724	0.00046486105946787724	0.00043413276106569863	0.00043413276106569863	0.000401833539814387	0.000401833539814387	0.0003763136422223217	0.0003763136422223217	0.00035174290048090864
0.0005	0.0004499086764027911	0.0004499086764027911	0.00040103614644746414	0.00040103614644746414	0.000353006926423201	0.000353006926423201	0.00030491358555814567	0.00030491358555814567	0.0002569757153993558
