0.5998965972915212	0.515485789695083	0.6092014172154476	0.5162742841553304	0.6024223810729418	0.5175540758341342	0.5989260445389464	0.5211191800353904	0.5886585708167087	0.5225268962571655
0.6082431299525587	0.5253389373514605	0.6035198761610585	0.5224990083701924	0.6123245410164186	0.5199745082412007	0.6172389399398865	0.5187667620082691	0.5923322408596711	0.5173888745900397
0.6107851775880403	0.5542653226112126	0.6061207827175029	0.5523987804566886	0.6147176267729698	0.5479071148108755	0.6137037461549635	0.5430593486078752	0.6100973454118899	0.5411969070724826
0.6151075114125163	0.5586092988711358	0.5952714596146246	0.5594614519075831	0.6022381625558686	0.5616174015323852	0.6037172380278697	0.5642481968603991	0.6003397504108395	0.56369867659881
0.6025957714975667	0.5408903336382005	0.6173292643024312	0.5367804345688972	0.611396052104769	0.5329863682427536	0.5958154885376972	0.5314191384778323	0.6009137682285273	0.5296037564567878
0.4588486074202115	0.5152415159091539	0.4728800151406771	0.5134500638930376	0.47202436664099007	0.5081221865637118	0.4691286263325366	0.5041890924181253	0.45989377150659955	0.5008715368415512
0.4588486074202115	0.5600031811775104	0.4681123957626728	0.5579462229410386	0.4612156732097775	0.5545623673204025	0.4702052378298447	0.5513403319767594	0.4599913072836558	0.5469454008651053
0.4588486074202115	0.5517355977656887	0.47224385795033574	0.5489770856432691	0.4725216166827574	0.5438383918673605	0.45988519915040676	0.5398580424899205	0.4698691521747726	0.5368141785582733
0.4711148110300608	0.5707429242924758	0.46064288494672356	0.5700875716063899	0.4612414340287286	0.5697083952047954	0.4664022365727925	0.5690494718925826	0.47121507421909853	0.5685528735003735
0.46377512142557514	0.5487941188233184	0.46434681701774444	0.5469865105983788	0.4611924081357117	0.5408688380276011	0.4657562742088255	0.5365695166329935	0.4699499917031564	0.5342473120113601
0.4588486074202115	0.5109180202518747	0.4605164269265106	0.5100237145527727	0.4611139674859139	0.5085873140842646	0.45981099122080493	0.5073414955968909	0.4598892682694261	0.5062316298480608
0.4588486074202115	0.5356554523340785	0.46056867561614945	0.5367638062639092	0.46844131325057087	0.5392188195432308	0.4598754402975706	0.5412198059759811	0.45996988963546853	0.5422738551983607
0.4588486074202115	0.4931734562408761	0.4604788798351855	0.4927668673761911	0.4610773453641842	0.491202036712369	0.4628359593791278	0.48975983322970235	0.45986428298061144	0.4888203893440419
0.46940854166573337	0.5381101417142868	0.46057386711933257	0.5391596346374176	0.471485035973131	0.5420725500647898	0.46837026897743606	0.5430213721095868	0.4736120363623055	0.5454530918265932
0.4588486074202115	0.5129504612942715	0.47473830329834255	0.5131295401842594	0.4611221250303085	0.5116489068755748	0.4722849882320909	0.5129339882661248	0.47234154653624577	0.512240856057035
0.4660082712234281	0.5088166649157141	0.46961555942299427	0.5060605336927656	0.4682552824129792	0.5023777869612629	0.4598072562124754	0.5000582999886094	0.4598832565368236	0.49749904745078105
0.4670567049662696	0.5272753709692013	0.4605509309482899	0.5281510884930161	0.47126430032409916	0.5315521503891049	0.4598592884620077	0.5339594148199244	0.4599453970450591	0.534718348746375
0.4588486074202115	0.4934678327818828	0.47032943406879335	0.49162621288810926	0.4708238094210126	0.4912837807304614	0.4597745701693531	0.4897965538088267	0.4665875713685322	0.4884497340451018
0.46651063849277535	0.5558454961414601	0.4606113654756775	0.5552913065374702	0.47079882631913145	0.5545949523203569	0.4599078126024213	0.5540112305361338	0.4599877067843301	0.5533729981560808
0.4588486074202115	0.5175906862975289	0.4679855462661375	0.5178556849032443	0.46113038635091624	0.5175774196640169	0.4598298697552069	0.5190212090626879	0.46744622476879116	0.5187322911797573
0.470855631532916	0.5562507997635412	0.46061222209254954	0.5578417135215058	0.4717790090859585	0.559953994288753	0.47064343873775616	0.5629065040494785	0.46947424725530523	0.5636760467747239
0.4588486074202115	0.5518207183868354	0.4705609246817839	0.5507483490934107	0.46120039733471857	0.5480643895633671	0.4599064209318406	0.5445238279970794	0.4711161582292415	0.5420067228427393
0.4588486074202115	0.5524148533662203	0.47106122304728903	0.5530806718203961	0.4612053055764756	0.5545868065456466	0.4599153099926879	0.5539098860969698	0.45999507553468855	0.5532231245305866
0.4588486074202115	0.5533217115668003	0.47038868740559864	0.5528265768628311	0.4652849292427972	0.5519303101988134	0.4599022025766127	0.5513349070089345	0.4712507219220508	0.5506355335228119
0.4681890261132471	0.5378029226907349	0.4605732709195292	0.5345549567245091	0.47208609330029105	0.5298547375412935	0.4598682646328927	0.5267818771032934	0.4599384599811033	0.5231356622332108
0.4705760563420593	0.5522358862724308	0.460603731159238	0.5513552947518914	0.4765706587818595	0.5504476144901255	0.4684486749896694	0.5495392842315	0.46547710081042626	0.5489906725760408
0.4674752886146112	0.5537229071362544	0.46060693241342415	0.5521377122699228	0.4612033370084931	0.5492533247507511	0.47601987309775207	0.546354913405862	0.45997824583925495	0.542887404615918
0.4630952107910195	0.5563636258922265	0.46061250651680397	0.5553289022293872	0.46121012526960514	0.5504440210012634	0.46503069387679546	0.5463338902082983	0.46809262537814084	0.5431175719043378
0.4588486074202115	0.5593267093507498	0.4664340817119985	0.5590379593701188	0.461217956850945	0.5582759587746298	0.4678242193608993	0.5575906877400114	0.4679758481705328	0.5570763570368296
0.47049815567520453	0.5132070991421237	0.4605212550227006	0.5123207287881401	0.4731045394787123	0.5114317600963568	0.4655868794529847	0.510458295972192	0.4695300189576962	0.5094618519035196
0.4588486074202115	0.5398733555039373	0.4605775961984728	0.5406545268439753	0.46616015505079106	0.5415985819188576	0.4695832043047806	0.5434586470763577	0.45997192114386076	0.542341287222198
0.4588486074202115	0.5590000743635579	0.47138899504907533	0.5554504405837173	0.46121038393714864	0.5496202992150664	0.4702060689351388	0.5451452934842316	0.4599727890941287	0.5414709846366406
0.47059436516730435	0.5203996609608915	0.4688867136933219	0.519682953580379	0.469409641325753	0.5181480311236619	0.4705616751817838	0.5181005178597452	0.45992012558809775	0.5163121172508474
0.4588486074202115	0.5576364002590931	0.4713632423383097	0.5565677561656176	0.46509098404298194	0.555074133044895	0.4671157992932297	0.553907235472798	0.4599958782601691	0.5529034604575226
0.4588486074202115	0.5333138098858089	0.472885088024859	0.5304921392912387	0.4611574090004913	0.5275516540166578	0.470059622910566	0.5259388298522152	0.4599363760446587	0.5239573754263974
0.47123285685305755	0.5689206091662525	0.46063905390116067	0.5682781023943348	0.47155885485591936	0.5676394760126873	0.4599352988780499	0.5641423622269904	0.46001731387460976	0.5615152463578363
0.4588486074202115	0.549793895133226	0.4605986110155769	0.5485315099575402	0.4611956893263899	0.5469131290799158	0.459891661735836	0.5456071657950835	0.470172352660089	0.5447511800974085
0.4703625865248607	0.5253740452169238	0.4667323764641982	0.5229595409330615	0.4611461241789739	0.5198031317915791	0.4598425503653064	0.517192649277722	0.4721555482734034	0.514625129243422
0.46827155101655976	0.5324567753107371	0.4682325857669558	0.5295448359551684	0.4691759648548254	0.5254247691514979	0.4635578398526058	0.524045041598682	0.46647620557178193	0.5224165900269498
0.4588486074202115	0.5541379932072422	0.4711647287037283	0.5531364923015728	0.4612054353770844	0.5514651778117845	0.4599110829226311	0.5502487799017184	0.46974451020435565	0.5490264536677985
0.4660398795874784	0.5581748632771218	0.4606163261092899	0.5574952915073099	0.46907111089055087	0.556175815949043	0.4660306388113606	0.5553962617650822	0.45999929312926613	0.5547275586127658
0.4588486074202115	0.5527850906487083	0.46060489272572824	0.5546123508206059	0.4612085470629998	0.5549401854604192	0.45991741818718856	0.5541291853769561	0.45999310028902335	0.5530873549187515
0.4588486074202115	0.5394348066627456	0.4728134755268376	0.5403813881561623	0.461178282277762	0.5415594447373375	0.4701913040644814	0.5453758779214127	0.45996947965163143	0.5464388969295995
0.47177396279812034	0.5662213360642235	0.4606303118100418	0.5629286357524379	0.461226265147859	0.5586973280322016	0.4737301385851758	0.5548043803145067	0.46000197355024475	0.552981021760349
0.4644373746666148	0.5495355258463789	0.46059808681990355	0.5452794175308686	0.4611888156945718	0.5407864399694172	0.47055419372121965	0.5395672617206011	0.4704918880312341	0.5366855154994433
0.46909222845655374	0.5525587309219663	0.47298810171961786	0.5536541685741353	0.4690303933281406	0.5564516960314123	0.46655724052896563	0.5580092600851768	0.4600043445242806	0.5580502767401504
0.47264697984213827	0.570647119982777	0.4606427286772529	0.5685989329786507	0.4746699663056069	0.5633593416367196	0.47109971028264475	0.559406282621295	0.4600048891482281	0.5557158630193301
0.4588486074202115	0.5470074232062299	0.4705005192526918	0.5444749873094871	0.47273033633691713	0.5395976087172902	0.4727499446725607	0.5356098193443981	0.4694820159284751	0.532173143617021
0.4588486074202115	0.5543212701039633	0.4606081867752601	0.5533034809712639	0.4612058125288203	0.5515338686158897	0.46778316804363923	0.5505892760694302	0.47205300771867	0.5493543082209987
0.4588486074202115	0.5225010424577419	0.47009374090808337	0.5238228107915637	0.46915581113459043	0.5264632989016258	0.4598485747025811	0.5270423950836824	0.4599415679700772	0.5283314934733347
0.4588486074202115	0.5558049754506399	0.4689728707977311	0.5548349320750312	0.4612090423285538	0.5533606688739312	0.46647719510859154	0.5521955610462707	0.46848027013790033	0.5510669947085116
0.4588486074202115	0.5194062993466804	0.46712281199735717	0.520711209132723	0.46113649198894546	0.5232290269856996	0.47247031300856757	0.5251640457922179	0.46998526838831195	0.526847453838029
0.4588486074202115	0.5172839197176956	0.460529800177197	0.5171115729334547	0.461128858957725	0.5165236298206533	0.47364259963319955	0.516707779177488	0.4654295134079547	0.516405934034505
0.4588486074202115	0.5425385971420543	0.46058328745650057	0.5389460950268133	0.46973994100424227	0.5342797208047755	0.4598750154887365	0.5303831665023785	0.45994384317151	0.5274486718732306
0.4685759488369412	0.5274738925015021	0.4605514344497051	0.5258235516077373	0.470462584854418	0.5233795623811225	0.46589489234942927	0.5216385120610368	0.45992465982941744	0.51978125751956
0.4588486074202115	0.5481678918878143	0.46059517188640714	0.5459410499072441	0.4660538191598208	0.5420382824981919	0.4727703380065255	0.5375457189830803	0.45995297308712546	0.5348993370251356
0.4588486074202115	0.5004456049518953	0.4604941486744737	0.5001520398299226	0.46109276509461167	0.5007202968872299	0.45979438161453534	0.501187427112941	0.45987625601577	0.5008128451947454
0.4688826926040768	0.5492666419758949	0.4605975069650237	0.5461003515415703	0.4611905147550836	0.5405050848110003	0.4598781811302705	0.5369562496461175	0.47090037544329394	0.5337299553032155
0.4655817619801601	0.5614287696144165	0.4637742370208354	0.5600916420639855	0.4612202173121295	0.5587648552489027	0.4627830053758474	0.5574049136835405	0.469269852550675	0.5556896321957698
0.4588486074202115	0.5299126329676289	0.4605565927295334	0.5281807974201287	0.4731062628588509	0.5249744452558643	0.45985545358815144	0.5236698957133666	0.45992890190102476	0.5215584507805079
0.4588486074202115	0.5680200302299233	0.4720388195686826	0.5692911405029848	0.4755947728767447	0.5715448724552447	0.4599511336411582	0.5741210721464246	0.4688887099891882	0.5765992877347788
0.4588486074202115	0.533477882840498	0.4716460029177026	0.5346902363810738	0.4611661959367161	0.5377975115442769	0.467434155283986	0.5395632043708297	0.47013340987145397	0.5413640113931835
0.47014394824235023	0.5376597572663756	0.4605729572094504	0.5364983217774069	0.47349410355133276	0.5316696973847083	0.4598589596481814	0.5271572613864306	0.467499143554053	0.5243880143485219
0.46605351326948696	0.5590550417835314	0.4606181763107495	0.5590377898293287	0.4709133134783607	0.557472054964496	0.46800979824862554	0.5571697703782312	0.46000267126112576	0.5566641562384439
0.4588486074202115	0.5051798854302735	0.4667992005434686	0.5050957767258059	0.47461270231020114	0.5047751541389042	0.4598140400427543	0.5046811749128357	0.47306684573597035	0.5047362445703841
0.46524818894181336	0.5569444379380885	0.4678295621726594	0.5559839883082965	0.4740364285550361	0.5543347101224582	0.46937409508014766	0.5531223884992456	0.47260042847697353	0.5521434080651424
0.4687235769088916	0.5497397037364795	0.4744220481797362	0.5487392457384563	0.47200421233614376	0.5468184083866641	0.4705581090254841	0.5457027978321634	0.4702782968446742	0.5445550256748525
0.4684504601907437	0.5696184927655377	0.47405677998407625	0.5713959723377687	0.46124418938305817	0.5736015695082282	0.4675874582580901	0.575762513091297	0.4600390323801513	0.5751861583640773
0.4588486074202115	0.5240232740213486	0.4605440637483837	0.5245168422412865	0.46114459432108384	0.5270165501631795	0.4702617604985958	0.5311741053433563	0.45994883515050916	0.5324149255177092
0.4588486074202115	0.5266041573298063	0.467889305344677	0.5256669264197924	0.4611470343679398	0.526547896921656	0.4668266563780262	0.5282158872113366	0.459940987941815	0.5287163232681099
0.4588486074202115	0.5278893273808823	0.46759876405596906	0.5255137164680839	0.47162316152052725	0.5216109512089228	0.4687680348497942	0.5202728694751099	0.4712655423648183	0.5174890533463758
0.4677019831738898	0.536620955294155	0.4696763111151844	0.5334090208079679	0.4611635823833725	0.5287655369709705	0.4598646097743279	0.5245148168377519	0.45993278249763225	0.5217901473520588
0.4712048471115977	0.5527011069603093	0.4690259394847805	0.5522192028975201	0.4612034198522594	0.5512237427066686	0.46766559247982803	0.5506055222004774	0.4664497260935547	0.5498372870141074
0.47039881497782654	0.5543819343007197	0.4606082812826986	0.5529299194237778	0.4703688836873833	0.5523732512007505	0.47038167572335093	0.5512811236581789	0.4718060526215761	0.5504965071147879
0.47003679579539104	0.5344316925560052	0.4661909512931226	0.5313201773777394	0.46499911996324733	0.5258528234506221	0.45985892173363146	0.5231944848791408	0.45993023787565834	0.5213814064535807
0.4692518321874026	0.5577844113772468	0.4606154888829598	0.5574917349795767	0.4699639652976926	0.5567454376901162	0.4599123626694719	0.5561796990798097	0.4704062781826748	0.555510456763334
0.4672256398078011	0.5721557720128552	0.47201024568895816	0.5716409940966967	0.4693472768410763	0.5708609084815064	0.4703920232427224	0.570355145649329	0.4600304329746231	0.5699274508130696
0.4588486074202115	0.5184394982564017	0.4714949480017041	0.5177259381314616	0.4611303371077053	0.5161772892172235	0.4691942956016552	0.5148590233604503	0.47632293670985576	0.5142255989361888
0.4588486074202115	0.5313995464216971	0.46055972699174674	0.5291778108667984	0.4611545958984171	0.5238023889325332	0.4706414475974407	0.5201232650989595	0.4702620049835146	0.5172059893333559
0.4588486074202115	0.5405719614184737	0.4651652406124907	0.5404723989599559	0.46117848573918946	0.5444314133906188	0.46649414829454444	0.5458079991497975	0.4716780378099278	0.5467060657329559
0.46430840699882875	0.5550742113422048	0.46060975671078525	0.5541935286938671	0.46120768018986197	0.5526178061884464	0.4722470456193843	0.5512875419411201	0.45998645473304767	0.550368811404515
0.46822877639134486	0.5514985260834242	0.46060218264547104	0.5528922264366485	0.46120486031182945	0.5550879636382218	0.4711655903949786	0.5572147706017395	0.47120453112502925	0.5571372597750462
0.4588486074202115	0.514657631669271	0.4605241967679253	0.5126216116569577	0.4667782172504828	0.5103087202755424	0.4598263226368897	0.508263944427942	0.4598987819701295	0.505111348843442
0.4647036769831904	0.553994888207008	0.4606074852235004	0.5529540404735428	0.46120507041280173	0.5514394256295089	0.4662609907531978	0.5503375967360798	0.46392913909894634	0.5492117681952394
0.46415824329453653	0.5625889228238489	0.469652475456047	0.5622936767277994	0.4719093145858669	0.5609373185399885	0.4662394070987473	0.5599255096802853	0.4684127414069263	0.558909105178077
0.4588486074202115	0.5265147605402253	0.4605524261018915	0.5235598270730092	0.4611426854961786	0.5191368907406909	0.46893059833831846	0.5171584282771985	0.45991680367255006	0.515827278977637
0.46946104931549454	0.543642067077004	0.47430066061159537	0.5410828144939882	0.4691766201498027	0.5374695472000928	0.4675125260802008	0.5326027546073082	0.45995100426114544	0.5289050261677328
0.4588486074202115	0.5600893052736257	0.46062034111001854	0.5595511781591459	0.47054779837644056	0.5589289930833911	0.45991693729945116	0.5583487724964897	0.4599968567267374	0.5576505624562651
0.4706497763631094	0.5569165926328861	0.4606136647964336	0.5560520617146285	0.46121164975989637	0.5543555359812166	0.4599073309778403	0.5533413730723826	0.47518352014600046	0.5522890544050182
0.4588486074202115	0.5571838389156721	0.4606142526234859	0.5554828555318061	0.46800969599520226	0.5528952891446307	0.4701984263630927	0.5499076937152158	0.4700630229189697	0.5466856703113488
0.46997872737451174	0.5503677123226483	0.4605998358403216	0.548697111235283	0.4741316344424219	0.5430928522061016	0.4711513610046018	0.5398882075620516	0.4599677478496736	0.5364231192782339
0.46849918967594645	0.547174493643948	0.4605930818580713	0.5445198794641767	0.4611871581189527	0.5393486104792229	0.4598757462628504	0.5351625949560157	0.47095993742825476	0.5319751166258783
0.47071478391849503	0.5496085884876774	0.4605981744259331	0.5505978678984913	0.4689111355255485	0.5536572827200005	0.45990583847265415	0.5549707103611987	0.45999812835823123	0.5540138767907985
0.4588486074202115	0.5021755333568173	0.4604978070873224	0.5024303888411636	0.4662168600435035	0.5020132086475976	0.45980967081870766	0.5021083974099056	0.4631344300782352	0.502186350148285
0.47227720823419217	0.5548582924723802	0.46947995772011825	0.5539088685874937	0.46120707566139774	0.552145420016869	0.4599026778031455	0.5510155755081224	0.4678999639886671	0.5499628623182837
0.4588486074202115	0.5514777451075418	0.473625977452793	0.5486772080137717	0.471638966879991	0.5439253368428092	0.45989788005763355	0.5404578931548081	0.4599673230917466	0.53699555496555
0.46919494691710384	0.5238304632870288	0.460543634739499	0.5243024193653355	0.47476772264396777	0.5238645774437908	0.4655811931137515	0.524420802607359	0.46875682457608275	0.5253557126059979
0.47142501574338275	0.5488645204597741	0.4605966453126577	0.5474460322484549	0.47419460191927243	0.5436312694043979	0.4598974044140379	0.5390415401211843	0.45996449843513143	0.5364735653668564
0.4588486074202115	0.5291264884844661	0.46673436520940925	0.5281909620142822	0.46115541971923835	0.5257538622218859	0.4731315333416219	0.5241713285258128	0.47375534767329164	0.5228968311560983
0.4588486074202115	0.5590312546145082	0.4606181260000661	0.558363185910774	0.46121653522332073	0.5572749752718001	0.4599134775556616	0.5561001592857419	0.45999211333212764	0.5558678536497511
