0.00025	0.0027326339575067023	0.0027326339575067023	0.00521379135198042	0.00521379135198042	0.0076186645721964055	0.0076186645721964055	0.010088345848880166	0.010088345848880166	0.012488448983327282
0.00025	0.003303665346408192	0.003303665346408192	0.00624162344167829	0.00624162344167829	0.009100016563934396	0.009100016563934396	0.011793848004718993	0.011793848004718993	0.014404013432092199
0.00025	0.002484364085614146	0.002484364085614146	0.004628714783532194	0.004628714783532194	0.00698168993882038	0.00698168993882038	0.00935188328438116	0.00935188328438116	0.011829440000402652
0.00025	0.002050143742657117	0.002050143742657117	0.0037522113389982605	0.0037522113389982605	0.00558972485358574	0.00558972485358574	0.00728995373897553	0.00728995373897553	0.009022790142617306
0.00025	0.0024032607130996067	0.0024032607130996067	0.0046320445185081905	0.0046320445185081905	0.006919766267604826	0.006919766267604826	0.009096565092647028	0.009096565092647028	0.011427017828863704
0.00025	0.00036439846067911567	0.00036439846067911567	0.000347754920869547	0.000347754920869547	0.0002628391506061534	0.0002628391506061534	0.00016588527086171693	0.00016588527086171693	0.00014107096190014117
0.00025	0.00012015752104733014	0.00012015752104733014	0.00011283034522226195	0.00011283034522226195	9.682704369536787e-5	9.682704369536787e-5	0.0001059113588111084	0.0001059113588111084	9.222890173276976e-5
0.00025	0.0009872939861719765	0.0009872939861719765	0.000776514619714206	0.000776514619714206	0.0006227318607049	0.0006227318607049	0.0006828988679906695	0.0006828988679906695	0.0006518979538337422
0.00025	9.222568813863397e-5	9.222568813863397e-5	7.401994303125123e-5	7.401994303125123e-5	6.821661484989155e-5	6.821661484989155e-5	7.372072981808974e-5	7.372072981808974e-5	7.976777636614894e-5
0.00025	0.0001620961910463103	0.0001620961910463103	0.00014622914210642312	0.00014622914210642312	0.00014677046122158968	0.00014677046122158968	0.000156032344075003	0.000156032344075003	0.0001749344722639999
0.00025	5.068707012729564e-5	5.068707012729564e-5	4.2745525833277065e-5	4.2745525833277065e-5	3.4551391105083766e-5	3.4551391105083766e-5	3.576081606242987e-5	3.576081606242987e-5	3.949491264799514e-5
0.00025	0.0002312653557049148	0.0002312653557049148	0.0002759934843202771	0.0002759934843202771	0.00020578321039613765	0.00020578321039613765	0.00021527906631623259	0.00021527906631623259	0.00037885532795962326
0.00025	0.00014004321228489278	0.00014004321228489278	0.00015692917238096656	0.00015692917238096656	0.00016162452688947546	0.00016162452688947546	0.0001620060246726923	0.0001620060246726923	0.00015342692834489658
0.00025	0.00041919868208754	0.00041919868208754	0.000217654720503203	0.000217654720503203	0.00012087580958244423	0.00012087580958244423	0.0001290096649133781	0.0001290096649133781	0.00013804723757547272
0.00025	0.0006148047654358083	0.0006148047654358083	0.00041103732835363595	0.00041103732835363595	0.0007262202856838746	0.0007262202856838746	0.0005268847584276844	0.0005268847584276844	0.00031694135227671035
0.00025	0.00011273842480165229	0.00011273842480165229	0.00012356507571493222	0.00012356507571493222	0.00012125952099635351	0.00012125952099635351	0.0001242082206217089	0.0001242082206217089	0.00011601440833432666
0.00025	0.0008107066022881304	0.0008107066022881304	0.0005332232929982313	0.0005332232929982313	0.0006391321380942107	0.0006391321380942107	0.0006591848659859448	0.0006591848659859448	0.0004836722828654384
0.00025	0.000106063682284473	0.000106063682284473	0.00010839831228261661	0.00010839831228261661	0.0001115866220180083	0.0001115866220180083	0.00014154494527422574	0.00014154494527422574	0.00011990388184524209
0.00025	7.342446439505036e-5	7.342446439505036e-5	6.370021250439347e-5	6.370021250439347e-5	5.955872425749959e-5	5.955872425749959e-5	6.150835466554213e-5	6.150835466554213e-5	7.506773737436597e-5
0.00025	0.0002277695711634327	0.0002277695711634327	0.00019396573775173355	0.00019396573775173355	0.00015426092202558512	0.00015426092202558512	0.00029114443583442125	0.00029114443583442125	0.00015361802931650325
0.00025	0.00037955313449232497	0.00037955313449232497	0.00046479402445025897	0.00046479402445025897	0.00019701608886396317	0.00019701608886396317	0.0002140044529880478	0.0002140044529880478	0.00011654524780588684
0.00025	0.0005394082144386554	0.0005394082144386554	0.0001463809951166198	0.0001463809951166198	0.00014584456630827247	0.00014584456630827247	0.00016876527698292735	0.00016876527698292735	0.0001768879184408026
0.00025	0.00022639628273597728	0.00022639628273597728	0.00012926385107609015	0.00012926385107609015	0.00013311122556997727	0.00013311122556997727	0.00014004619688995143	0.00014004619688995143	0.0001341128080930904
0.00025	0.00011021495127843982	0.00011021495127843982	0.00012624461732255605	0.00012624461732255605	0.00012623072096723604	0.00012623072096723604	0.0001224369574784667	0.0001224369574784667	0.00011191695883573479
0.00025	0.00010226540323767248	0.00010226540323767248	7.775775349308796e-5	7.775775349308796e-5	7.930759660010269e-5	7.930759660010269e-5	7.897728055251275e-5	7.897728055251275e-5	8.126336815000907e-5
0.00025	0.0005257369112416917	0.0005257369112416917	0.00034763578363415794	0.00034763578363415794	0.0003038953482504009	0.0003038953482504009	0.00033020561216581226	0.00033020561216581226	0.00027335044971731477
0.00025	0.0009658435763330042	0.0009658435763330042	0.0005901656582754546	0.0005901656582754546	0.0004624417411093161	0.0004624417411093161	0.00024103322534142565	0.00024103322534142565	0.00034140928516068915
0.00025	0.00026958494589649764	0.00026958494589649764	0.0003510489999972815	0.0003510489999972815	0.00018635286683448286	0.00018635286683448286	0.0002520079878724883	0.0002520079878724883	0.0002266764043239137
0.00025	0.00011839557818178745	0.00011839557818178745	0.00014936888973955377	0.00014936888973955377	0.000161068115347516	0.000161068115347516	0.00012276050235600564	0.00012276050235600564	0.00012334582376356243
0.00025	0.0006868310922162054	0.0006868310922162054	0.0007380922964826775	0.0007380922964826775	0.0003694732708769296	0.0003694732708769296	0.0002497469939180281	0.0002497469939180281	0.00019173800941566833
0.00025	0.00012196645743253408	0.00012196645743253408	0.00018022723896010182	0.00018022723896010182	0.0001285640137869442	0.0001285640137869442	0.00021116849770557014	0.00021116849770557014	0.00012949713954776024
0.00025	0.0004608681258726038	0.0004608681258726038	0.00028618541208651535	0.00028618541208651535	0.0002991903624598313	0.0002991903624598313	0.00038054511021191597	0.00038054511021191597	0.00039738566830289105
0.00025	0.0003989974379017473	0.0003989974379017473	0.0001885770477453735	0.0001885770477453735	0.0003751109442427559	0.0003751109442427559	0.00022546781212903254	0.00022546781212903254	0.000324430542577609
0.00025	0.0005419635664298327	0.0005419635664298327	0.0003835904750598598	0.0003835904750598598	0.0005112195015493937	0.0005112195015493937	0.0004450194512322115	0.0004450194512322115	0.0001492633833851125
0.00025	0.00013937695695066528	0.00013937695695066528	0.00016273038674172554	0.00016273038674172554	0.00015652058322874535	0.00015652058322874535	0.0001597625043349043	0.0001597625043349043	0.00015278260370155472
0.00025	0.00010078460212674765	0.00010078460212674765	0.0001317662764633789	0.0001317662764633789	0.00011949376829279154	0.00011949376829279154	0.00012556595732655013	0.00012556595732655013	0.00011583866884009458
0.00025	0.00010912920515140427	0.00010912920515140427	0.00012557789708475883	0.00012557789708475883	0.0001274580755246302	0.0001274580755246302	0.000186629032317627	0.000186629032317627	0.00018266699310320796
0.00025	0.00011241323897834929	0.00011241323897834929	0.00013095088845065732	0.00013095088845065732	0.0002349768882695116	0.0002349768882695116	0.00014069446779012068	0.00014069446779012068	0.0001335115496110251
0.00025	0.0001931913066055419	0.0001931913066055419	0.00012915474061792309	0.00012915474061792309	0.00013203348803427208	0.00013203348803427208	0.0001398802707248314	0.0001398802707248314	0.0001397405664152118
0.00025	0.00010190556251803154	0.00010190556251803154	0.0001337593831427054	0.0001337593831427054	0.00012736718647292508	0.00012736718647292508	0.00013949587396339949	0.00013949587396339949	0.00014356420144777927
0.00025	6.463531752472836e-5	6.463531752472836e-5	4.671452812643229e-5	4.671452812643229e-5	4.333316111635847e-5	4.333316111635847e-5	4.047068879768474e-5	4.047068879768474e-5	6.885231727412341e-5
0.00025	0.0005938306222534315	0.0005938306222534315	0.00030512645338042204	0.00030512645338042204	0.000523888647418657	0.000523888647418657	0.00029298173212901886	0.00029298173212901886	0.0001497750223240541
0.00025	0.0001004711417731352	0.0001004711417731352	0.00012320997733895097	0.00012320997733895097	0.00011975900770561328	0.00011975900770561328	0.00013078573119791996	0.00013078573119791996	0.00011917909701395976
0.00025	0.00040050055682112423	0.00040050055682112423	0.00021114898941876014	0.00021114898941876014	0.00014760120231269733	0.00014760120231269733	0.00015148375467731142	0.00015148375467731142	0.00015276537339347325
0.00025	9.292112245743066e-5	9.292112245743066e-5	7.022988586513225e-5	7.022988586513225e-5	6.697675229802804e-5	6.697675229802804e-5	7.048190945942054e-5	7.048190945942054e-5	6.747331054551057e-5
0.00025	0.00039741135563581205	0.00039741135563581205	0.00020465464871261002	0.00020465464871261002	0.0003668428636522112	0.0003668428636522112	0.0002568054510591206	0.0002568054510591206	0.00018407333987406993
0.00025	0.0001399905588368793	0.0001399905588368793	0.00014933372685364252	0.00014933372685364252	0.00019636226019125588	0.00019636226019125588	0.00013243815455137953	0.00013243815455137953	0.0001277285547575716
0.00025	0.0005661993713080223	0.0005661993713080223	0.0004918321138857771	0.0004918321138857771	0.0005500136149170887	0.0005500136149170887	0.00047277746424520295	0.00047277746424520295	0.0004574656635407995
0.00025	0.0005000983780160473	0.0005000983780160473	0.0005855590992832884	0.0005855590992832884	0.0006419339613053807	0.0006419339613053807	0.00037269946051006177	0.00037269946051006177	0.000440234323938912
0.00025	0.00012428972315523874	0.00012428972315523874	0.0001584995572429425	0.0001584995572429425	0.00015228417273879647	0.00015228417273879647	0.00015105540757200851	0.00015105540757200851	0.00013611759985565993
0.00025	0.00010181367071900723	0.00010181367071900723	0.00010076206247921352	0.00010076206247921352	0.00014746212704427162	0.00014746212704427162	9.552182519634958e-5	9.552182519634958e-5	0.0001670941060777766
0.00025	0.0003306518280897467	0.0003306518280897467	0.00021256799303629562	0.00021256799303629562	0.00016845244147409782	0.00016845244147409782	0.00017278875845654854	0.00017278875845654854	0.00018343825895650906
0.00025	9.909327103394302e-5	9.909327103394302e-5	8.098396050238682e-5	8.098396050238682e-5	8.359886400954483e-5	8.359886400954483e-5	9.0135337676081e-5	9.0135337676081e-5	0.00010920685177669907
0.00025	0.0005932326880648286	0.0005932326880648286	0.0006134627329171256	0.0006134627329171256	0.0004860740173045111	0.0004860740173045111	0.0003351779801864957	0.0003351779801864957	0.00033067566547673595
0.00025	0.0001238104144719922	0.0001238104144719922	0.00011958070351427252	0.00011958070351427252	0.00012460431586718674	0.00012460431586718674	0.00011349115932546863	0.00011349115932546863	0.00012135133811416848
0.00025	0.0003227921657632107	0.0003227921657632107	0.00034895990339813514	0.00034895990339813514	0.00013809431461102658	0.00013809431461102658	0.0001624801615535382	0.0001624801615535382	0.00015505168051531233
0.00025	0.0003625968827777184	0.0003625968827777184	0.0004369313330225802	0.0004369313330225802	0.00014535346231958653	0.00014535346231958653	0.00025312535819542974	0.00025312535819542974	0.00019875057977443043
0.00025	0.00012661291494437123	0.00012661291494437123	0.00011832692529546891	0.00011832692529546891	0.00011837811737640002	0.00011837811737640002	0.00012778690973581417	0.00012778690973581417	0.00011182278709249211
0.00025	0.0007401068046211642	0.0007401068046211642	0.0006770347034439722	0.0006770347034439722	0.0005270230280135125	0.0005270230280135125	0.0004218588246013491	0.0004218588246013491	0.0005253609815173989
0.00025	0.00020331567879475733	0.00020331567879475733	0.00012792727407672072	0.00012792727407672072	9.675561741579749e-5	9.675561741579749e-5	0.0001277316570105363	0.0001277316570105363	0.00010142460329934924
0.00025	0.00011298258527299901	0.00011298258527299901	7.722416391256095e-5	7.722416391256095e-5	9.170658690062525e-5	9.170658690062525e-5	8.920985989547892e-5	8.920985989547892e-5	0.00011488646065838198
0.00025	0.0002052936681669838	0.0002052936681669838	0.00023807842747689887	0.00023807842747689887	0.00014392591153018574	0.00014392591153018574	0.0001581514441643032	0.0001581514441643032	0.00015370983342818974
0.00025	0.0003968167518469496	0.0003968167518469496	0.00021479429136283092	0.00021479429136283092	0.00015485663106208118	0.00015485663106208118	0.00016370058008836522	0.00016370058008836522	0.00015394438397945616
0.00025	0.0006924357392701449	0.0006924357392701449	0.0007722475497546136	0.0007722475497546136	0.00045411893048777753	0.00045411893048777753	0.00044450446967017875	0.00044450446967017875	0.0006734730502146097
0.00025	0.0002957172593749799	0.0002957172593749799	0.00023354371672665064	0.00023354371672665064	0.00022757813760628111	0.00022757813760628111	0.00016957746660685788	0.00016957746660685788	0.00018940845785922624
0.00025	0.00028703725387946435	0.00028703725387946435	0.00028761422422674633	0.00028761422422674633	0.00021403827287104133	0.00021403827287104133	0.00025102387781232935	0.00025102387781232935	0.00016135697577836396
0.00025	0.00011685159669613908	0.00011685159669613908	0.00013133092357060444	0.00013133092357060444	0.00012603928190607513	0.00012603928190607513	0.00012516849483898746	0.00012516849483898746	0.00011166132894384192
0.00025	0.00010642916529302155	0.00010642916529302155	0.00021481040126824081	0.00021481040126824081	0.00015069110814374092	0.00015069110814374092	0.000130562811661784	0.000130562811661784	0.00011235897986992222
0.00025	0.00011617838887554143	0.00011617838887554143	0.00012325508862368975	0.00012325508862368975	0.00013092098276561658	0.00013092098276561658	0.00011872452615284242	0.00011872452615284242	0.0001151714993432944
0.00025	0.0007682881368295374	0.0007682881368295374	0.0006410781684913425	0.0006410781684913425	0.0005268683546663901	0.0005268683546663901	0.0005471636656968424	0.0005471636656968424	0.0004211021927393527
0.00025	0.000552539876061249	0.000552539876061249	0.0005518591395739935	0.0005518591395739935	0.00030243469956411874	0.00030243469956411874	0.0003732480494738435	0.0003732480494738435	0.00018316730976118125
0.00025	0.0003262465800333107	0.0003262465800333107	0.00016640455058169866	0.00016640455058169866	0.00016428836116709545	0.00016428836116709545	0.0001789930664661734	0.0001789930664661734	0.00018020875128877862
0.00025	0.0005198541888105535	0.0005198541888105535	0.00038974635718625264	0.00038974635718625264	0.00013212014381516572	0.00013212014381516572	0.00022302605213863483	0.00022302605213863483	0.00013833598649419326
0.00025	0.00012938688030413408	0.00012938688030413408	0.0001473964357532267	0.0001473964357532267	0.00014365292497192178	0.00014365292497192178	0.00015125170647495938	0.00015125170647495938	0.0001384290008277174
0.00025	0.0004312286089293327	0.0004312286089293327	0.000460038836842949	0.000460038836842949	0.00033945205887369386	0.00033945205887369386	0.00028111648859631183	0.00028111648859631183	0.00040758242461145486
0.00025	0.00046816242063447245	0.00046816242063447245	0.00025962687210775276	0.00025962687210775276	0.00023318547363064402	0.00023318547363064402	0.00014015275958368146	0.00014015275958368146	0.0002102909161871451
0.00025	8.33308640685893e-5	8.33308640685893e-5	8.72561836282473e-5	8.72561836282473e-5	7.388694282892262e-5	7.388694282892262e-5	7.893824008759241e-5	7.893824008759241e-5	7.131466375063895e-5
0.00025	9.862798059643978e-5	9.862798059643978e-5	7.803995612650878e-5	7.803995612650878e-5	6.127960108915956e-5	6.127960108915956e-5	6.081425461238744e-5	6.081425461238744e-5	5.4094833302740254e-5
0.00025	0.000401918482963656	0.000401918482963656	0.0003557419266756918	0.0003557419266756918	0.00029563005197530293	0.00029563005197530293	0.00019933772175735866	0.00019933772175735866	0.0001408880880971336
0.00025	0.00028654730303229555	0.00028654730303229555	0.00024442109064840386	0.00024442109064840386	0.000210350296654582	0.000210350296654582	0.0001855188348584727	0.0001855188348584727	0.0002616487029086045
0.00025	0.0001394599775227403	0.0001394599775227403	0.0001623312956683287	0.0001623312956683287	0.00016390435359616012	0.00016390435359616012	0.0001581221153361135	0.0001581221153361135	0.00014827568423880227
0.00025	0.0004603053494708023	0.0004603053494708023	0.000317983708555998	0.000317983708555998	0.00042538289472392144	0.00042538289472392144	0.0003430382046736078	0.0003430382046736078	0.00017435512459406806
0.00025	0.00011450861870520607	0.00011450861870520607	0.00011920370100167343	0.00011920370100167343	0.00015133385922363495	0.00015133385922363495	0.00012783610112809506	0.00012783610112809506	0.00011714064526446239
0.00025	0.0005250844286399745	0.0005250844286399745	0.0002247663461825795	0.0002247663461825795	0.0003527038929889221	0.0003527038929889221	0.00042101648646919383	0.00042101648646919383	0.0004642279945769042
0.00025	0.00010833225330777152	0.00010833225330777152	0.00012747454106352645	0.00012747454106352645	0.00011969737914336399	0.00011969737914336399	0.00012806285683671448	0.00012806285683671448	0.0001158089683718639
0.00025	0.00015520126314892972	0.00015520126314892972	0.00017378455111192258	0.00017378455111192258	0.00016599480890922995	0.00016599480890922995	0.00017355291456554425	0.00017355291456554425	0.00018722195376852626
0.00025	0.0004818272789959347	0.0004818272789959347	0.00043814948093116613	0.00043814948093116613	0.00020683360217194088	0.00020683360217194088	0.0001467717777029389	0.0001467717777029389	0.00022646686273797138
0.00025	0.00012315349066580798	0.00012315349066580798	0.00012439429874108802	0.00012439429874108802	9.372747705732945e-5	9.372747705732945e-5	0.00012592984022207046	0.00012592984022207046	0.00010964490631571528
0.00025	0.0003436122585857108	0.0003436122585857108	0.0001908471880822411	0.0001908471880822411	0.00023308684866126867	0.00023308684866126867	0.0004912018364870343	0.0004912018364870343	0.00016151216498489136
0.00025	9.640817513788224e-5	9.640817513788224e-5	0.00011854604451361236	0.00011854604451361236	0.00011858471666352291	0.00011858471666352291	0.00014142975083917877	0.00014142975083917877	0.00015526553975624165
0.00025	0.0003317984460448142	0.0003317984460448142	0.0002908677034880192	0.0002908677034880192	0.0002965889869271174	0.0002965889869271174	0.00018711533244459053	0.00018711533244459053	0.00018919463932942914
0.00025	0.00010897662844083965	0.00010897662844083965	0.00013112155204650074	0.00013112155204650074	0.00011935065206709849	0.00011935065206709849	0.00013281945380640682	0.00013281945380640682	0.00011708808454122548
0.00025	0.00015878085025281463	0.00015878085025281463	0.00010923841707636077	0.00010923841707636077	0.00010661662174994993	0.00010661662174994993	0.0001358454791226418	0.0001358454791226418	0.00010802077641988273
0.00025	0.0002780682108870409	0.0002780682108870409	0.00034234460739755837	0.00034234460739755837	0.0002989455408610276	0.0002989455408610276	0.00014111456334121958	0.00014111456334121958	0.00014915793839836736
0.00025	0.00010112629280658683	0.00010112629280658683	0.00012953311359133058	0.00012953311359133058	0.0001244689375813989	0.0001244689375813989	0.00012307605958232563	0.00012307605958232563	0.00011657872476556322
0.00025	0.00043617943787587475	0.00043617943787587475	0.00023733024119516953	0.00023733024119516953	0.0005277887569300394	0.0005277887569300394	0.0003047341821621396	0.0003047341821621396	0.0002924782977246894
0.00025	0.00010493562549685078	0.00010493562549685078	0.00013251450060740506	0.00013251450060740506	0.00012513835735300584	0.00012513835735300584	0.00012323803773432794	0.00012323803773432794	0.00011349420881248629
0.00025	0.00020211939747195726	0.00020211939747195726	0.0001693525551867725	0.0001693525551867725	0.00016543508427780337	0.00016543508427780337	0.0001757171302168311	0.0001757171302168311	0.00019276049662820646
0.00025	0.00017802834704565965	0.00017802834704565965	0.0001518308547549273	0.0001518308547549273	0.00013443421246836474	0.00013443421246836474	0.00016443148310577298	0.00016443148310577298	0.00016743931466749981
0.00025	0.0001245240738950214	0.0001245240738950214	0.00013145466839266254	0.00013145466839266254	0.00010959122675550908	0.00010959122675550908	0.00019934944500070147	0.00019934944500070147	0.00019182497971837015
