0.005	0.005054452555210017	0.005054452555210017	0.005606512547030154	0.005606512547030154	0.006907577958755747	0.006907577958755747	0.008076511603837674	0.008076511603837674	0.009169606855594767
0.005	0.004766265474112957	0.004766265474112957	0.00498573831282371	0.00498573831282371	0.0059380106629798625	0.0059380106629798625	0.007204396465280313	0.007204396465280313	0.008171980914572679
0.005	0.004987139302828719	0.004987139302828719	0.005077172960109404	0.005077172960109404	0.005906240820548204	0.005906240820548204	0.006672711802576804	0.006672711802576804	0.0074323543420821885
0.005	0.004798831987633775	0.004798831987633775	0.004984271720306209	0.004984271720306209	0.005738891086426102	0.005738891086426102	0.0062758967835738946	0.0062758967835738946	0.0067584842086438664
0.005	0.004723295085238902	0.004723295085238902	0.004990325084636979	0.004990325084636979	0.005736096310309508	0.005736096310309508	0.0065648552133769356	0.0065648552133769356	0.007462618260646098
0.005	0.0029938490300055287	0.0029938490300055287	0.0013194500932219686	0.0013194500932219686	0.00041152012173931683	0.00041152012173931683	0.00017139196367696753	0.00017139196367696753	9.045330122410453e-5
0.005	0.002928886362678527	0.002928886362678527	0.0013079144771288534	0.0013079144771288534	6.480602492046809e-5	6.480602492046809e-5	5.1421241597597926e-5	5.1421241597597926e-5	4.5797508804522056e-5
0.005	0.0029768006970416483	0.0029768006970416483	0.0012834829994952711	0.0012834829994952711	4.688077752592973e-5	4.688077752592973e-5	5.5584917507791946e-5	5.5584917507791946e-5	4.552652644670945e-5
0.005	0.002920248725538455	0.002920248725538455	0.0012519283085419505	0.0012519283085419505	4.683695076511727e-5	4.683695076511727e-5	4.665350151627328e-5	4.665350151627328e-5	4.662440683813157e-5
0.005	0.003058203682406386	0.003058203682406386	0.0014218285317841514	0.0014218285317841514	0.00010118786533024277	0.00010118786533024277	5.7780844060751576e-5	5.7780844060751576e-5	5.983402428978823e-5
0.005	0.0026199147686395688	0.0026199147686395688	0.0009088573002439968	0.0009088573002439968	0.0001508725947419168	0.0001508725947419168	4.84741516773161e-5	4.84741516773161e-5	4.438917677371193e-5
0.005	0.0031021603223756367	0.0031021603223756367	0.0014737580064082274	0.0014737580064082274	0.0005676093516529443	0.0005676093516529443	4.3971878881094085e-5	4.3971878881094085e-5	5.28918799659124e-5
0.005	0.0030278426982574096	0.0030278426982574096	0.0017342574849271316	0.0017342574849271316	0.0011964877175810718	0.0011964877175810718	0.0008281527228210094	0.0008281527228210094	0.0003430468152754973
0.005	0.0032216751930249743	0.0032216751930249743	0.0016804130576982541	0.0016804130576982541	0.0007993737946729927	0.0007993737946729927	6.398825300874432e-5	6.398825300874432e-5	4.3986434251085925e-5
0.005	0.0029488467420496277	0.0029488467420496277	0.001141669546549063	0.001141669546549063	0.000293494932055452	0.000293494932055452	0.00028152879307870765	0.00028152879307870765	0.00012993319020325562
0.005	0.002999907930543603	0.002999907930543603	0.0012455712675268364	0.0012455712675268364	0.0004471749600154291	0.0004471749600154291	9.722693171165396e-5	9.722693171165396e-5	7.324862227158985e-5
0.005	0.0027756364358448803	0.0027756364358448803	0.0011368459182968746	0.0011368459182968746	0.00041926760809120274	0.00041926760809120274	5.1499955573151256e-5	5.1499955573151256e-5	4.6741712922314226e-5
0.005	0.0031299581627012825	0.0031299581627012825	0.0020709256345165256	0.0020709256345165256	0.0016100551474770447	0.0016100551474770447	0.0011726489556340453	0.0011726489556340453	0.0007474695306308658
0.005	0.003084551950295764	0.003084551950295764	0.0016826996941807539	0.0016826996941807539	0.0003987125506086206	0.0003987125506086206	4.760887792100025e-5	4.760887792100025e-5	4.573209033357729e-5
0.005	0.0028197978890779126	0.0028197978890779126	0.0010407282664500433	0.0010407282664500433	0.0001988592797290653	0.0001988592797290653	7.225668658102911e-5	7.225668658102911e-5	6.476543277046499e-5
0.005	0.002861690942436249	0.002861690942436249	0.0011679767832613486	0.0011679767832613486	6.310368177284095e-5	6.310368177284095e-5	5.815953908231532e-5	5.815953908231532e-5	4.9536778319130826e-5
0.005	0.0030687590121477215	0.0030687590121477215	0.0015111832589440718	0.0015111832589440718	0.00012801945969680522	0.00012801945969680522	4.741313791264419e-5	4.741313791264419e-5	4.5149158360121516e-5
0.005	0.003049435876216735	0.003049435876216735	0.0016510475769822809	0.0016510475769822809	0.00042470128845672426	0.00042470128845672426	4.824446368930909e-5	4.824446368930909e-5	5.0919412674316565e-5
0.005	0.002996455573633321	0.002996455573633321	0.0018601592699665397	0.0018601592699665397	0.0006280275944420638	0.0006280275944420638	4.5173692556905625e-5	4.5173692556905625e-5	4.577575804137521e-5
0.005	0.0030551788549582773	0.0030551788549582773	0.0012028310130327625	0.0012028310130327625	4.656139318662366e-5	4.656139318662366e-5	5.4036969851898406e-5	5.4036969851898406e-5	4.880293121604381e-5
0.005	0.003260336691139327	0.003260336691139327	0.0019274541084536249	0.0019274541084536249	0.0008503110147023902	0.0008503110147023902	5.078300705990973e-5	5.078300705990973e-5	4.7317995730636624e-5
0.005	0.0029840463328002233	0.0029840463328002233	0.0014011635531509233	0.0014011635531509233	4.8274265785456285e-5	4.8274265785456285e-5	4.592057393866491e-5	4.592057393866491e-5	4.5210693342284745e-5
0.005	0.0030361007626204706	0.0030361007626204706	0.0010814862947152273	0.0010814862947152273	4.7864125157936947e-5	4.7864125157936947e-5	5.81050058742967e-5	5.81050058742967e-5	6.710998803278066e-5
0.005	0.002933568131950827	0.002933568131950827	0.0015686778153790712	0.0015686778153790712	0.00011396739427688827	0.00011396739427688827	4.5686399543950424e-5	4.5686399543950424e-5	4.5732723741135316e-5
0.005	0.002883186200780542	0.002883186200780542	0.0013311472127380299	0.0013311472127380299	0.0006086153980521657	0.0006086153980521657	7.903339832185521e-5	7.903339832185521e-5	5.748530377650677e-5
0.005	0.0029044882720097136	0.0029044882720097136	0.0010133189109994727	0.0010133189109994727	7.707463101203202e-5	7.707463101203202e-5	4.678548476980099e-5	4.678548476980099e-5	6.624726619214875e-5
0.005	0.002882284151588187	0.002882284151588187	0.0011938802025629634	0.0011938802025629634	4.6634800395499364e-5	4.6634800395499364e-5	5.744882946671226e-5	5.744882946671226e-5	4.5819100240004925e-5
0.005	0.0029317638744689963	0.0029317638744689963	0.0009945359954168702	0.0009945359954168702	0.0002036025508421722	0.0002036025508421722	9.513276102342709e-5	9.513276102342709e-5	7.933808293482426e-5
0.005	0.0030770305315159898	0.0030770305315159898	0.0015809698439811007	0.0015809698439811007	0.000243499510958148	0.000243499510958148	4.6438278662026544e-5	4.6438278662026544e-5	4.561232915099923e-5
0.005	0.0026249134626719676	0.0026249134626719676	0.0008488184404831944	0.0008488184404831944	5.15686377407506e-5	5.15686377407506e-5	6.61201169390096e-5	6.61201169390096e-5	5.0634163926926304e-5
0.005	0.003028418437243247	0.003028418437243247	0.0011958521186913324	0.0011958521186913324	4.71373770710619e-5	4.71373770710619e-5	5.1875640179398405e-5	5.1875640179398405e-5	5.972805810386394e-5
0.005	0.003065061438920485	0.003065061438920485	0.00147184990970686	0.00147184990970686	0.00011717187281602779	0.00011717187281602779	4.641795307110124e-5	4.641795307110124e-5	4.489904026995656e-5
0.005	0.002878151584182545	0.002878151584182545	0.0013129731247307314	0.0013129731247307314	0.00016673848153619264	0.00016673848153619264	6.769217936798683e-5	6.769217936798683e-5	5.896688454938311e-5
0.005	0.002806198576606488	0.002806198576606488	0.0009966536609979264	0.0009966536609979264	4.6246738736346716e-5	4.6246738736346716e-5	5.821764253178792e-5	5.821764253178792e-5	4.637520054039897e-5
0.005	0.0030559749436573024	0.0030559749436573024	0.001594658583007112	0.001594658583007112	0.00017959702555546764	0.00017959702555546764	4.704726093321212e-5	4.704726093321212e-5	4.5281573649343063e-5
0.005	0.003105548488655067	0.003105548488655067	0.001519302572766139	0.001519302572766139	0.00025012264333075594	0.00025012264333075594	5.1011570487699896e-5	5.1011570487699896e-5	5.740416284808953e-5
0.005	0.003031244718203689	0.003031244718203689	0.0014705177803963515	0.0014705177803963515	0.00023483064656571874	0.00023483064656571874	6.118376111021321e-5	6.118376111021321e-5	4.517845445932316e-5
0.005	0.0027155875949203146	0.0027155875949203146	0.0011291913963776415	0.0011291913963776415	0.00011947880876482526	0.00011947880876482526	6.172052001565696e-5	6.172052001565696e-5	4.715897057919605e-5
0.005	0.0028287755028244595	0.0028287755028244595	0.0007572456944567434	0.0007572456944567434	4.739250995881345e-5	4.739250995881345e-5	6.121933112457937e-5	6.121933112457937e-5	5.608864270231596e-5
0.005	0.002801352917591268	0.002801352917591268	0.0008017727756148421	0.0008017727756148421	4.640004747579794e-5	4.640004747579794e-5	6.791834610385593e-5	6.791834610385593e-5	4.904985495882092e-5
0.005	0.0030871035288789575	0.0030871035288789575	0.0016819872318553333	0.0016819872318553333	0.0005608187275528964	0.0005608187275528964	5.3153634438190444e-5	5.3153634438190444e-5	5.1580810965618244e-5
0.005	0.0030140980759951795	0.0030140980759951795	0.0011648454686755958	0.0011648454686755958	5.4396768796178336e-5	5.4396768796178336e-5	5.536513758448168e-5	5.536513758448168e-5	4.676177090703212e-5
0.005	0.0030697806370835585	0.0030697806370835585	0.0014586416612903988	0.0014586416612903988	0.00019116412253269893	0.00019116412253269893	4.777599945041388e-5	4.777599945041388e-5	4.478167934908451e-5
0.005	0.0030826235944789063	0.0030826235944789063	0.0014740449557030812	0.0014740449557030812	5.8420303644198726e-5	5.8420303644198726e-5	4.701146104455347e-5	4.701146104455347e-5	4.527111821906839e-5
0.005	0.0031820764966826467	0.0031820764966826467	0.0016829025467682938	0.0016829025467682938	0.0009222382017678838	0.0009222382017678838	6.356905324775115e-5	6.356905324775115e-5	6.0038333429535904e-5
0.005	0.0031117861393142603	0.0031117861393142603	0.0018258404429755298	0.0018258404429755298	0.00038668881008279793	0.00038668881008279793	4.7292785006948626e-5	4.7292785006948626e-5	4.5395398326347805e-5
0.005	0.002723531213223575	0.002723531213223575	0.0011297861703716918	0.0011297861703716918	0.00036709957998892344	0.00036709957998892344	5.869844788067802e-5	5.869844788067802e-5	4.645282058180129e-5
0.005	0.0032237705122148833	0.0032237705122148833	0.0013518504108159003	0.0013518504108159003	0.0005201888023152326	0.0005201888023152326	7.856956515289483e-5	7.856956515289483e-5	6.737058673508847e-5
0.005	0.002844923171901799	0.002844923171901799	0.000976555050681462	0.000976555050681462	5.179998758644099e-5	5.179998758644099e-5	5.2398038894682656e-5	5.2398038894682656e-5	4.448404729166986e-5
0.005	0.0027263598835454116	0.0027263598835454116	0.0008382157272138316	0.0008382157272138316	6.076745947687664e-5	6.076745947687664e-5	5.219027689628017e-5	5.219027689628017e-5	4.6129984521295636e-5
0.005	0.003053344159185396	0.003053344159185396	0.0013105423602656325	0.0013105423602656325	0.00016638403958228455	0.00016638403958228455	5.0913078205438184e-5	5.0913078205438184e-5	4.575772406742917e-5
0.005	0.0029445359924028807	0.0029445359924028807	0.0011366665444399139	0.0011366665444399139	0.0005649080082340683	0.0005649080082340683	0.00012166677022049108	0.00012166677022049108	7.008848393547096e-5
0.005	0.003215776484402856	0.003215776484402856	0.0014458249139070417	0.0014458249139070417	6.472066670675385e-5	6.472066670675385e-5	6.196512316785602e-5	6.196512316785602e-5	4.4987476995171376e-5
0.005	0.0031015523253880655	0.0031015523253880655	0.0016659091776920999	0.0016659091776920999	0.00012070908188835164	0.00012070908188835164	4.8917903695068755e-5	4.8917903695068755e-5	4.588106951021267e-5
0.005	0.002552115701972539	0.002552115701972539	0.0006191798251442491	0.0006191798251442491	0.00010316591389790698	0.00010316591389790698	5.347685879203032e-5	5.347685879203032e-5	4.8429491941248906e-5
0.005	0.0028652931149784127	0.0028652931149784127	0.0012881622184806336	0.0012881622184806336	7.780645723814728e-5	7.780645723814728e-5	4.721699504992051e-5	4.721699504992051e-5	5.643534761448709e-5
0.005	0.0030556001729794622	0.0030556001729794622	0.0015513529443012212	0.0015513529443012212	0.0005966606453577933	0.0005966606453577933	5.374061522689092e-5	5.374061522689092e-5	4.718210979174307e-5
0.005	0.0029268558722631843	0.0029268558722631843	0.0009567860259460234	0.0009567860259460234	5.251236970932944e-5	5.251236970932944e-5	6.889485754498201e-5	6.889485754498201e-5	4.531662717285423e-5
0.005	0.003091386648367125	0.003091386648367125	0.0014776579743103642	0.0014776579743103642	0.00014714065784787573	0.00014714065784787573	5.374363120313284e-5	5.374363120313284e-5	5.445920891295931e-5
0.005	0.0033174241699696055	0.0033174241699696055	0.0016184743373105237	0.0016184743373105237	0.0010829534916131148	0.0010829534916131148	0.0004820109404968783	0.0004820109404968783	0.00012011626093044606
0.005	0.0032164663029287124	0.0032164663029287124	0.001944729298435825	0.001944729298435825	0.0005795743388490899	0.0005795743388490899	4.871932704336078e-5	4.871932704336078e-5	4.548660182883197e-5
0.005	0.0031807323501512608	0.0031807323501512608	0.0016999276470678155	0.0016999276470678155	0.0004944497692593842	0.0004944497692593842	4.738440963771654e-5	4.738440963771654e-5	4.498500352132355e-5
0.005	0.0030348617024274715	0.0030348617024274715	0.0013821050633606564	0.0013821050633606564	6.876776988703131e-5	6.876776988703131e-5	5.658091279363676e-5	5.658091279363676e-5	4.97478837201076e-5
0.005	0.003049189582552941	0.003049189582552941	0.0015035486335884247	0.0015035486335884247	0.0006920242912506907	0.0006920242912506907	7.761351493487e-5	7.761351493487e-5	5.5859284274901106e-5
0.005	0.003032568403691651	0.003032568403691651	0.0012513075235882454	0.0012513075235882454	0.00028859109488743004	0.00028859109488743004	8.430501420561535e-5	8.430501420561535e-5	6.132659539337084e-5
0.005	0.0026663355625355725	0.0026663355625355725	0.0008518351365034668	0.0008518351365034668	6.868358708258626e-5	6.868358708258626e-5	5.83294970737032e-5	5.83294970737032e-5	4.351737953077524e-5
0.005	0.0030760673781304905	0.0030760673781304905	0.0013430767704327145	0.0013430767704327145	4.677634977872839e-5	4.677634977872839e-5	5.706756102070412e-5	5.706756102070412e-5	5.073627807227473e-5
0.005	0.0027384138108654467	0.0027384138108654467	0.0012029252350094282	0.0012029252350094282	5.270629101505107e-5	5.270629101505107e-5	4.58196331978509e-5	4.58196331978509e-5	4.5176743200804435e-5
0.005	0.0031777133698234284	0.0031777133698234284	0.0018080240289581474	0.0018080240289581474	0.0005376135126061831	0.0005376135126061831	4.7534949180797555e-5	4.7534949180797555e-5	4.542543949394916e-5
0.005	0.0029540540067798603	0.0029540540067798603	0.001177971279020009	0.001177971279020009	4.50840371499842e-5	4.50840371499842e-5	5.438135927718375e-5	5.438135927718375e-5	4.3811729801358544e-5
0.005	0.0031595203054748007	0.0031595203054748007	0.0016969542667303874	0.0016969542667303874	0.00045216100919320915	0.00045216100919320915	4.5862563213064574e-5	4.5862563213064574e-5	4.8042924306571404e-5
0.005	0.0029171263432207226	0.0029171263432207226	0.001316481932188724	0.001316481932188724	4.685472410530609e-5	4.685472410530609e-5	4.667590870273282e-5	4.667590870273282e-5	4.671842355613679e-5
0.005	0.0027187630325147204	0.0027187630325147204	0.0012575217959320143	0.0012575217959320143	0.0003753947635208324	0.0003753947635208324	5.9694454997286736e-5	5.9694454997286736e-5	5.2155325817424924e-5
0.005	0.00293481125107199	0.00293481125107199	0.0011009950958300234	0.0011009950958300234	4.5937300436408625e-5	4.5937300436408625e-5	5.517516587733897e-5	5.517516587733897e-5	4.887465545994597e-5
0.005	0.0030560435151431764	0.0030560435151431764	0.001576709648576721	0.001576709648576721	0.0005259534789390679	0.0005259534789390679	5.636778839968819e-5	5.636778839968819e-5	4.7772804271015695e-5
0.005	0.0032163107839259268	0.0032163107839259268	0.0016960156649597892	0.0016960156649597892	0.0002769796242703836	0.0002769796242703836	4.633238098272949e-5	4.633238098272949e-5	4.570196757867745e-5
0.005	0.0030966443247529038	0.0030966443247529038	0.0016641134653191832	0.0016641134653191832	0.0004950753877407261	0.0004950753877407261	4.496232385175517e-5	4.496232385175517e-5	4.965679897867429e-5
0.005	0.0035206605852668585	0.0035206605852668585	0.0019933498781513513	0.0019933498781513513	0.001252762659597388	0.001252762659597388	0.0005208375473403241	0.0005208375473403241	6.675146598500046e-5
0.005	0.00317860161483636	0.00317860161483636	0.0016114364703081524	0.0016114364703081524	0.00019714980222058077	0.00019714980222058077	4.683368569257987e-5	4.683368569257987e-5	4.5253436720173935e-5
0.005	0.00309763045777538	0.00309763045777538	0.0016859841247497077	0.0016859841247497077	0.0003840977332474817	0.0003840977332474817	4.5901218314704415e-5	4.5901218314704415e-5	4.770957934914107e-5
0.005	0.002766198470844337	0.002766198470844337	0.0008794802751049747	0.0008794802751049747	4.52881950122581e-5	4.52881950122581e-5	6.754987858205279e-5	6.754987858205279e-5	4.326805987287789e-5
0.005	0.003042257538950165	0.003042257538950165	0.001244562708091228	0.001244562708091228	5.753957457864667e-5	5.753957457864667e-5	5.594664613091719e-5	5.594664613091719e-5	5.624421710895325e-5
0.005	0.002759975363508524	0.002759975363508524	0.0012286083652032348	0.0012286083652032348	4.657097336067515e-5	4.657097336067515e-5	4.6685084987898864e-5	4.6685084987898864e-5	4.585529720910911e-5
0.005	0.0031341901755900527	0.0031341901755900527	0.0015144242154754087	0.0015144242154754087	6.242718519547383e-5	6.242718519547383e-5	4.759727217759156e-5	4.759727217759156e-5	4.55703181684767e-5
0.005	0.0029618499777662134	0.0029618499777662134	0.0012779894561929044	0.0012779894561929044	5.2918444132270414e-5	5.2918444132270414e-5	6.049478154758381e-5	6.049478154758381e-5	4.628290501963891e-5
0.005	0.0032450768431509782	0.0032450768431509782	0.0015419359172651596	0.0015419359172651596	0.00024203613526039994	0.00024203613526039994	4.752104084469458e-5	4.752104084469458e-5	4.5067581323571644e-5
0.005	0.0032512302676642466	0.0032512302676642466	0.0015123750614530883	0.0015123750614530883	0.00015864397029986206	0.00015864397029986206	5.782205444978764e-5	5.782205444978764e-5	4.4862157208589766e-5
0.005	0.003131829200260086	0.003131829200260086	0.0015648252015666917	0.0015648252015666917	0.0005366160502245798	0.0005366160502245798	4.633710048615854e-5	4.633710048615854e-5	4.675159070188326e-5
0.005	0.0034434135193894006	0.0034434135193894006	0.0017338512145758662	0.0017338512145758662	0.001188848951639038	0.001188848951639038	0.0006137125078527264	0.0006137125078527264	9.315711115373777e-5
0.005	0.0031811149738271553	0.0031811149738271553	0.0017719867490928595	0.0017719867490928595	0.00034676727436969845	0.00034676727436969845	4.6367320859519216e-5	4.6367320859519216e-5	4.5324956569868e-5
0.005	0.0030493791510929997	0.0030493791510929997	0.0014872394145610888	0.0014872394145610888	0.00027375751148325637	0.00027375751148325637	5.471351552983038e-5	5.471351552983038e-5	4.510720475492615e-5
0.005	0.0030103228675573087	0.0030103228675573087	0.0011879246927742162	0.0011879246927742162	0.0004286125399888983	0.0004286125399888983	7.042494320720959e-5	7.042494320720959e-5	6.970414411131805e-5
0.005	0.003225940555252213	0.003225940555252213	0.0015146165360208396	0.0015146165360208396	0.0003042069408066575	0.0003042069408066575	4.612703865537588e-5	4.612703865537588e-5	4.4907357579106416e-5
0.005	0.0025976074147526433	0.0025976074147526433	0.0007735227301045759	0.0007735227301045759	7.093943440004239e-5	7.093943440004239e-5	6.463520120391546e-5	6.463520120391546e-5	6.170639964333589e-5
0.005	0.0030414891645592188	0.0030414891645592188	0.0014965093496426113	0.0014965093496426113	5.2993267912075275e-5	5.2993267912075275e-5	5.168636560465468e-5	5.168636560465468e-5	5.1603582288821016e-5
