0.01	0.009834824111373732	0.009834824111373732	0.009707266949678772	0.009707266949678772	0.009569533362073963	0.009569533362073963	0.009420193537553917	0.009420193537553917	0.009250846120598429
0.01	0.009887207566764986	0.009887207566764986	0.009742115654299353	0.009742115654299353	0.009636865989065994	0.009636865989065994	0.00954405590483562	0.00954405590483562	0.009415335316561274
0.01	0.009870490034436323	0.009870490034436323	0.009740350308710868	0.009740350308710868	0.009656763185944163	0.009656763185944163	0.009555905534870656	0.009555905534870656	0.009452642987844331
0.01	0.009903630285111249	0.009903630285111249	0.009755101745708044	0.009755101745708044	0.009656698050019098	0.009656698050019098	0.009546247625557766	0.009546247625557766	0.00942118073496676
0.01	0.00984054027041931	0.00984054027041931	0.00975113758601621	0.00975113758601621	0.009643545633843521	0.009643545633843521	0.00947744760671462	0.00947744760671462	0.009348470064855006
0.01	0.009406415802224075	0.009406415802224075	0.008824981879112737	0.008824981879112737	0.008242402736213173	0.008242402736213173	0.0076481786385974755	0.0076481786385974755	0.007030036274264788
0.01	0.009382218610568238	0.009382218610568238	0.008793304859981541	0.008793304859981541	0.008177191012686793	0.008177191012686793	0.007581136330878327	0.007581136330878327	0.006967977364338701
0.01	0.009390727990040053	0.009390727990040053	0.00881663187338681	0.00881663187338681	0.008245553451549802	0.008245553451549802	0.007635958179745003	0.007635958179745003	0.007077763331317423
0.01	0.009431400052226093	0.009431400052226093	0.008820714583047829	0.008820714583047829	0.00820759879300491	0.00820759879300491	0.007621872986538818	0.007621872986538818	0.007035192934403564
0.01	0.009415479627663266	0.009415479627663266	0.008829307521814092	0.008829307521814092	0.008217293110659916	0.008217293110659916	0.007637973303669843	0.007637973303669843	0.007071952399591138
0.01	0.009395694598872269	0.009395694598872269	0.008792028508771197	0.008792028508771197	0.008185566408118879	0.008185566408118879	0.0075751435284332	0.0075751435284332	0.006967111836106728
0.01	0.009387003721657863	0.009387003721657863	0.008774870070916988	0.008774870070916988	0.008173261018303003	0.008173261018303003	0.007559859193735812	0.007559859193735812	0.006951620027132936
0.01	0.009394113201491189	0.009394113201491189	0.008787658341248021	0.008787658341248021	0.008178532488024755	0.008178532488024755	0.007579325718537926	0.007579325718537926	0.0069713566570019725
0.01	0.009430846653646931	0.009430846653646931	0.008817434150161745	0.008817434150161745	0.008226489985297873	0.008226489985297873	0.007651520520886179	0.007651520520886179	0.007065158112383663
0.01	0.009377506624513208	0.009377506624513208	0.008783251513133144	0.008783251513133144	0.008160695845797976	0.008160695845797976	0.007577621899257227	0.007577621899257227	0.006993641158580975
0.01	0.009397610032611633	0.009397610032611633	0.00879449568418638	0.00879449568418638	0.008209095324801815	0.008209095324801815	0.007586323566120973	0.007586323566120973	0.00696797489419241
0.01	0.009414379649412281	0.009414379649412281	0.008801598869742315	0.008801598869742315	0.008204578972060228	0.008204578972060228	0.007588058250961755	0.007588058250961755	0.0069750168096920345
0.01	0.009394316795514444	0.009394316795514444	0.008813656245351121	0.008813656245351121	0.00822412513336415	0.00822412513336415	0.007613071519926195	0.007613071519926195	0.007033137172428334
0.01	0.00941494233423559	0.00941494233423559	0.008803686220822822	0.008803686220822822	0.00821736781337564	0.00821736781337564	0.007602232585139762	0.007602232585139762	0.00699046889386773
0.01	0.009398619681746418	0.009398619681746418	0.008838253879674681	0.008838253879674681	0.008239620564459364	0.008239620564459364	0.007641718925598314	0.007641718925598314	0.007061188104714524
0.01	0.009417351257917069	0.009417351257917069	0.00880621931705175	0.00880621931705175	0.008228900424046337	0.008228900424046337	0.0076503728105042045	0.0076503728105042045	0.007055659932216561
0.01	0.00938839018036264	0.00938839018036264	0.008804934889682321	0.008804934889682321	0.008191218468682858	0.008191218468682858	0.007577074564136912	0.007577074564136912	0.006994169305891242
0.01	0.009390031402208064	0.009390031402208064	0.008803300855303807	0.008803300855303807	0.008192559472130817	0.008192559472130817	0.007582111182865744	0.007582111182865744	0.006976987491069594
0.01	0.009389284908013178	0.009389284908013178	0.008823924256793174	0.008823924256793174	0.008230708688263675	0.008230708688263675	0.007615865083528685	0.007615865083528685	0.007046129021526758
0.01	0.00942497480514972	0.00942497480514972	0.008819112006745207	0.008819112006745207	0.0082427123453697	0.0082427123453697	0.007635437289105906	0.007635437289105906	0.007032942362568991
0.01	0.009414421562584319	0.009414421562584319	0.00880309830280494	0.00880309830280494	0.00821889742526056	0.00821889742526056	0.0076481823750469535	0.0076481823750469535	0.007073865215297208
0.01	0.00941432334929629	0.00941432334929629	0.008797292761750168	0.008797292761750168	0.008178134858485269	0.008178134858485269	0.0075891972179307245	0.0075891972179307245	0.006973245547777218
0.01	0.009428859923306276	0.009428859923306276	0.008819233894020121	0.008819233894020121	0.008207128074576768	0.008207128074576768	0.0076261433917124075	0.0076261433917124075	0.007052860798535391
0.01	0.009389388125330765	0.009389388125330765	0.008802639715706027	0.008802639715706027	0.0081893245816176	0.0081893245816176	0.007615629249764475	0.007615629249764475	0.007054237788908056
0.01	0.009441252169843473	0.009441252169843473	0.008834677509442414	0.008834677509442414	0.008259108052410464	0.008259108052410464	0.0076836099863541035	0.0076836099863541035	0.007107794124745851
0.01	0.009374577121284545	0.009374577121284545	0.008752433989335484	0.008752433989335484	0.008158594914860647	0.008158594914860647	0.007561177321466833	0.007561177321466833	0.00694234987238774
0.01	0.009371271844890252	0.009371271844890252	0.008795159559072705	0.008795159559072705	0.008168695477423129	0.008168695477423129	0.007570346640598569	0.007570346640598569	0.006947688732195715
0.01	0.009405043587939841	0.009405043587939841	0.00880579201396655	0.00880579201396655	0.008211824963690492	0.008211824963690492	0.0076036858940349335	0.0076036858940349335	0.0069730424791844955
0.01	0.00939019062383205	0.00939019062383205	0.008811600423720947	0.008811600423720947	0.008230726095470117	0.008230726095470117	0.007665434188925151	0.007665434188925151	0.007059787237499263
0.01	0.009377753227834485	0.009377753227834485	0.008783067557280727	0.008783067557280727	0.008162742858018917	0.008162742858018917	0.007566565423342449	0.007566565423342449	0.006949292490135314
0.01	0.009412955304347145	0.009412955304347145	0.008802869974238361	0.008802869974238361	0.00821778476088139	0.00821778476088139	0.007603675758821351	0.007603675758821351	0.006992878591016542
0.01	0.009389962223033775	0.009389962223033775	0.008779491495926996	0.008779491495926996	0.008166715249520791	0.008166715249520791	0.007552232701831709	0.007552232701831709	0.00696490506902256
0.01	0.00941824580249118	0.00941824580249118	0.008833600996814996	0.008833600996814996	0.00821837146236225	0.00821837146236225	0.007593674773398568	0.007593674773398568	0.006997051773128253
0.01	0.00941263254640194	0.00941263254640194	0.008826661646572323	0.008826661646572323	0.00825212713261737	0.00825212713261737	0.007657086152537537	0.007657086152537537	0.0070743805339241956
0.01	0.009388094778628916	0.009388094778628916	0.008815815610054966	0.008815815610054966	0.008201168933138254	0.008201168933138254	0.0075852506757399345	0.0075852506757399345	0.00701462432932814
0.01	0.009416415952465765	0.009416415952465765	0.008806197323462517	0.008806197323462517	0.008217001564451277	0.008217001564451277	0.00763648682715331	0.00763648682715331	0.007025572062351631
0.01	0.009387136744639864	0.009387136744639864	0.008774226013013581	0.008774226013013581	0.00815867361508915	0.00815867361508915	0.007542289310971203	0.007542289310971203	0.006930998449880651
0.01	0.009387484514902794	0.009387484514902794	0.008786920598481938	0.008786920598481938	0.008171886571429908	0.008171886571429908	0.007574681809104362	0.007574681809104362	0.006961775826836963
0.01	0.009437137109967242	0.009437137109967242	0.00882751258230565	0.00882751258230565	0.008215365246848363	0.008215365246848363	0.007657172168798852	0.007657172168798852	0.007046764141315896
0.01	0.009400499027781846	0.009400499027781846	0.008769070557854915	0.008769070557854915	0.008137815712388377	0.008137815712388377	0.007528536641232812	0.007528536641232812	0.006951212706204592
0.01	0.009405994962918749	0.009405994962918749	0.00882522332503606	0.00882522332503606	0.008255903493380269	0.008255903493380269	0.007687955187362831	0.007687955187362831	0.007083700767115769
0.01	0.009404832798982323	0.009404832798982323	0.008776355263519957	0.008776355263519957	0.008188437928150594	0.008188437928150594	0.007588916148483509	0.007588916148483509	0.00696357131043942
0.01	0.009388575903709402	0.009388575903709402	0.008791041074821673	0.008791041074821673	0.008195691009771439	0.008195691009771439	0.00761088908053899	0.00761088908053899	0.007042671603726557
0.01	0.009388597393483628	0.009388597393483628	0.008778227601755258	0.008778227601755258	0.008166386069125077	0.008166386069125077	0.007579332224066296	0.007579332224066296	0.007018821134335189
0.01	0.009384917849416424	0.009384917849416424	0.008796563314437183	0.008796563314437183	0.008199396432201975	0.008199396432201975	0.007584117518636851	0.007584117518636851	0.0069741176298078154
0.01	0.009389377507697425	0.009389377507697425	0.008810528370450639	0.008810528370450639	0.00819710461424326	0.00819710461424326	0.007616364695549328	0.007616364695549328	0.007019418265550994
0.01	0.009386887463257153	0.009386887463257153	0.008787152412633113	0.008787152412633113	0.008171681974255895	0.008171681974255895	0.0075830368348737765	0.0075830368348737765	0.007009589070920005
0.01	0.009389509018730497	0.009389509018730497	0.008780358025441911	0.008780358025441911	0.008169865337096618	0.008169865337096618	0.007587032191181151	0.007587032191181151	0.007018966234985371
0.01	0.009385585338240061	0.009385585338240061	0.008773450792790261	0.008773450792790261	0.008191585689549197	0.008191585689549197	0.007578194797086513	0.007578194797086513	0.006968801530949173
0.01	0.009420486121570846	0.009420486121570846	0.008806461052675098	0.008806461052675098	0.008218265851950547	0.008218265851950547	0.0076329095715899475	0.0076329095715899475	0.0070218916354229935
0.01	0.009390745204765875	0.009390745204765875	0.00878117490244587	0.00878117490244587	0.008203846411908557	0.008203846411908557	0.007614372181898012	0.007614372181898012	0.007003606212234571
0.01	0.009385613003863723	0.009385613003863723	0.008771268299019372	0.008771268299019372	0.008154599425687623	0.008154599425687623	0.007536715142367082	0.007536715142367082	0.0069224078609622965
0.01	0.009429113483998313	0.009429113483998313	0.008821566115215344	0.008821566115215344	0.008212935113815427	0.008212935113815427	0.00760379398372103	0.00760379398372103	0.007012948134797715
0.01	0.0094173065300204	0.0094173065300204	0.008839139386660437	0.008839139386660437	0.0082229850511671	0.0082229850511671	0.007643804637315845	0.007643804637315845	0.0070642837849883245
0.01	0.00937157647791977	0.00937157647791977	0.008744854846027673	0.008744854846027673	0.008146006739485581	0.008146006739485581	0.0075195001097375655	0.0075195001097375655	0.006896139508879713
0.01	0.009367251622037644	0.009367251622037644	0.008756669763109964	0.008756669763109964	0.008147753588220107	0.008147753588220107	0.00751566893125415	0.00751566893125415	0.00690667544537324
0.01	0.009388198769781149	0.009388198769781149	0.008815020401789359	0.008815020401789359	0.00820043593700117	0.00820043593700117	0.007604492799165278	0.007604492799165278	0.007040982421904114
0.01	0.009428816225703998	0.009428816225703998	0.008819715525744166	0.008819715525744166	0.008247543239074097	0.008247543239074097	0.0076343264634099834	0.0076343264634099834	0.0070959499270632645
0.01	0.00941939355830219	0.00941939355830219	0.00880892339938008	0.00880892339938008	0.008233363006134975	0.008233363006134975	0.007650806781827466	0.007650806781827466	0.00703972462341249
0.01	0.009386076175182745	0.009386076175182745	0.008797612152387457	0.008797612152387457	0.008201011432869332	0.008201011432869332	0.0075828636224601785	0.0075828636224601785	0.007014948062795793
0.01	0.009418796570628662	0.009418796570628662	0.008837223187440735	0.008837223187440735	0.008263811028322021	0.008263811028322021	0.007682824163600733	0.007682824163600733	0.007090837628903286
0.01	0.009426910149429413	0.009426910149429413	0.008843978414114315	0.008843978414114315	0.008263470146804824	0.008263470146804824	0.007681152323728001	0.007681152323728001	0.007108284932788118
0.01	0.009408550947934633	0.009408550947934633	0.008796100064111708	0.008796100064111708	0.008164451139116386	0.008164451139116386	0.007550475078904208	0.007550475078904208	0.006924263288958467
0.01	0.009387676517479645	0.009387676517479645	0.008775179151550763	0.008775179151550763	0.008160364088514028	0.008160364088514028	0.007561829712280081	0.007561829712280081	0.00694907747286087
0.01	0.009383092375379841	0.009383092375379841	0.00879612996697969	0.00879612996697969	0.008180823653527125	0.008180823653527125	0.007588843870161545	0.007588843870161545	0.006977226708463289
0.01	0.009373744031043072	0.009373744031043072	0.008772927482518546	0.008772927482518546	0.008172089341748845	0.008172089341748845	0.007582580546532011	0.007582580546532011	0.006983426899956317
0.01	0.009432848891827243	0.009432848891827243	0.00885358435307227	0.00885358435307227	0.008245778756548541	0.008245778756548541	0.0076379695293020975	0.0076379695293020975	0.007034843714769606
0.01	0.00941401244745269	0.00941401244745269	0.008832743545535189	0.008832743545535189	0.008218257688237383	0.008218257688237383	0.0076510922119477215	0.0076510922119477215	0.007073897668828797
0.01	0.009409434436947587	0.009409434436947587	0.008798742162413975	0.008798742162413975	0.008224271355470887	0.008224271355470887	0.007641048881246503	0.007641048881246503	0.007064356979169611
0.01	0.00943018004180593	0.00943018004180593	0.008850678990694584	0.008850678990694584	0.00825635896685019	0.00825635896685019	0.007644221699661835	0.007644221699661835	0.007034936335939915
0.01	0.009412215031347876	0.009412215031347876	0.00880180557595968	0.00880180557595968	0.008220658348475476	0.008220658348475476	0.007606297505548928	0.007606297505548928	0.007032903478270658
0.01	0.009421150835419433	0.009421150835419433	0.008853448883072431	0.008853448883072431	0.008281145672371353	0.008281145672371353	0.0076929312475680365	0.0076929312475680365	0.007081710586900143
0.01	0.009393904385244503	0.009393904385244503	0.008812869841899043	0.008812869841899043	0.008203627277437946	0.008203627277437946	0.007620248035691523	0.007620248035691523	0.007040124009835838
0.01	0.009389249137698261	0.009389249137698261	0.008779327244480275	0.008779327244480275	0.008167997883762296	0.008167997883762296	0.00759005725165594	0.00759005725165594	0.006999659875909481
0.01	0.009386598472488555	0.009386598472488555	0.008805574094999378	0.008805574094999378	0.00818963364501301	0.00818963364501301	0.0076101153862203515	0.0076101153862203515	0.0070120172779482345
0.01	0.00941545455193322	0.00941545455193322	0.008804773515741673	0.008804773515741673	0.008192920246855476	0.008192920246855476	0.007624715501623102	0.007624715501623102	0.0070181264495071975
0.01	0.009414002969926871	0.009414002969926871	0.008802223806945458	0.008802223806945458	0.008188101619050628	0.008188101619050628	0.007596334327757884	0.007596334327757884	0.006995970517035906
0.01	0.009393918258466031	0.009393918258466031	0.008777607689057339	0.008777607689057339	0.008199878716524783	0.008199878716524783	0.007579407253923378	0.007579407253923378	0.006964817145031045
0.01	0.00941290520662132	0.00941290520662132	0.008803899078081075	0.008803899078081075	0.008192975899932604	0.008192975899932604	0.007607521359822731	0.007607521359822731	0.007027209191728203
0.01	0.009424740933281493	0.009424740933281493	0.00886683760332167	0.00886683760332167	0.008289107646870353	0.008289107646870353	0.007703955853687117	0.007703955853687117	0.007135378293465821
0.01	0.009389085134018059	0.009389085134018059	0.008778231944740034	0.008778231944740034	0.008166022622815948	0.008166022622815948	0.007584117049177801	0.007584117049177801	0.006977218983280547
0.01	0.009414981544800517	0.009414981544800517	0.008825972455434608	0.008825972455434608	0.008250751062663332	0.008250751062663332	0.007687524074248984	0.007687524074248984	0.007077303685658282
0.01	0.009389094649779979	0.009389094649779979	0.008777944607210344	0.008777944607210344	0.00819079215460688	0.00819079215460688	0.007575752028394076	0.007575752028394076	0.00696404804052636
0.01	0.009430018829553997	0.009430018829553997	0.008821916730695633	0.008821916730695633	0.008212208494532332	0.008212208494532332	0.007602630421198101	0.007602630421198101	0.00702756968924239
0.01	0.009385034277476022	0.009385034277476022	0.008772108012383718	0.008772108012383718	0.00817630906731405	0.00817630906731405	0.007589949636166856	0.007589949636166856	0.007011940067629069
0.01	0.009429465546611887	0.009429465546611887	0.008820496817196445	0.008820496817196445	0.008230198095529394	0.008230198095529394	0.007650271114505682	0.007650271114505682	0.007044668781445818
0.01	0.009414174952049556	0.009414174952049556	0.00880469071358232	0.00880469071358232	0.008193596166299085	0.008193596166299085	0.0075821532031910294	0.0075821532031910294	0.007012077998431607
0.01	0.009437156349599265	0.009437156349599265	0.008824862579679895	0.008824862579679895	0.008242222789938698	0.008242222789938698	0.007628915997420342	0.007628915997420342	0.007020522196187324
0.01	0.009385366374398402	0.009385366374398402	0.008770889321169309	0.008770889321169309	0.008184128181628794	0.008184128181628794	0.007566056936619895	0.007566056936619895	0.006986531112418971
0.01	0.009425663101244075	0.009425663101244075	0.008840932356798045	0.008840932356798045	0.00822708161500353	0.00822708161500353	0.007611492579931075	0.007611492579931075	0.0070314176856403855
0.01	0.009392955935332651	0.009392955935332651	0.008822292430209173	0.008822292430209173	0.008245986423491558	0.008245986423491558	0.00763771254246321	0.00763771254246321	0.007034398961591682
0.01	0.009423323722635792	0.009423323722635792	0.008809888316446263	0.008809888316446263	0.00823419536867419	0.00823419536867419	0.007636438503840003	0.007636438503840003	0.00704543727437172
0.01	0.00942699038884752	0.00942699038884752	0.008816781164807715	0.008816781164807715	0.008238294355465692	0.008238294355465692	0.00762357594214268	0.00762357594214268	0.007011963247798345
0.01	0.00937339603663853	0.00937339603663853	0.008778299304249284	0.008778299304249284	0.008151684805245387	0.008151684805245387	0.0075679507365436815	0.0075679507365436815	0.006972519024816049
0.01	0.009389796758378519	0.009389796758378519	0.008779243874290273	0.008779243874290273	0.008166255281138221	0.008166255281138221	0.007551769456803832	0.007551769456803832	0.0069406610658379695
