0.6582387100253421	0.538630220505053	0.6511592675661588	0.5217381061347401	0.6572312033445573	0.517011643032515	0.6639843633985817	0.5167290662226622	0.6626520316668152	0.5174347749292031
0.6614339455522575	0.518174001859925	0.6597817378705231	0.5010734709021646	0.6568077689521468	0.49695473123715594	0.6581350348585664	0.4963512081910177	0.6603441802666942	0.49715280632131054
0.6548187189773563	0.5406567977463708	0.656655805952602	0.5568609392116634	0.657787987407166	0.5611281678014983	0.6643386355605481	0.5627380638624007	0.6587198091788025	0.559466443812029
0.6558244344044514	0.5741773464483585	0.6576376469022925	0.5641725790042219	0.6649731829813149	0.5611963306774084	0.6575523823695869	0.5610995225147778	0.6647108090132301	0.5618271980589606
0.6576034892760235	0.5481759966138401	0.6602555416928815	0.5605557830102572	0.6579120789019252	0.5659252334916463	0.6588199817616693	0.568010840646802	0.6616130553069883	0.5668514530556564
0.4905884675451442	0.5376736335337354	0.4947635103746293	0.5228048532456461	0.4854256861687137	0.5193953939421452	0.48126516807875036	0.5198290809060265	0.47161097621684606	0.5208366648685498
0.4893663872499424	0.545745846010718	0.49345617289813914	0.5308442229186231	0.5011075126834215	0.529387663739432	0.49809821580491814	0.5285212015891187	0.47817406575514587	0.529033671142417
0.4849139770613596	0.5071256824391291	0.47460263253308793	0.5003688007814844	0.4669559569169912	0.5007833175331198	0.48576699982796573	0.500292916470156	0.4985023887530484	0.4998933787508766
0.47534575995330514	0.5573294095543875	0.4605116082532001	0.5503834674624098	0.47294331693453456	0.5485682839588493	0.47339573239652427	0.5482836431829364	0.4602482930694476	0.5494171154203631
0.4816466517943903	0.5549923757845173	0.48560173819441227	0.5675489755057339	0.47271863973361716	0.5708055983114636	0.49938872313465893	0.5709219017696814	0.4738004060002371	0.5708239895847688
0.4592944298093329	0.5765581893743471	0.48842600619217524	0.570593522727695	0.47411805777392346	0.5687218908489554	0.4870918069582088	0.5686577913882762	0.49353008369949386	0.5690658184782597
0.4678488936963829	0.5450059883467511	0.4920320262119287	0.540718563912538	0.47026576556825256	0.5409734993532965	0.47231426006880683	0.5409355377829942	0.48980944189551245	0.5413804464849158
0.47333763750140884	0.5556390533849581	0.476912524783104	0.5468768435899283	0.4891814004392074	0.5439750989543901	0.4613794845565439	0.5432090981461947	0.4697111895381984	0.5438162955052279
0.5044517954331086	0.5386883857005564	0.49247477960717806	0.521802303089179	0.49171695977048346	0.5189059457732913	0.4713910118682462	0.5184261075722827	0.49561736996972117	0.5190651026337967
0.4780608966657536	0.5189052728913967	0.46042771229877005	0.5039488616853236	0.5052479358297803	0.4997672936540824	0.48994813569380213	0.4993891063071512	0.46839051557548034	0.500418250024566
0.47666505441401474	0.5777133684153959	0.4920891437793565	0.5644303161003886	0.4619104271278045	0.5617215957976138	0.4878852211085486	0.5614250586078564	0.48183630374472686	0.5624327909528002
0.48933077166642075	0.513928969802712	0.4699704277945749	0.4932796860640248	0.4875788257025528	0.4912380858310759	0.5009215278482334	0.4914786067087011	0.4878757815687642	0.49151530698496476
0.47351542718036227	0.5617438032958503	0.47158575463189784	0.5721418697995378	0.47166704185509833	0.5724338502088792	0.4827737229916784	0.5723474237164553	0.48237097143805213	0.5733531324531196
0.5040744554980999	0.5651342401443639	0.496425726188815	0.5539827979716906	0.4967305674993841	0.5531987388296603	0.47954910954028596	0.5537527131811645	0.48266850290313706	0.554199867358162
0.4738859511332765	0.5409938749578118	0.4852170999878605	0.5288713331491147	0.4858010841676066	0.5249475572660149	0.49488254407580307	0.5242869049878055	0.4788455984884252	0.5260813807234146
0.48760844188249836	0.5337075991834417	0.48831062000307207	0.5156707223839847	0.48870588214807914	0.5099920897659603	0.49132504842304736	0.5095980581225724	0.4666463776411482	0.5109675877955365
0.4972143368363617	0.5357155693950066	0.4604639679218403	0.5472541845520308	0.47793691964327567	0.5527613210691295	0.4896473617453794	0.5527992093329779	0.47113311581545764	0.5519820554833843
0.4945477018211414	0.5417341832403149	0.4847968934783559	0.5377711475609607	0.47602413864676374	0.5392530196155125	0.49303638880744927	0.5388579557467114	0.4773104455256151	0.5394014700927771
0.4863384608810686	0.5481682646175339	0.47086092508192096	0.5324265660379903	0.487151839500075	0.5281041094424853	0.49006986198201274	0.5277279800087386	0.460214442637286	0.5285162131773631
0.4921401074766344	0.5529539676720253	0.47584536326327387	0.5483953678802369	0.4884089429939577	0.5474805931370964	0.48625187280935006	0.5471342636937775	0.47698598543270515	0.5478791198674656
0.4932471451228665	0.5327628459979521	0.4969132452456591	0.5150493125002841	0.48598533738438243	0.5105786461011153	0.5023625174888571	0.5101385176514074	0.503491605722945	0.5115547011939855
0.4861628609707433	0.5128815203946896	0.46837630018330934	0.49806573368264495	0.4720326894572938	0.5012905265647095	0.4613021097504079	0.500666788807718	0.49067828719122086	0.5001181656147876
0.49234701643976414	0.541381731560962	0.5002861020953434	0.5276299469401342	0.4694959235758002	0.5234240887228205	0.4829590604257785	0.522998464597127	0.47606976533444045	0.523262085869181
0.46759473702164045	0.5628754879479755	0.4605226918229556	0.5455270111161136	0.46939899398055823	0.5413058058393797	0.4891083919086133	0.5405923018907552	0.4932155999566576	0.542599645711857
0.48102962879498573	0.5220411360920066	0.5028777032625729	0.5030950394956688	0.48340909916975816	0.501314180686053	0.47027848830574687	0.500668771414283	0.47427091212313355	0.5006978219144018
0.49052735504888845	0.5720160880524934	0.4979571904764639	0.5590475359999912	0.4851927212614648	0.556540936031907	0.49458670132521837	0.5545202161979815	0.4730871787497076	0.5547241057148374
0.4943435852028086	0.5375807235999029	0.4696501090566721	0.5298778580967723	0.47115128218516933	0.5287517748776337	0.48785150011573586	0.5287033504805123	0.48600771735626525	0.5290090798657997
0.47834524395081984	0.5311076915550027	0.46850031963566907	0.5153854173620767	0.48143026755736396	0.5092303254141756	0.4966946383885307	0.5100217713417567	0.48871377574562785	0.5106816428877168
0.48395011673610766	0.5259844282591472	0.46831643219333896	0.5087077914730131	0.49731573078589536	0.5043793283437773	0.49424580572340354	0.5040822715269692	0.4601644573901782	0.5049510795992204
0.46818262473116834	0.5526634497895332	0.4914826164340009	0.5390649906044561	0.49608199708658407	0.536506127920529	0.5016707872697893	0.5357327315088934	0.48898512561126206	0.536840871066328
0.4841319896964493	0.5755488203094019	0.48444766720974486	0.5645121148269321	0.49101244646139924	0.5613632448828345	0.47590678013207205	0.5612909223621599	0.48731181642172217	0.562105154555195
0.46541124973409526	0.5359146722191708	0.48267659440232286	0.5327415513343957	0.4749104238076609	0.5284544258943121	0.4925056840925321	0.5278085060979292	0.4828790871035692	0.5286341228413087
0.47176467633830704	0.5454465138608161	0.4675263881454251	0.5325331964878022	0.4946669656010821	0.5299821573561514	0.4875837163626571	0.5292690377013588	0.48499238507646003	0.5301037721253458
0.4690213119829367	0.5399816118288259	0.4604734104860477	0.524812441608663	0.4823685339671495	0.5229282522819454	0.486845260805217	0.5226759934565073	0.4640141742182558	0.5230685379750571
0.48604933191004646	0.5742448840466067	0.47920414769342595	0.5721650068606895	0.48131740827407204	0.5706481842656612	0.4804338261482453	0.5701055906119787	0.49519280577564945	0.5708279441366421
0.4935869787489014	0.5752525205047283	0.46054941459560594	0.5642676317012667	0.5008877041780333	0.5631601019003593	0.4946065035146243	0.5618887639184951	0.49569410419074095	0.5631562747488034
0.4950908673788044	0.5260148448855654	0.4604423383699157	0.5083901511453127	0.4864244947105431	0.505002615625012	0.4834347665410692	0.5047588976752218	0.4743006633722354	0.5054597874628701
0.47960727228090977	0.5736993027842527	0.4683838931860356	0.558361301372095	0.49560685013598715	0.5567644093925429	0.47778484291737733	0.5567363614805227	0.46026728952111634	0.5571473449809231
0.4852647417931414	0.5374484506979861	0.480166708284787	0.525414803372378	0.4762895733359204	0.5233692030668273	0.47766788285289136	0.5229666864350895	0.48783749769112056	0.5236757906461775
0.48638879863130835	0.5764447860064529	0.4793542420150415	0.5683639201701396	0.46823768607338667	0.5673144562778195	0.461438028218812	0.5667636607332678	0.46784606834128245	0.5674293574239906
0.48691424751072343	0.5393030856719013	0.46793238308100654	0.5430290510644425	0.502143132617047	0.5493292202042865	0.48845619273497554	0.548872382607366	0.48300913627998765	0.5477319702540338
0.47028664667571213	0.5485560175412545	0.48316121733457873	0.5313841032176653	0.4982153805692942	0.5251191453417071	0.49236192976188947	0.5261468669237755	0.46921554082215544	0.5275374430110435
0.4847741455470523	0.5271089341658574	0.4856709245423786	0.5106852876071646	0.5033081091037148	0.5056856917021263	0.49591524416777066	0.5058786879693531	0.49629984366898056	0.5071652854995361
0.4739013746114923	0.5254893677691589	0.4905051173088023	0.5110455256409453	0.4977594825873971	0.50815096191453	0.48018274509385145	0.507328178254028	0.49184205817015914	0.508277944264161
0.48381185595145737	0.5566622427405684	0.48485609900575605	0.54022788484373	0.46983856923938355	0.5351915255737721	0.4677724937845865	0.534344948716055	0.4742573317060868	0.5362617306865576
0.46881465363254987	0.546989054214678	0.49623217301538003	0.551697951835629	0.484237668576332	0.5507410250977638	0.48508660822900307	0.5490503674202909	0.4930094965019904	0.5501230018514025
0.4736532410730825	0.5450254610281168	0.46521127819046876	0.5330598207763145	0.4768519103205449	0.5350177596480729	0.4665934173754108	0.5347911114542431	0.4915589621239299	0.5342280933327972
0.48800651926453764	0.569056126363992	0.5008809964937088	0.5799788246382093	0.4950009085937148	0.5839650443830827	0.4981626141643812	0.5846429615025371	0.49293359904129	0.5841117057383549
0.49287366279767947	0.5319252694396004	0.49496569370522453	0.5185064985112225	0.4907064962672958	0.5159181139534005	0.4793368177330588	0.5154349084534919	0.486980152967494	0.5162253617350823
0.494749564363869	0.5466300181540348	0.46048978130503554	0.5297678260004077	0.5049660928388497	0.5252633889512667	0.4787760318992684	0.5252930927226677	0.49002569682263497	0.5257879728610666
0.47025245840288976	0.5343231646475065	0.4909173187606441	0.5409500277015268	0.4778158793165711	0.5490031683834254	0.4797614927809563	0.5489647396282092	0.4943611918627317	0.5477284103678886
0.4744337672805267	0.529286239229987	0.4915619866020505	0.5167940991201043	0.47273869973693233	0.5153999590190541	0.4827823372121076	0.5148484213382485	0.49873707179569426	0.5149889233468526
0.48622843417564093	0.543767695433995	0.46673566237992653	0.5254977750753205	0.4864185307371801	0.520779250307092	0.5005780539866522	0.5200286591612908	0.49141424930345934	0.5210575194056658
0.48816015915050076	0.516225537457206	0.4714505011531627	0.5130717682895621	0.4789767333902816	0.5180723327643779	0.4710764218072653	0.5180260244104549	0.4841787053837252	0.5161886549133873
0.49290588877108077	0.5463694021994805	0.4860040655028047	0.5354328169041335	0.46185020858663917	0.5336557944934851	0.4691378562013677	0.5337378373102039	0.47037117217896157	0.5338077369374779
0.48968103838694027	0.5696108742805388	0.4605375909571854	0.5815554208886392	0.4722814557645988	0.5837717474777502	0.4788262900785356	0.5837054874545355	0.47899049314529757	0.5841738637658599
0.4592944298093329	0.534377062863331	0.49183773908645406	0.5215056979357112	0.46182308393450966	0.5197530794554068	0.48958997705481844	0.5195774003557638	0.4832052542950646	0.5203490936080125
0.48270635746894586	0.5318805173792729	0.4691813228163255	0.5200146901869274	0.46182026052925157	0.5184012163241294	0.48538269083124314	0.5184324981368588	0.48928823556563983	0.5186873275883509
0.4786643164033159	0.5176385948188904	0.492805490520814	0.5132018539454357	0.47533191478460407	0.5156106384020379	0.4719717636633306	0.5160434049534565	0.4877870715627446	0.5157314537960445
0.4667676855885925	0.5328160568458685	0.4709565055234901	0.5243117378732955	0.4725570131239512	0.5230531296678514	0.4706946255677723	0.5225847754689796	0.47776840586362224	0.523242678660298
0.4703046226212557	0.5377975356295873	0.48869217978743507	0.5272462661433084	0.4808600516711265	0.5297757291866372	0.5006964901876894	0.5278727248316303	0.47916150210195374	0.5273577185367926
0.4823373253710071	0.5343444704622174	0.4700704097730411	0.5239023864307119	0.4896233849055773	0.5188765213549139	0.4771686264316166	0.5187819619824012	0.4808846863942659	0.519627242678614
0.4786936298547525	0.558536482293411	0.4734494003242166	0.5482284360114483	0.483384557033604	0.5468189516540177	0.4613941814045831	0.5450568962536239	0.46024970809437515	0.545075789654499
0.48565195892924007	0.5716815095130372	0.4775424346841609	0.5573948866194778	0.49090348275415996	0.5537328604210922	0.5015830214308933	0.554053556475193	0.5014272537559088	0.5546967021701532
0.4820024753356993	0.5221518137162604	0.5010295824999681	0.5058069599779763	0.4834958190399996	0.5048520256079514	0.5002779029807225	0.5039893042759963	0.49028416365829286	0.5048020316177948
0.4848894406365555	0.5343589845111504	0.4936572804918786	0.5224743385617672	0.4709402598909505	0.521780568105872	0.4949338194409455	0.5216294190661673	0.46613308436026124	0.522141934846556
0.49283106031960067	0.5494171727082522	0.4689054028286506	0.5576285981736598	0.46908357164794945	0.5628651061217343	0.46886482928797524	0.5624441746472899	0.4848217878719602	0.5618492002186377
0.4957157618218531	0.5377973983536798	0.49914606247657656	0.5289202321885921	0.4750045707729963	0.5276340398892421	0.5060623954181236	0.5277652029737125	0.4710847530717572	0.5280467802207068
0.4592944298093329	0.546650898924898	0.49646989668272234	0.5333851202086116	0.46184693699683715	0.5329226364530707	0.47035012601121295	0.5317873645790454	0.4795096729104076	0.5320513025253156
0.46882938314838646	0.5209121692790026	0.4776524562552901	0.5067910986425115	0.46179505056660825	0.5040206281044185	0.4613081952226517	0.5035231951961572	0.4773160589685018	0.5043319525761273
0.48757749619821517	0.5318269583080452	0.4673019125285597	0.5182643231371628	0.4781863405792641	0.5157702139092994	0.46133255425906095	0.515814598351877	0.4875725961796874	0.5156874531767505
0.47805544197004457	0.5633816831818323	0.4767229099682716	0.5521641493560849	0.46188252177508016	0.5513047063530824	0.46877715898992645	0.5511844208665946	0.4852793861492497	0.5516948788309574
0.4592944298093329	0.5741593876643576	0.4605460001384824	0.5622891355191103	0.5012688587449612	0.5580462801760947	0.48735757256157203	0.5580238971180032	0.49485316225149495	0.5590427180185598
0.49259531915383803	0.5354469975185936	0.49555873319137894	0.521885401334464	0.4905532783291597	0.5202327158267928	0.4842132025954381	0.519560837545541	0.46019316346537337	0.5204735944658624
0.4876774630391372	0.5391801785314109	0.4951935121140667	0.5257534761372744	0.47911173207530783	0.5221025685082025	0.4808868809328452	0.521401012065272	0.4943618926515843	0.5217765591504594
0.49842694974289103	0.5495842397555878	0.4745804274471741	0.5296662898754009	0.4945116647925083	0.5250526878467618	0.48684487015800065	0.5244937362371371	0.4806617544478299	0.5261007684425341
0.4886179732818101	0.5304437988466685	0.47036388931536655	0.5134862341255485	0.5059100929044323	0.5087543006923952	0.488856340878339	0.5089470341643447	0.5030269202166159	0.5092933262128051
0.48859166472489496	0.5748718314753183	0.4919820173616979	0.5603967037575064	0.4691511428635875	0.5556038175381022	0.5036330799719277	0.5554746287894693	0.47404252081893317	0.5566033512739059
0.4938100346231391	0.5302778449072678	0.4686271660747227	0.5143522511014894	0.48773596168874844	0.5092734069644398	0.4952078419214168	0.5089686299512659	0.5044342658539459	0.5092211871959818
0.46625385713541784	0.5759930380135141	0.4664875127762066	0.5632991106722519	0.46911549157312643	0.5601736628227706	0.4614126939708375	0.5602081067963123	0.48924391323927047	0.5606147965119744
0.47705047659763594	0.5472578386879315	0.49728415144602617	0.5464207361244107	0.48730701712178714	0.5492232263712352	0.47820557609457176	0.5502783782394741	0.49026756810898753	0.5489565991947005
0.49758271043450625	0.5256124411557307	0.5030325076793012	0.5068551930857703	0.46983419368531953	0.505304080228156	0.46130998757245595	0.5046008579681954	0.4802874073634421	0.50506883094308
0.4831488647224476	0.5559021269857963	0.47958676110622805	0.5438363859541424	0.4886133548099471	0.5428587821024373	0.4897618053136248	0.5420228637571318	0.48682326767952794	0.5431473911171344
0.4752799633174194	0.5276949747023697	0.47236317021786983	0.5189479882513429	0.4712148564180481	0.5180630258843821	0.49443091798593963	0.5170645740205825	0.4682131302780292	0.5178550072339174
0.470984369247822	0.5406236296034945	0.46914602749606343	0.5501116485219039	0.48957010798111006	0.5517119050654667	0.4871082568161639	0.5506769695493122	0.4989326629678278	0.5505748112897044
0.4938930772523836	0.5521119273019414	0.47533852327444787	0.5552257150220551	0.48500913615726926	0.5585284901381891	0.4812804711188434	0.5597521076372798	0.4894617376522487	0.5572680728387845
0.48165934373760183	0.5726305816739856	0.4756425279700382	0.5541568505732718	0.48819407657173375	0.5525097245255292	0.4741173072884518	0.5524996198471013	0.49494441957638563	0.5525365080007961
0.4864004670419233	0.5607473545362975	0.4697138191744856	0.5704899011046028	0.4678685306504097	0.5751942862751461	0.479908157989306	0.5762321078781671	0.485663679891719	0.5733532828760478
0.47623870166329685	0.5349009116618766	0.4946103497997928	0.5179853129385376	0.4956914119056303	0.5161560669579424	0.4685578573637715	0.5149967941963853	0.4709846762175816	0.5160299289897322
0.4875559701193609	0.5792388999022182	0.49022709848810664	0.5642493665966436	0.48811857886837673	0.562232062264817	0.4614169139738066	0.5618985461699856	0.48167561813517934	0.5630958173131625
0.48802889580102016	0.5285947942054715	0.4604513713611652	0.5150106421164301	0.500348691114026	0.5121201836798649	0.4752418205585591	0.5114143515835875	0.49766791067119004	0.5114025289226806
0.47314157252065314	0.5497829062207348	0.49410017918160115	0.5325872537972305	0.477257483121929	0.5267185885909986	0.49451796445371143	0.527120498563952	0.4967877908482104	0.5286489804185234
0.479563432900117	0.5541472638037325	0.4668877153222291	0.5563289178051759	0.4685453862252979	0.5593778881046909	0.4855665678245235	0.5598813064038194	0.5039486392568695	0.5584327501373996
0.4782123335277104	0.5456787717943242	0.478461697540662	0.5566645176391375	0.48463121916756263	0.5582503713506027	0.4979754915361865	0.5575436396715613	0.48613683576011885	0.5578935800332293
0.4710317608286585	0.5453102532360691	0.4678880962019983	0.5544012697069763	0.461889954129705	0.5529145936491958	0.49516784838801786	0.5527125251795398	0.4602598061448211	0.5535469566107093
