0.00075	0.000879391093853371	0.000879391093853371	0.0010128003698909253	0.0010128003698909253	0.0011541388620853064	0.0011541388620853064	0.0013136750870857683	0.0013136750870857683	0.001472568553983055
0.00075	0.0009186423876172271	0.0009186423876172271	0.0010874101868240396	0.0010874101868240396	0.0012639243040800025	0.0012639243040800025	0.0014464292218135959	0.0014464292218135959	0.0016260017937876434
0.00075	0.0009030500546563322	0.0009030500546563322	0.0010472534236687602	0.0010472534236687602	0.0012026700020865018	0.0012026700020865018	0.0013574612309132576	0.0013574612309132576	0.0014971991982804037
0.00075	0.0008473962861197573	0.0008473962861197573	0.0009476304096172864	0.0009476304096172864	0.001060563512554779	0.001060563512554779	0.0011650868677563215	0.0011650868677563215	0.0012818477366152983
0.00075	0.0008911803280302468	0.0008911803280302468	0.0010331340815247403	0.0010331340815247403	0.001175450175962082	0.001175450175962082	0.0013166041021907878	0.0013166041021907878	0.0014532405076914544
0.00075	0.0006786425929452061	0.0006786425929452061	0.0006070425936738436	0.0006070425936738436	0.0005333126217809005	0.0005333126217809005	0.00046115468471853916	0.00046115468471853916	0.0003839268762924534
0.00075	0.0006512863248512553	0.0006512863248512553	0.0005640583080143075	0.0005640583080143075	0.0004992850413244115	0.0004992850413244115	0.0004393677074592147	0.0004393677074592147	0.0003591006887316477
0.00075	0.0006967472097281216	0.0006967472097281216	0.000644676597794253	0.000644676597794253	0.0005922428519099789	0.0005922428519099789	0.0005807135111048536	0.0005807135111048536	0.0005709752450912262
0.00075	0.0006518157053911621	0.0006518157053911621	0.0005251278083271958	0.0005251278083271958	0.0004147281890655551	0.0004147281890655551	0.00030278441429061793	0.00030278441429061793	0.00018362069255922886
0.00075	0.0006534635135739293	0.0006534635135739293	0.0005776100281862938	0.0005776100281862938	0.0004807976536833967	0.0004807976536833967	0.0004081086684004211	0.0004081086684004211	0.00030123752893180877
0.00075	0.0006010121491788757	0.0006010121491788757	0.000486724194617243	0.000486724194617243	0.00035682317902890735	0.00035682317902890735	0.00024214319081776358	0.00024214319081776358	0.000134454477005003
0.00075	0.0006518446290005375	0.0006518446290005375	0.0005690073642170881	0.0005690073642170881	0.000479170296790475	0.000479170296790475	0.0003791802844518638	0.0003791802844518638	0.0003201679453549565
0.00075	0.0006482951933288353	0.0006482951933288353	0.0005520792375846936	0.0005520792375846936	0.0004700125390971336	0.0004700125390971336	0.00035338667453742225	0.00035338667453742225	0.00025074420732380305
0.00075	0.0006752014679494982	0.0006752014679494982	0.0005977175515548171	0.0005977175515548171	0.0005149810851364143	0.0005149810851364143	0.0004309444661561458	0.0004309444661561458	0.00039390644407703856
0.00075	0.0006862408266747769	0.0006862408266747769	0.0006035718031407321	0.0006035718031407321	0.0005734261273322828	0.0005734261273322828	0.0005355539240722212	0.0005355539240722212	0.0004871526478778618
0.00075	0.0006150326752167928	0.0006150326752167928	0.0004984297601000072	0.0004984297601000072	0.0003517518940788213	0.0003517518940788213	0.00024686942698506936	0.00024686942698506936	0.00013035306846030694
0.00075	0.0007036284077754967	0.0007036284077754967	0.0006451951222538793	0.0006451951222538793	0.000606441700267897	0.000606441700267897	0.0005919737918659729	0.0005919737918659729	0.00056906636803663
0.00075	0.00063763215948068	0.00063763215948068	0.0005200418820968911	0.0005200418820968911	0.00040041020220583077	0.00040041020220583077	0.000290168174602115	0.000290168174602115	0.00018454573224131312
0.00075	0.0006630241121432598	0.0006630241121432598	0.0005632684244634702	0.0005632684244634702	0.00047434168556368674	0.00047434168556368674	0.0003577619124631421	0.0003577619124631421	0.00026120126760860365
0.00075	0.0006656719857737693	0.0006656719857737693	0.0005887114686784811	0.0005887114686784811	0.0005089372660412707	0.0005089372660412707	0.0004460838863706992	0.0004460838863706992	0.00037216204784239654
0.00075	0.0006743122509262563	0.0006743122509262563	0.0006018244702149273	0.0006018244702149273	0.000543697319028881	0.000543697319028881	0.0004973728597719078	0.0004973728597719078	0.0004236582171631531
0.00075	0.0006881243655278073	0.0006881243655278073	0.000588981465183585	0.000588981465183585	0.0005244914890629939	0.0005244914890629939	0.0004726815106605094	0.0004726815106605094	0.00038860996809759806
0.00075	0.0006842097035913928	0.0006842097035913928	0.0006123973168245466	0.0006123973168245466	0.0005335643993861662	0.0005335643993861662	0.0004613326084150169	0.0004613326084150169	0.00037843771293520243
0.00075	0.0006701196025142146	0.0006701196025142146	0.0005670791213259997	0.0005670791213259997	0.0004918968424643599	0.0004918968424643599	0.00041460008235297854	0.00041460008235297854	0.00031183435698581654
0.00075	0.0006822085481355725	0.0006822085481355725	0.0005797406661145765	0.0005797406661145765	0.0004859683285438358	0.0004859683285438358	0.0003990441127670857	0.0003990441127670857	0.00030425688401205164
0.00075	0.0006855939437724846	0.0006855939437724846	0.0006364227301182314	0.0006364227301182314	0.0005769479416069012	0.0005769479416069012	0.0005400179306653112	0.0005400179306653112	0.0005056045532267131
0.00075	0.000689711560069274	0.000689711560069274	0.0006291939250939818	0.0006291939250939818	0.0005724328142713156	0.0005724328142713156	0.0005110381287735527	0.0005110381287735527	0.0004923514439478191
0.00075	0.0006716726468600344	0.0006716726468600344	0.0006171939994338547	0.0006171939994338547	0.0005305116912846986	0.0005305116912846986	0.00045788942310645477	0.00045788942310645477	0.00038938179483155203
0.00075	0.0006162836441658702	0.0006162836441658702	0.0004798266797188951	0.0004798266797188951	0.00035948969116654706	0.00035948969116654706	0.0002865899959882332	0.0002865899959882332	0.00020268346209372483
0.00075	0.0006805600528146944	0.0006805600528146944	0.0006390987569983438	0.0006390987569983438	0.000583254991230656	0.000583254991230656	0.0005225862904478208	0.0005225862904478208	0.00046339339109450654
0.00075	0.0006348544107368072	0.0006348544107368072	0.0005334863066658782	0.0005334863066658782	0.0004237703023486745	0.0004237703023486745	0.0003293180665084309	0.0003293180665084309	0.0002227070578217386
0.00075	0.0006820148494332911	0.0006820148494332911	0.0005883965085271465	0.0005883965085271465	0.0004969436012460906	0.0004969436012460906	0.0004485036121294494	0.0004485036121294494	0.0003969104944086768
0.00075	0.0006745073520659247	0.0006745073520659247	0.0005874756527549241	0.0005874756527549241	0.0005237546745539503	0.0005237546745539503	0.0004872769772426718	0.0004872769772426718	0.0004449528937126302
0.00075	0.0006767484888672276	0.0006767484888672276	0.0005920894181418831	0.0005920894181418831	0.0005475796452782719	0.0005475796452782719	0.000502651024578576	0.000502651024578576	0.0004292901282988009
0.00075	0.0006410545008761398	0.0006410545008761398	0.0005606660068656814	0.0005606660068656814	0.0004967660171808869	0.0004967660171808869	0.0004156460361463529	0.0004156460361463529	0.000343379859008986
0.00075	0.0006380075938100645	0.0006380075938100645	0.0005175695219168404	0.0005175695219168404	0.00041252642445179785	0.00041252642445179785	0.0002889843205874303	0.0002889843205874303	0.0001828790401988116
0.00075	0.0006732233664851773	0.0006732233664851773	0.0006129273071853247	0.0006129273071853247	0.0005476194101564932	0.0005476194101564932	0.000497235355064577	0.000497235355064577	0.00041489827460701836
0.00075	0.0006389246231030895	0.0006389246231030895	0.0005326817211138697	0.0005326817211138697	0.0004715241826078854	0.0004715241826078854	0.00040276783922064095	0.00040276783922064095	0.00033386244709752164
0.00075	0.0006440109906459792	0.0006440109906459792	0.0005322618949922347	0.0005322618949922347	0.0004556754639303966	0.0004556754639303966	0.0003843090111456589	0.0003843090111456589	0.0003053830978417627
0.00075	0.0006288332882172262	0.0006288332882172262	0.0005152817438176035	0.0005152817438176035	0.000401776029340755	0.000401776029340755	0.00028099520336952335	0.00028099520336952335	0.00017418399487523591
0.00075	0.000645064804088422	0.000645064804088422	0.000493141367982225	0.000493141367982225	0.00038828008268151297	0.00038828008268151297	0.0002934124988477018	0.0002934124988477018	0.0002046490078483753
0.00075	0.0006837024824384026	0.0006837024824384026	0.0005907296977994528	0.0005907296977994528	0.0005362361173228502	0.0005362361173228502	0.00048658473155678106	0.00048658473155678106	0.00043102784252675193
0.00075	0.0006217239908644156	0.0006217239908644156	0.000484886026828274	0.000484886026828274	0.00038516962573502666	0.00038516962573502666	0.0002696453150529788	0.0002696453150529788	0.0001332169813662939
0.00075	0.0006739147952234707	0.0006739147952234707	0.0005971520234551184	0.0005971520234551184	0.0005158340571098456	0.0005158340571098456	0.00043330834153937337	0.00043330834153937337	0.0003797788059878396
0.00075	0.0006270187667326611	0.0006270187667326611	0.0004909448291733285	0.0004909448291733285	0.00034769342624909184	0.00034769342624909184	0.00020417398295794736	0.00020417398295794736	6.860173725129735e-5
0.00075	0.0006751345227724478	0.0006751345227724478	0.0005786340858170651	0.0005786340858170651	0.0005316888986551045	0.0005316888986551045	0.0004814188470625627	0.0004814188470625627	0.00041426332092608535
0.00075	0.0006357028394675392	0.0006357028394675392	0.0005358529019136981	0.0005358529019136981	0.00047479693445576693	0.00047479693445576693	0.0004016003576479519	0.0004016003576479519	0.0003059517390517887
0.00075	0.0007016397934347749	0.0007016397934347749	0.0006495009791644991	0.0006495009791644991	0.0006133897993156197	0.0006133897993156197	0.0005723868686584295	0.0005723868686584295	0.0005465136047263351
0.00075	0.0006807194739495572	0.0006807194739495572	0.0006357771384670609	0.0006357771384670609	0.0005941292835748152	0.0005941292835748152	0.000533158027602676	0.000533158027602676	0.0004910487160895776
0.00075	0.000637540761328823	0.000637540761328823	0.0005316205781958301	0.0005316205781958301	0.0004198360839696968	0.0004198360839696968	0.0003110724503782809	0.0003110724503782809	0.00021523850018495167
0.00075	0.0006536223095645466	0.0006536223095645466	0.0005764239964987669	0.0005764239964987669	0.0004930524750359925	0.0004930524750359925	0.0004145215159759844	0.0004145215159759844	0.00033744804346671857
0.00075	0.0006563494923595115	0.0006563494923595115	0.0005519959976436543	0.0005519959976436543	0.00046619802906571633	0.00046619802906571633	0.0003816425968040401	0.0003816425968040401	0.00031605004950579124
0.00075	0.0006524218055940728	0.0006524218055940728	0.0005544859990852673	0.0005544859990852673	0.00044861759993730286	0.00044861759993730286	0.00036151935880790584	0.00036151935880790584	0.00027864487285672135
0.00075	0.0006983933694289166	0.0006983933694289166	0.0006492259313833863	0.0006492259313833863	0.0005948719252823289	0.0005948719252823289	0.0005376793904751237	0.0005376793904751237	0.00048100336532060783
0.00075	0.0006689226685394528	0.0006689226685394528	0.0005479937509880105	0.0005479937509880105	0.0004690235095029816	0.0004690235095029816	0.00038743004529640196	0.00038743004529640196	0.00031230090246463216
0.00075	0.000662785391703478	0.000662785391703478	0.0006125939740647732	0.0006125939740647732	0.0005410562731046056	0.0005410562731046056	0.00048581533457556415	0.00048581533457556415	0.0004380409680693547
0.00075	0.0006680171130804017	0.0006680171130804017	0.0006236360891483115	0.0006236360891483115	0.0005611865248273293	0.0005611865248273293	0.0005049463061991472	0.0005049463061991472	0.0004675253122575767
0.00075	0.0006612044203419636	0.0006612044203419636	0.0005598449003315415	0.0005598449003315415	0.0004859903527517803	0.0004859903527517803	0.00042547356254614573	0.00042547356254614573	0.0003633671439101579
0.00075	0.0007016530349420923	0.0007016530349420923	0.0006539269701909398	0.0006539269701909398	0.0006074368161960945	0.0006074368161960945	0.0005500226742352189	0.0005500226742352189	0.0005206095690835986
0.00075	0.0006782357586348072	0.0006782357586348072	0.0006065896352410776	0.0006065896352410776	0.0004962293554881032	0.0004962293554881032	0.0004033452005550426	0.0004033452005550426	0.00030938612157871404
0.00075	0.0006412354304479363	0.0006412354304479363	0.0005031304198992754	0.0005031304198992754	0.0003824496072817096	0.0003824496072817096	0.00026606690148323525	0.00026606690148323525	0.00014908841938657277
0.00075	0.0006334425125365294	0.0006334425125365294	0.0005631669781847842	0.0005631669781847842	0.000465860041120712	0.000465860041120712	0.0004252599593098703	0.0004252599593098703	0.00036320056740122945
0.00075	0.0006741903866090365	0.0006741903866090365	0.0005948077526537364	0.0005948077526537364	0.0005026048540605944	0.0005026048540605944	0.0004330113691119029	0.0004330113691119029	0.0003809417439555509
0.00075	0.0006970751702834509	0.0006970751702834509	0.0006604024977220488	0.0006604024977220488	0.0005979197802490079	0.0005979197802490079	0.000539040424502583	0.000539040424502583	0.0005173434468031509
0.00075	0.0006553925709679008	0.0006553925709679008	0.0005690408751663989	0.0005690408751663989	0.00048617066534007445	0.00048617066534007445	0.00040941045876508703	0.00040941045876508703	0.00035063864906076305
0.00075	0.0006657771454735559	0.0006657771454735559	0.000590962573313994	0.000590962573313994	0.0005087155234304836	0.0005087155234304836	0.0004676245840790639	0.0004676245840790639	0.00039070094224389593
0.00075	0.0006853158828971669	0.0006853158828971669	0.000597186282390709	0.000597186282390709	0.0005339878677934195	0.0005339878677934195	0.0004650559733155264	0.0004650559733155264	0.0003949108163494004
0.00075	0.000653722494249271	0.000653722494249271	0.0005325894528765734	0.0005325894528765734	0.00044519142981561745	0.00044519142981561745	0.00032444873254498834	0.00032444873254498834	0.00020682896687336733
0.00075	0.0006441289844910254	0.0006441289844910254	0.0005221898490065635	0.0005221898490065635	0.0004252419347414043	0.0004252419347414043	0.00034675471959223536	0.00034675471959223536	0.0002746119869569616
0.00075	0.0006832942681565216	0.0006832942681565216	0.000625860249381277	0.000625860249381277	0.0005709989580168508	0.0005709989580168508	0.0005470021325820068	0.0005470021325820068	0.0005222047988879734
0.00075	0.0006796403243746831	0.0006796403243746831	0.0006101309289893905	0.0006101309289893905	0.0005301253640414734	0.0005301253640414734	0.00047598740634162764	0.00047598740634162764	0.0004017318102849388
0.00075	0.0006855053973470359	0.0006855053973470359	0.0005807015385715818	0.0005807015385715818	0.0004858571966408539	0.0004858571966408539	0.0003890072728190432	0.0003890072728190432	0.0003154085832847948
0.00075	0.0006599877271363749	0.0006599877271363749	0.0006031982935431913	0.0006031982935431913	0.0005088517631587224	0.0005088517631587224	0.0004587674103663242	0.0004587674103663242	0.00037098315180340814
0.00075	0.0006252015082709373	0.0006252015082709373	0.0005524662552656013	0.0005524662552656013	0.0004416302599859654	0.0004416302599859654	0.00035047585837663116	0.00035047585837663116	0.00027957454991277964
0.00075	0.0006682258090703765	0.0006682258090703765	0.0006098466128265791	0.0006098466128265791	0.0005321975414987586	0.0005321975414987586	0.000459712825231048	0.000459712825231048	0.00040676752795434294
0.00075	0.0006826919202103842	0.0006826919202103842	0.0005943010927649839	0.0005943010927649839	0.0005232748839036046	0.0005232748839036046	0.0004375266110067408	0.0004375266110067408	0.000383999101299025
0.00075	0.0006362903683447085	0.0006362903683447085	0.0005274007191047491	0.0005274007191047491	0.0003958620657604229	0.0003958620657604229	0.00027653170289269	0.00027653170289269	0.00018499723618405065
0.00075	0.0005925184592108324	0.0005925184592108324	0.00043808421787826663	0.00043808421787826663	0.0003354923270786302	0.0003354923270786302	0.00022871264620710242	0.00022871264620710242	0.00013489518458365576
0.00075	0.0006809549389445426	0.0006809549389445426	0.0006038915210357526	0.0006038915210357526	0.0005327391184895434	0.0005327391184895434	0.0004689030985111016	0.0004689030985111016	0.00038236221684592806
0.00075	0.0006867482081741484	0.0006867482081741484	0.0006181226384927318	0.0006181226384927318	0.0005374494708118062	0.0005374494708118062	0.000473435513442946	0.000473435513442946	0.0004160097702960101
0.00075	0.0006786749619280079	0.0006786749619280079	0.0005827623149280008	0.0005827623149280008	0.0005099913345781857	0.0005099913345781857	0.0004255283541439243	0.0004255283541439243	0.0003378738567466992
0.00075	0.0006667342206691421	0.0006667342206691421	0.0005811353217636076	0.0005811353217636076	0.0005303098264292323	0.0005303098264292323	0.00048534618007764236	0.00048534618007764236	0.00044603652264030644
0.00075	0.0006458052927322037	0.0006458052927322037	0.0005541188916085512	0.0005541188916085512	0.00042181701321381096	0.00042181701321381096	0.00033140209621519457	0.00033140209621519457	0.0002068890532015118
0.00075	0.0006822515051437054	0.0006822515051437054	0.0006051283517635659	0.0006051283517635659	0.0005389904613596544	0.0005389904613596544	0.0004972467840096303	0.0004972467840096303	0.00046214760217636584
0.00075	0.0006079676443620248	0.0006079676443620248	0.0004721794632161097	0.0004721794632161097	0.0003356643615776177	0.0003356643615776177	0.00019420542700764731	0.00019420542700764731	8.429902548684068e-5
0.00075	0.0006601699664436498	0.0006601699664436498	0.0005860733136042562	0.0005860733136042562	0.0004984082194991375	0.0004984082194991375	0.0004121101397456033	0.0004121101397456033	0.0003305125440689741
0.00075	0.0006847374588200318	0.0006847374588200318	0.0006463374442941632	0.0006463374442941632	0.0005757883112965635	0.0005757883112965635	0.0004974918797801335	0.0004974918797801335	0.0004612160292297921
0.00075	0.0006429652017526203	0.0006429652017526203	0.0005429001677970776	0.0005429001677970776	0.00045712976492742454	0.00045712976492742454	0.00037551499720299495	0.00037551499720299495	0.00030010789697659194
0.00075	0.0006871338825032346	0.0006871338825032346	0.0006137731709984764	0.0006137731709984764	0.0005424801613408837	0.0005424801613408837	0.000495905772644927	0.000495905772644927	0.0004278931352521084
0.00075	0.0006530217849793238	0.0006530217849793238	0.0005701616356610654	0.0005701616356610654	0.0005025201315679051	0.0005025201315679051	0.00043141999312197485	0.00043141999312197485	0.000376997630677333
0.00075	0.0006738873669383191	0.0006738873669383191	0.000573735585721526	0.000573735585721526	0.0004850952189683274	0.0004850952189683274	0.0003877813917695081	0.0003877813917695081	0.00032794463914805966
0.00075	0.0006229129105460427	0.0006229129105460427	0.0004971542725463399	0.0004971542725463399	0.0003835298849663345	0.0003835298849663345	0.0002733227252286033	0.0002733227252286033	0.00018517558035961154
0.00075	0.0006536987400757118	0.0006536987400757118	0.0005353204452635083	0.0005353204452635083	0.0004250849729814614	0.0004250849729814614	0.00032455305388552673	0.00032455305388552673	0.00023108966758012394
0.00075	0.0006529359392040061	0.0006529359392040061	0.0005841514068002632	0.0005841514068002632	0.000544150480459077	0.000544150480459077	0.000462023994002864	0.000462023994002864	0.00038875004927846135
0.00075	0.0006275957305575208	0.0006275957305575208	0.0005306837227475808	0.0005306837227475808	0.0003998287994761484	0.0003998287994761484	0.00025496602919339637	0.00025496602919339637	0.0001275960506754806
0.00075	0.0006808134480218936	0.0006808134480218936	0.0005888256545808746	0.0005888256545808746	0.0005470329073644657	0.0005470329073644657	0.0004905487691732738	0.0004905487691732738	0.00044664724811362274
0.00075	0.0006527791073308202	0.0006527791073308202	0.0005861229319786244	0.0005861229319786244	0.0004906630945255467	0.0004906630945255467	0.00044016875501680977	0.00044016875501680977	0.00037526896872166067
0.00075	0.0006651485246764816	0.0006651485246764816	0.0005589728168050752	0.0005589728168050752	0.0004526298060508893	0.0004526298060508893	0.0003607976755929911	0.0003607976755929911	0.00029483146948792424
0.00075	0.0006705475303027573	0.0006705475303027573	0.0005898269723498419	0.0005898269723498419	0.0005235743120533547	0.0005235743120533547	0.0004499556772649783	0.0004499556772649783	0.0003610615250206826
0.00075	0.0006669525606049025	0.0006669525606049025	0.0005756538863691839	0.0005756538863691839	0.00047186824471304753	0.00047186824471304753	0.0004043636470176819	0.0004043636470176819	0.0002918929087716041
