0.6574991847647736	0.553986309682049	0.6552955340225055	0.5485681131924915	0.6545283446822726	0.5414575509267677	0.6634255579414444	0.5357965779410877	0.6595767434746332	0.5324619699568464
0.6681191995091273	0.533205289415389	0.6609013527756288	0.5258871134101855	0.6611031573620146	0.5198918635572378	0.6624771302865842	0.5164731960996742	0.6556065268972525	0.5119484693179999
0.6615076205541702	0.5390675768291053	0.65341847481156	0.5380557796016063	0.6635697711154404	0.5392365083812204	0.6634447057429186	0.5396117226815449	0.6552676298328	0.5434772559390526
0.6575674221878355	0.5796503932920375	0.6564596854972052	0.5762723866991871	0.6647085051619287	0.5743620228119718	0.656086137493827	0.5724674533325863	0.6642025645877006	0.5707938695005297
0.661712675629582	0.5487684132053647	0.6602129489010308	0.5466499461054177	0.6607505011149071	0.5468976255650105	0.6603456298975721	0.5474224889145753	0.6590405261104466	0.5497314017099312
0.490107750066306	0.5471936757101379	0.48323193235319195	0.540511931770275	0.4791480710746948	0.5381320485890285	0.476679500706936	0.5344058503568957	0.4694807997650281	0.5312630465058962
0.4831062541503237	0.5620771942693212	0.48749361448738515	0.5572760279569042	0.4993941628627079	0.5512127762146314	0.5000762726084951	0.548010139700598	0.4775984478729067	0.5418120628549729
0.47835567085022485	0.5209579030677414	0.47293282344316345	0.5145893129902671	0.46677930024498343	0.5087262969523692	0.4958296030058661	0.5050530756499657	0.49589645929079124	0.5036870721016616
0.48214109246629333	0.5606885281533711	0.4598052974484227	0.561155615099604	0.4708376982613093	0.5591573936706172	0.4682837595038038	0.5578387793237536	0.45998082500256166	0.5553118023876522
0.47998026684210154	0.5572094559829903	0.4930739379217108	0.5537567262317806	0.4759002825152528	0.5533501821175708	0.49817852120606665	0.55632970943251	0.4735731265184675	0.5590700380933951
0.46034361981141525	0.5795339004683064	0.4878210949769117	0.5792514586262002	0.4732397415853818	0.5771605540560321	0.48386870332372134	0.5756126938926326	0.4883898758373699	0.5745408468875768
0.47406951144451626	0.552593808244065	0.4815100580711017	0.547779869897864	0.47369492058042134	0.5455645745217421	0.4649049990321933	0.5448970089030831	0.49571709634484856	0.5429269676223908
0.4769058694959527	0.5582697148328551	0.4790194423682283	0.5559922069635209	0.4893273810940277	0.5549807398840991	0.4610328124077552	0.5543335040555535	0.47086435388774756	0.5529783276586032
0.49889299591652414	0.558731821556831	0.484907885602399	0.5468950187181106	0.4743641822895194	0.5405533554243026	0.46917897138153053	0.5364082665657265	0.5025159792209888	0.5321463968842787
0.48162684683996243	0.5326341855001253	0.4597422720829055	0.5258774909101471	0.4960739344715739	0.5201904751183742	0.4867294311838361	0.5170271937919076	0.4746357205116975	0.5133567414671807
0.4750399793534649	0.5830138391800533	0.4863664301439439	0.5796487622373843	0.46021019318459183	0.577552486001528	0.49206341067588655	0.5759693843508622	0.4790185102764642	0.5722315970962928
0.4919893736321197	0.5290866474117354	0.4755475409198629	0.522294169337143	0.48496294097249015	0.5159656785612846	0.4995060801221475	0.5110804068436521	0.4873603503856054	0.505686289449041
0.47305878773510807	0.5629530601505647	0.4678683496789417	0.5619405715859839	0.4663376674422128	0.5620430113550295	0.4763148641926206	0.5645084862755715	0.48056089106982425	0.5650588449584407
0.4974078956694173	0.5669886059548394	0.48759733214699424	0.567401882290786	0.49543524723616184	0.5665766383559951	0.4724159090232858	0.5656797275037336	0.48611363186895207	0.5633621477525935
0.4836865900619335	0.551149001442928	0.484113990622245	0.5456824042984757	0.47902627776274515	0.5428456398725006	0.48947752973090614	0.5397602334673813	0.4764316796858439	0.5355691505085208
0.49192368487152377	0.5524738841305349	0.48766152193838286	0.5456517465074248	0.4892274501011226	0.5357291710499967	0.49405295633333796	0.5311125237389139	0.46761361081168806	0.5265853248986713
0.4945571778811603	0.544057685458915	0.45976724845837585	0.5390815687337748	0.48475462716446255	0.536346608060965	0.4953457640358146	0.5367937467578308	0.4700194015155355	0.5372766355658634
0.4990524727886118	0.5516847099154186	0.4886980323972851	0.5461479418107824	0.47984641964737057	0.5429127535978715	0.484467744602898	0.5422531773798102	0.4746527578960876	0.5409686742799334
0.49373387323258766	0.5576381912212502	0.469947516375179	0.5523799013257519	0.48826173867731915	0.5484075617665973	0.48357586847955447	0.5454132765686638	0.45996017318280374	0.5421727534765194
0.5011277822811627	0.5553609437726958	0.47380721395866887	0.5557815195754715	0.47963019490353687	0.554648064960049	0.4838750994083605	0.5534144720297453	0.47673795310420186	0.5525677361081917
0.49300347564257924	0.5445283206246131	0.4992849974163432	0.5386219683397625	0.4859138904941267	0.5334937213031553	0.5004786013651555	0.5300226101184535	0.4978709278044894	0.5254016297553693
0.4836761500791583	0.5319069020237565	0.4753965560808617	0.5238106640611613	0.4709594766417869	0.5163683652999125	0.4609526863514776	0.5100684347496348	0.48900217951093916	0.5039515273714857
0.4884792288741687	0.5511411113861234	0.5019332144999811	0.5455161324409131	0.4728986959337202	0.5422445424530775	0.47957113018483666	0.5376689447274863	0.4812490114979659	0.5360551141178644
0.4652168910299029	0.5721899756971971	0.45982562360484747	0.5689911951624123	0.46863393776261975	0.5649035286045335	0.5016075187134621	0.5599272748561614	0.48995971416962186	0.5570849412852308
0.4833359504530767	0.5388879082012928	0.4981092458944016	0.5312782825474518	0.479949400657228	0.5246244132714175	0.47106207405533734	0.5195970346816209	0.46653759474771	0.5138919142303537
0.48847601264241886	0.5805924840529424	0.49577126306782887	0.5768657463245614	0.4872321438762144	0.5750049473300098	0.4933515739985996	0.5689133626708025	0.4787509590464182	0.5640397659957296
0.49266139664285247	0.547049517096254	0.4669536138749337	0.5418482865998712	0.46462152696598424	0.5377838527908483	0.4973767507376841	0.5361287420310036	0.4927386642490857	0.5340131584257197
0.4825383140677205	0.5429324324149519	0.4681893964156339	0.5378147558644579	0.4811368139944187	0.5321135965552096	0.4996402010671983	0.528822358916201	0.4916698538582412	0.5255291206823012
0.4821238609061106	0.5407250698123014	0.4654649027544268	0.5331921593346924	0.4913755789021389	0.5269833971930168	0.48747969451356865	0.5234225910733461	0.45991341354609544	0.5186021305698888
0.4707472766875383	0.5579036759866852	0.490902502403425	0.5552132976117746	0.5021426578054343	0.5532626495532754	0.48543804173244465	0.5503340265601054	0.48922797292879516	0.547040914638718
0.4913320238877722	0.5809259488397212	0.48118523851933637	0.5775356960339328	0.49127712877423896	0.5753116067463018	0.4748403540547967	0.5736740371462797	0.48673620213289365	0.5716204264437835
0.4689340395788121	0.5303553463906702	0.4820783795980728	0.5303152270379196	0.48114267969821717	0.5333889973212749	0.49532940398016134	0.5356366480536807	0.47345446386347945	0.5393241282295076
0.46853564469153075	0.5573959462090473	0.46607559362645695	0.551069915217839	0.49673386710961015	0.5456598979143948	0.48688940767775246	0.5418944823875471	0.4830751390609499	0.5381994527594339
0.4727406503260886	0.5575318578092927	0.4597954991007861	0.5491947756237674	0.48148128652593203	0.5427504313753915	0.48072609149947587	0.5378192537272544	0.4699285469678583	0.5330692776109875
0.47334206091998055	0.5702754303461951	0.47933776481633317	0.5701790003359697	0.48112774446079926	0.571932316042272	0.47722833422830535	0.5738529950053053	0.49040987978726513	0.5758588465826724
0.49989334795058593	0.583841504679785	0.45985359979516177	0.5813923486801139	0.49403585791316773	0.5779248861537408	0.499147716529195	0.575041783596259	0.4997486832063135	0.5707594760057796
0.48884450131315077	0.5418825153624476	0.4597608173555102	0.5341390450666818	0.4843829808057348	0.5279778451870418	0.48373028376509414	0.5234513923779315	0.47435382005336607	0.5187993312774202
0.4804866027967118	0.5831074101051391	0.4686915100191818	0.5781618812481492	0.49509537113316077	0.5748684920077695	0.4792942253262414	0.5717136738718775	0.4600121940891747	0.5691548610385136
0.48701868059247655	0.547886844413725	0.48076255052607925	0.5421727679407655	0.4723844044542258	0.5374387775304568	0.46906361850198613	0.5350841909583945	0.4902437223650968	0.5330673508063095
0.48587149529231527	0.5842564819061836	0.47360914519776337	0.5824682952452108	0.4646877257722115	0.5792888481116308	0.46108037574745614	0.5758959303803476	0.46531431429973547	0.5737721108650734
0.4876773015061673	0.5475696832882071	0.4661463049928577	0.5433466545571393	0.501992779403724	0.5395489291332838	0.4977773283054894	0.5379933695795636	0.4819776446629464	0.5357020655721224
0.46868539179424756	0.5601231202202306	0.47301627136585817	0.552896221408935	0.499658739308695	0.5485035132750882	0.4865883351837346	0.5451455966299815	0.4645013834701291	0.5410202783470649
0.4999957425188726	0.5386839077702934	0.4916265661029527	0.5333376175191588	0.49957558987410094	0.5284645337531649	0.4922796696826873	0.5250820142084184	0.5010324390085594	0.5217310501542324
0.48201019365660996	0.5374346144969221	0.49571518064824294	0.5316690490343071	0.49341714565713735	0.5267354295709715	0.47426296120958694	0.5230399659873048	0.48560148067709547	0.5192889298875547
0.4770036358051114	0.5669710267420017	0.4752214253863477	0.5599575718927073	0.46635674305223757	0.5557843384331353	0.4669811347300874	0.5539920416032524	0.47328208169459735	0.5499492418492854
0.473175381053492	0.5502775334018468	0.4854215541056935	0.5471802045583012	0.48256607721342226	0.5492632943836234	0.487702352955741	0.550527120203758	0.48775149022873815	0.5494102682361326
0.4828900135486808	0.557810419661061	0.4684893929206438	0.5519721886933415	0.4785278292301702	0.5471662040925486	0.47507641464762895	0.5427207604569456	0.48581748315040546	0.5382915209890023
0.4926451116983121	0.5707076672230831	0.49335863224243115	0.5717072774494987	0.4864656278528199	0.5711603471711955	0.5016248425498057	0.5713034354533275	0.5065669113190826	0.5728665000800431
0.5014442776112957	0.5427295820681056	0.4981442698418075	0.537478220278297	0.4896556021442686	0.5331388070251095	0.4842551827060172	0.5300092105517736	0.4811276787527531	0.5264684988763934
0.494959814561293	0.559821679729733	0.45980201617314054	0.5565451502143033	0.48500955966724396	0.5481857528552592	0.47874583611230104	0.5440206074778805	0.4808602165191974	0.5409635307845996
0.4727489804592471	0.5425206670965145	0.49868680796695697	0.5388399420778575	0.4782184967018257	0.5354486574699658	0.4902987075718708	0.5344914583951256	0.4949774117872846	0.5331969049922377
0.47690534087522796	0.542491650410885	0.5004882390719861	0.5359930582176995	0.4805991601736127	0.5305588116303643	0.48227324818112904	0.5272654230836623	0.4936914749348412	0.523628270088075
0.48392889005497525	0.5549653537814032	0.46831825354205614	0.5494058695504013	0.4856907157073191	0.5447743537711415	0.4915947915494689	0.5400082237139695	0.4868409145263228	0.5365260494350809
0.4839244260300072	0.5226019980763249	0.4805281553558305	0.5187090071567676	0.4796255624231296	0.5168176856189834	0.46870555455942864	0.5146368681281431	0.4899855571947493	0.513516041316038
0.49832686036411983	0.555738253456248	0.4947839676199275	0.5521008663349012	0.46015379867170725	0.5484420224740788	0.47121628833780893	0.5455236122842465	0.4680083065626964	0.5431755697437834
0.4825421199973158	0.5695537756389604	0.4598241496667302	0.5703081581056835	0.47341102180481764	0.5699556718988678	0.47859544722606767	0.5717016118648682	0.4801847478709095	0.5737675335482478
0.46034361981141525	0.5535896097821945	0.4895237263317863	0.5457441538131355	0.46014163314453	0.5379871827957423	0.5011992319119539	0.5336792973606315	0.47988662373368957	0.529534137260493
0.4855271101742436	0.5461748008870506	0.4762180461721353	0.5397241533363606	0.4601297046639411	0.5338920235384655	0.47379840090982533	0.5294731888687514	0.484637139980356	0.5262928401054416
0.48028717800255283	0.5226270417758542	0.49017305751977935	0.5195111955689307	0.4673926411236903	0.517378815102085	0.46903916986837435	0.5161426544655298	0.49680909916670635	0.5141666813262912
0.4676376733216471	0.5433236165473018	0.4685744378125377	0.5376557944537204	0.4671591368493313	0.5334553047104329	0.4698625397905365	0.5312707050505967	0.48206709457320407	0.5290845423366801
0.4808279727140453	0.5482062563351832	0.483616631458777	0.5434682891864177	0.4742055025052871	0.5400031424120706	0.5034830119361455	0.5363557634172775	0.47186032758404073	0.5333992410521944
0.4866591781429276	0.5384064718252294	0.46480322331337387	0.5353069037185664	0.48402530478148553	0.5345840364593668	0.4774902629883975	0.5326357785706999	0.47534088044953887	0.5314570060224256
0.49339476051330866	0.5704167651138865	0.46865999088945964	0.5655664239876587	0.4903213110019703	0.5602397294507148	0.4610452735505774	0.5576394313670969	0.4599850149573445	0.5540808274946374
0.4938646847523506	0.5785614971595449	0.4774866558905471	0.5750379642780716	0.4954796600952325	0.5730379915073468	0.5051668643456149	0.5679566364649459	0.50551477475369	0.5632289608619164
0.48539303338933487	0.5387576188641326	0.4855392278810212	0.531486442901258	0.48088358111051127	0.5247726142021492	0.499948505187195	0.5191459655350822	0.49404792246949697	0.5138857894247134
0.48957449048272916	0.5458622309829688	0.4842091585485576	0.5398166748567632	0.4717263465082309	0.5357307984665463	0.48917720553529886	0.532487571695193	0.4697109471318239	0.5291154239771952
0.5021156724427328	0.553711354565093	0.4663741492287637	0.5502172362491385	0.47316963866800044	0.5490451122125904	0.47171988044720214	0.5491998195046395	0.48990117794689764	0.5487801295743026
0.47801616872930297	0.5500259870201851	0.499887725922723	0.5453192727972516	0.46523394933642614	0.5407111736440199	0.49763066614692747	0.5376981483808368	0.46446411999055887	0.534691526840947
0.46034361981141525	0.5601824131947045	0.49597752827052766	0.554165730674746	0.4601583246550612	0.5488271208788127	0.4715015675924633	0.5444250888799147	0.4835578747745176	0.5402789215455587
0.4682626052615871	0.5336819580053266	0.48075577258008423	0.5274591295750739	0.46010455787960414	0.5222238149418879	0.4609653047385729	0.5189530777527449	0.47265782872996237	0.515014066551347
0.48847862068289394	0.5423250845145128	0.46621094125749446	0.5369236032138466	0.47588571400948393	0.5327066810985508	0.46098854597272576	0.529587164290221	0.4829764493081536	0.5257984570743617
0.4763186611404455	0.5672863664647019	0.48011995668700413	0.567231676078975	0.46018217570925013	0.5654130983847055	0.46699493652307245	0.5624592268172771	0.4872762655392624	0.5605038389061658
0.46034361981141525	0.5863288524427571	0.4598574659532087	0.5834048590192313	0.49556379285146834	0.5776373054911562	0.48665069304656566	0.5720744377438061	0.4954683788640221	0.5705223481627963
0.496368875549133	0.5516049243935048	0.4826153775479014	0.5442661118749469	0.48114657283514173	0.538068494872158	0.4823265314956285	0.5333953474783741	0.45993373836121143	0.5291664436933393
0.4971697467573116	0.5477711802179762	0.48736025542025246	0.5422607111653723	0.47573968458027077	0.5402782187249724	0.48650212226531314	0.537713288160372	0.4876841434875266	0.5336247380050605
0.49971760082896044	0.5567776312866319	0.4770846952329131	0.553814812832907	0.4920780054757923	0.5502947897556275	0.47901639992556916	0.5465867842729871	0.4723624562981189	0.542486054215872
0.48320142284872597	0.5498140463134429	0.4709853564698	0.5394644755941914	0.49135186663361846	0.5320122629011047	0.491976018894763	0.5279469359760603	0.4931228941526171	0.5245706201024389
0.4843439723264732	0.5676997381407208	0.49622919473741883	0.5695783156363498	0.4679571591198927	0.573798661835711	0.5002733906729901	0.5726053242718483	0.4692294280503774	0.5688398624613402
0.48596236108600843	0.5401611569710112	0.47361051173805907	0.5353090344421164	0.47830077387914294	0.5312110862022237	0.49436572688310765	0.5277606687631383	0.4960488380704246	0.5241281835370689
0.4677236083270011	0.5813494928373831	0.46918859330528867	0.5778191382220024	0.4667312731522873	0.5759433544630848	0.46107649580692106	0.574243643462929	0.48214032490772973	0.5700654461244019
0.4807074756096379	0.552571502454702	0.4886047179117696	0.5478820401832523	0.47714997398155923	0.5472820492656306	0.47786732338955745	0.5469057871923797	0.48072705592554177	0.5460051324668294
0.48833315998285876	0.5405431929268337	0.5031284668261587	0.5338484784469427	0.47134913121535366	0.5277884376134088	0.46097651214655366	0.5236136573596721	0.489309673887259	0.5183303543275318
0.47953177846829126	0.5651596170662138	0.48421331636371145	0.5642653435281247	0.49107453014224933	0.5596908524379752	0.4905745106164212	0.5558663247960302	0.49233264047624764	0.5526583206573672
0.48521539944179587	0.5355082934392429	0.47254224036476083	0.5312308095685535	0.471290578891735	0.5283249866177664	0.4891563571966903	0.5264158681534635	0.4696640738719515	0.5240741837862035
0.4656915038408125	0.5432740758573571	0.4734779628867329	0.5397660823413737	0.4855053330504546	0.5396185363250132	0.4845054276369519	0.541385538393714	0.49816891046745965	0.5417068004231815
0.49655691630642174	0.5574470227557916	0.47341517492100865	0.5535365998944264	0.4807205085875984	0.5516328019901222	0.47367365149194823	0.5515247132510059	0.5015673245161089	0.5494367266132958
0.48052804122743925	0.5821977127905987	0.47753818089140765	0.5781450912911689	0.4840350541072037	0.5749345641712371	0.48219922718362973	0.5703649549737763	0.4927269767916368	0.5632446926867998
0.4895361762502735	0.5665771841897078	0.470491308187975	0.5651939440377695	0.4749634362929477	0.5631518141186151	0.48189744741146107	0.5623229826881772	0.4886762405687802	0.5634469496131209
0.47601454788658376	0.5536657965233881	0.48907695429672704	0.5441045802196921	0.5051145027420315	0.5371152438150149	0.4676279440287686	0.5333291331937337	0.468474225858517	0.5270933816380543
0.48703538648407724	0.5849588020380351	0.5041751523115244	0.5817047585594887	0.4745279111189859	0.5792118497361755	0.4610833051150192	0.5769735213412455	0.47243085715839583	0.5743268399727659
0.48410652614234845	0.5394557677248444	0.4597593883234035	0.5333496230762113	0.4961910161159923	0.5296252138891206	0.4812363535263989	0.5264236640791706	0.4876873389915866	0.5228085558392807
0.48163514675312274	0.5594118608884446	0.5008692151414296	0.554194155423207	0.4742031693666245	0.550571039329104	0.5063408790822378	0.5467363506892099	0.49091250546623594	0.5428323345024019
0.4858399441149778	0.553721124373769	0.4681462208478732	0.5530867871450145	0.4684784049364636	0.5535528135397978	0.48116130021070136	0.5546270045770206	0.49991293813284526	0.5526859030168908
0.48532165696977764	0.5488836327276083	0.48039993773120304	0.5449763840934904	0.49205833884321526	0.5450604670804624	0.4882418288002811	0.5471367366310126	0.47652932323809133	0.5476446450335304
0.47881543461758114	0.5452533861336695	0.4671222450497886	0.540161184438333	0.46013111840384563	0.5431596317287223	0.4947839398086136	0.5487876179648987	0.4599648193463916	0.5499414099432284
