0.5975740136378456	0.6446989606140122	0.6065508631282712	0.6447524940496577	0.6017350622491149	0.6448753831437098	0.6026232186553405	0.6450157349576675	0.5935934366319141	0.6451064204849477
0.6047537247153421	0.6428655878025155	0.6022277883643078	0.6429118257740574	0.6073136694326252	0.6427974641591534	0.6156971823414955	0.6428273822026218	0.5984780808664781	0.6429332011271269
0.6107247474017097	0.6433148011300762	0.5917218327313719	0.6434279828570751	0.6105271539742744	0.6435414538442396	0.6052384057010807	0.6436731071948676	0.6161172067650863	0.6437995132677975
0.6142235894218855	0.6408595934432345	0.5956703124757285	0.6406431226718412	0.6078036110927243	0.6404706324147421	0.6036633052656858	0.640290534841704	0.6051293184378926	0.6401281211699392
0.6057392589621491	0.6478843134121083	0.6132086509873467	0.647490308316151	0.6094432887362461	0.6471552193773898	0.6016790658538074	0.6473421704695674	0.6051667038172707	0.6473030611547673
0.45971572412371087	0.6374325820088977	0.468635257937113	0.6384895959977275	0.4697923564412971	0.6394714716880472	0.465974064881572	0.6401579042413771	0.46135001798812486	0.6418959140089335
0.45971572412371087	0.6465544146920407	0.4732280049197478	0.6464282586481078	0.4630980417182569	0.646154928409989	0.4649036133171567	0.6455499942241015	0.46136113184511895	0.6459852662840077
0.45971572412371087	0.644090103319683	0.4714803995762662	0.6439066862970314	0.4734167629179722	0.6435665317426364	0.46137190894709146	0.6435001283647409	0.47385439797649936	0.6436810771255564
0.4704687304187308	0.6436781509080421	0.46209800548958824	0.6437888863654015	0.4630924214307488	0.6439016575890396	0.4712135428555044	0.6440235061378113	0.4759968468759694	0.6441511269113711
0.4688218221436279	0.6432832013397816	0.468734301654452	0.643402192563141	0.4630916149155131	0.6435137841507181	0.4691945664363414	0.6436679432051192	0.4715211839410268	0.643801641644404
0.45971572412371087	0.642067565519423	0.46209463298716447	0.6420669085709643	0.4630888239214809	0.6418164153811116	0.4613682556329426	0.6420550889893992	0.46135980622536077	0.6421388158325321
0.45971572412371087	0.6445983055211382	0.46209996677217074	0.6446167549834989	0.4731746904333285	0.6445281796166147	0.4613739118509782	0.6445542957085633	0.46135942301851085	0.6447363241796443
0.45971572412371087	0.6422872583812036	0.4620951001825375	0.6424139222158467	0.4630895724821138	0.6425394936740454	0.47008554957031895	0.6427149070253102	0.46135541844039674	0.6428624655708224
0.47000817937054407	0.6445797798688905	0.4620999273788197	0.6446785092296098	0.4686641496614917	0.6447056664494214	0.47105677875329616	0.6448273686323933	0.46837852767428967	0.6450355603361113
0.45971572412371087	0.6474517599441858	0.46947724600890206	0.6475065757800497	0.46309715695556564	0.6474009899677993	0.46473209384943226	0.6476073863450424	0.4717913500476428	0.6475301661907826
0.4690668476017821	0.6484312110399908	0.47304494248267925	0.648112844593119	0.47250340796974244	0.6482688844375365	0.46138592797677114	0.647995101470681	0.4613764867259629	0.6479132745281168
0.470948631559792	0.6443773907819427	0.4620994838838502	0.6444709015103717	0.47003074179003285	0.644540528851948	0.46137392473816113	0.6446866907734538	0.461365277797379	0.64477527216838
0.45971572412371087	0.6422105622397404	0.4753185522889177	0.6424030635842765	0.4737292936620294	0.6424976280292459	0.4613696929604291	0.6426467304072503	0.4695557212570386	0.6428166050776386
0.4706393447994015	0.6438579293046336	0.46209837466736575	0.6439698873075782	0.4736127269108454	0.6440701354235013	0.4613729584714005	0.6442019934073944	0.46136428020650044	0.6443239578610049
0.45971572412371087	0.6413922557917389	0.4736138478748537	0.6411869574193515	0.4630868593733192	0.641001553648587	0.4613664321825377	0.640820448519569	0.47315698137606077	0.6406471656946665
0.46773978195458954	0.6437373907232462	0.46209812298507835	0.6437907112581528	0.47328030641700825	0.6439325590587781	0.47053753538493404	0.6442370905647188	0.4674849972758336	0.6440692347153124
0.45971572412371087	0.6440394773224732	0.469839441129517	0.6441403103148057	0.46309317934232946	0.6443041697742227	0.461370163132005	0.6444114280821813	0.47027612003377195	0.6445182302402519
0.45971572412371087	0.6437577498963214	0.47170538988107363	0.6438153140983222	0.4630924774433043	0.6437361716293287	0.46137681630355526	0.6437377098995879	0.46136470463214724	0.6437611492105875
0.45971572412371087	0.6437639757488622	0.4775205077883176	0.6438652500376953	0.4720692121676236	0.6439780103948274	0.46137276410006994	0.6441062129097364	0.4719235099523571	0.6442275066277136
0.46679986233079057	0.6427567425999162	0.4620960723125734	0.6426971353940958	0.46981350013297324	0.642761777915893	0.4613705937679614	0.6426626731411009	0.46135690610422514	0.6426841072228083
0.46744800655017843	0.6439152693686699	0.4620984965995438	0.6439914426715717	0.473400815383651	0.6440973935592749	0.4676487765095761	0.6442237712251684	0.46895852954527273	0.6443630406439744
0.46990865937614806	0.6470310987166582	0.4621051486760635	0.6468136475537987	0.46309885854526484	0.6467042426509609	0.4703082296649039	0.6462897929999161	0.46136784646962825	0.6461604351667144
0.46754410923686957	0.6433423228573134	0.46209730446217434	0.643444026122212	0.46309170358104024	0.643571133285173	0.4693416630637606	0.643686501119665	0.4664657079737829	0.643817888519969
0.45971572412371087	0.6437582349236273	0.4708188904990516	0.6438426664147847	0.4630925354154637	0.6439545699935038	0.47362499611365755	0.6440696886106905	0.4705709853625196	0.6441952235528488
0.47148412133845363	0.6423338481679212	0.4620951992596178	0.642465082293126	0.46724936584233345	0.642600132891545	0.4732981550004062	0.6427550337681115	0.4659724572840768	0.6429098179935444
0.45971572412371087	0.648675923094894	0.4621086374664619	0.6481143040704777	0.47306500710463245	0.6482773481483048	0.4669828508634351	0.6480537160673998	0.4613730874727002	0.6477698282017923
0.45971572412371087	0.6494321171628992	0.47561388675476945	0.6493610503529137	0.4631042577151172	0.6493331391524334	0.4656983742229267	0.6492240550131341	0.46138003561795116	0.64873736921858
0.4714715040183338	0.6517463876294085	0.469904959475008	0.6518305140747132	0.4734208837203376	0.651716572808672	0.4703655505030712	0.6515872332061289	0.4613760152522487	0.651652404424296
0.45971572412371087	0.6437887839096201	0.47056772638084093	0.6437363089235701	0.4757363641804583	0.6437626704622593	0.46824168202360666	0.6436866695822479	0.46135776883265867	0.6436593483462136
0.45971572412371087	0.6476787539348887	0.4681727823615808	0.6476735241511068	0.46310069419481126	0.6472777380566451	0.4659583014575745	0.6472819618846979	0.4613673773821035	0.6467895035379493
0.4691168669501514	0.6434801728281127	0.46209758448995836	0.6436059264135341	0.4712570256812665	0.643686871557759	0.46137216285046695	0.643831382966403	0.4613583422587042	0.6439628122592987
0.45971572412371087	0.6435350166017559	0.4620977142287309	0.6436432272145116	0.4630921257842527	0.6437604136654292	0.4613723180159452	0.6438977736563544	0.4680969575352911	0.6440651381419648
0.46554132025192213	0.6390457421391261	0.47280237685049986	0.6393063575419353	0.46307776995770017	0.6405693189292228	0.4613697483694058	0.6409511543981286	0.4702627869100952	0.6427592845099867
0.46659096196138267	0.6463730389751489	0.4702131504549119	0.6463272023973392	0.47213794176978197	0.6463753526590811	0.4688696062753115	0.6457637858487755	0.47427522444630843	0.6459797747645933
0.45971572412371087	0.6441517950461757	0.4753439418864324	0.644218999960908	0.46309333303928646	0.6443391199256642	0.46137926703788074	0.6445200036523763	0.47122260954833245	0.6445714758745378
0.46976747762461546	0.6435405018970932	0.4620977127795113	0.6436174234065313	0.47017643680466314	0.6437474334022888	0.4662569564399439	0.6438650296029914	0.4613578614073541	0.6440059329880654
0.45971572412371087	0.6444453864702376	0.46209963701127066	0.6445677816846821	0.46309404598717346	0.6446230116936844	0.4613794684956781	0.6447091225296671	0.46136926830773917	0.6448882664219947
0.45971572412371087	0.6443479802746899	0.46743970806520085	0.6444378591583828	0.46309375753898835	0.644504136085401	0.4677000843896373	0.6446459023029233	0.46136519165338813	0.6447568055224838
0.4670297410652955	0.6433467298743635	0.4621022002625653	0.6434583542940444	0.46309173394935244	0.6435554348728278	0.4710710930493503	0.6436998859431976	0.46135833328865283	0.6438310534281323
0.47141004594280395	0.65077258221731	0.4621131314970408	0.6504861861196201	0.46310665561906766	0.6503887229051669	0.4675226431944379	0.6503879048399772	0.47150037616061324	0.6503902502278284
0.4642773852162727	0.6436023897704368	0.46904152272205835	0.6434253063032668	0.47095085485863675	0.6434570928737009	0.4757604821662188	0.6434493694759476	0.46135727527760023	0.6433685916022188
0.46978880943739276	0.6504025139861885	0.46211231796081625	0.649956771354535	0.4693078892138498	0.6499249515999352	0.46693555584319324	0.6497762291840347	0.46137765139936227	0.6494266002064071
0.45971572412371087	0.6440083921965584	0.46584421076102606	0.6441369794514508	0.47194473369560713	0.644208980056604	0.4727265866894866	0.6443024189395158	0.4708335772380154	0.6444580409652172
0.45971572412371087	0.6441068223779274	0.4620989301824881	0.6440324812067856	0.4630929508007123	0.644064476285964	0.4678722015615033	0.6441246790107016	0.47000598054505927	0.6441855571587033
0.45971572412371087	0.6451242923737424	0.46887728061460765	0.6451467318629455	0.4736948204481658	0.6451288410693621	0.4613751659712366	0.6452653520370194	0.4613612605260489	0.6453344292388179
0.45971572412371087	0.6437822686253778	0.47099946046786273	0.6438904606718138	0.46309263671350576	0.643978972477967	0.46995861958608265	0.6441251841187536	0.4722603874751252	0.6442998073119799
0.45971572412371087	0.6444795963300254	0.4705326129671027	0.6446010250622682	0.463094107949176	0.6446792984513594	0.47193126905801036	0.6447937736731904	0.46935312481888575	0.6448994254627789
0.45971572412371087	0.6440569338180786	0.46209880246308266	0.644082062158388	0.46309302117693474	0.6439605396644585	0.4734305763839303	0.6439317871290245	0.46927372334196427	0.6438482515989126
0.45971572412371087	0.6450195360988571	0.4621008710789299	0.6450642416997066	0.4734644749686125	0.644749890939304	0.46137976935580816	0.6449010396270468	0.4613696691073743	0.644341670571183
0.4704834614873573	0.6460046079331203	0.46210299224007806	0.6455773802690332	0.475989860960982	0.645265572864119	0.46710965959171	0.645142127009183	0.4613718697979268	0.6455711262314494
0.45971572412371087	0.6433215897411924	0.46209726037283455	0.6434276476873523	0.467643380762877	0.6435349516333058	0.4659886104507268	0.6436558420515713	0.4613631481186406	0.6438005649882282
0.45971572412371087	0.644897830372503	0.462100564265953	0.6449882991795515	0.4630949025118552	0.6450919111604085	0.46137507958963947	0.6451769421271798	0.46136627390561114	0.6452621890933441
0.4636570633051403	0.6431812233455974	0.46209696188116156	0.6431245742883245	0.4630910395701294	0.6432318815213309	0.4613712028726882	0.6432483908242774	0.46738420370986095	0.6432287222183177
0.47207918807758004	0.6461200368730557	0.47288255994827305	0.6460528339578171	0.4630972328881346	0.6456087689558899	0.4713764172463136	0.6459023689390933	0.4701319279558871	0.6453184698964328
0.45971572412371087	0.649683302840601	0.4621108151181031	0.6494712520353939	0.4737762568046568	0.6494505822636475	0.46138916660661317	0.6492194150756985	0.46138023952068197	0.6492547640854214
0.45971572412371087	0.6506854765823269	0.4727683919690806	0.6506824231934494	0.47107037106267496	0.6504249984948832	0.4613910980768274	0.6505348518641485	0.47257875451212156	0.6504720690516561
0.45971572412371087	0.6441233406129038	0.47055945895684953	0.6442289756762262	0.4630933279158029	0.6443354975712963	0.47402842000502665	0.6444328710028349	0.47169700955965466	0.6445793754948178
0.4716563130723993	0.6431527534988745	0.4620969013395039	0.6432777520157744	0.4714459133709747	0.6433857758781715	0.4613716757830837	0.6435188821201456	0.4708387372905387	0.6436651151526832
0.4715480036117556	0.6436129706043509	0.4620978668839445	0.6437307983131282	0.4723186111142183	0.6438365639030391	0.47618261702295994	0.6439620601814726	0.4613582886725386	0.6441089163553083
0.45971572412371087	0.6447849358736549	0.46892156131844553	0.6448033215513078	0.4748521550391839	0.6449156522841357	0.461379845155767	0.6450497161338604	0.47021615723583005	0.6451586271982332
0.46878023548392495	0.6438205684557805	0.4755145877725747	0.6439819838690053	0.4716281386004145	0.6440417840545114	0.4708632664652464	0.6442555415184483	0.47126588974173234	0.644374658675624
0.4701317971509738	0.6437520139226158	0.46782106403593526	0.6438333087568211	0.47024783167482864	0.6439545311135464	0.46745734584413345	0.6440928251189707	0.4702808739248202	0.6442068920587655
0.4692713007701847	0.6502565920928947	0.4692610977666244	0.6502686007231527	0.4631061415234168	0.6502250042910275	0.46895902778762694	0.6502522816926449	0.4613769605272333	0.650278688916778
0.45971572412371087	0.6442563343382939	0.4620992264690813	0.6443562806757019	0.46309358464177863	0.6444592299644623	0.46866028535438625	0.6445851052418753	0.4613597139863578	0.6446806728421501
0.45971572412371087	0.6458662543294509	0.47472830032173274	0.645900400948565	0.4630968572403855	0.6457106460856629	0.47404185484762074	0.6456073968936425	0.4613645971786366	0.6454226936754772
0.45971572412371087	0.6489902846129817	0.4732531781615603	0.6489980397712297	0.47235251646215326	0.6488364480666468	0.47143041889127524	0.6482464225609991	0.46907681148204455	0.648196982882312
0.47048035431267515	0.6428358603000838	0.4725019717770548	0.6428448470104215	0.4630904466866389	0.6428515088326551	0.4613759691432761	0.6429446323391914	0.4613620997542802	0.6428996642062065
0.46630940965512235	0.6441493455740416	0.47110075385576944	0.6442458137147274	0.4630933505183568	0.6443458101372062	0.46936912609932774	0.6444545491765932	0.4726476925580066	0.6445768559761308
0.4709068865982828	0.6437089038396165	0.4620980708855603	0.6438114971836126	0.4755308002784325	0.6439218516144076	0.4688088200393808	0.644049450996794	0.47205661438769475	0.6441643979283351
0.4700524857916797	0.6447920126617646	0.4709318701228182	0.6444984580998756	0.4753692174111282	0.6441648794522981	0.46137762003205607	0.644078430718464	0.4613633628516934	0.6444061757597416
0.4645193964916593	0.6436053011424043	0.46209785057485936	0.6437024334366698	0.47109585825702177	0.643796269102562	0.4613723936668291	0.6439344870778251	0.4674618680182934	0.6440614643518168
0.4701230582844807	0.6436556564891618	0.4693748078015617	0.643747973754424	0.4747492641228304	0.6438539212839252	0.46897337004718115	0.6439858740855909	0.4613578935298138	0.6440916713380247
0.45971572412371087	0.6421276352405549	0.4737736666678232	0.6424971275517938	0.4630897357918515	0.6426085489194597	0.47705746829836376	0.6427071167456572	0.46911769291106986	0.6429570613915122
0.45971572412371087	0.6439714630539272	0.4620986423389491	0.6438914174241839	0.4630926648963878	0.6438623130060973	0.47058974208704485	0.643894881078966	0.4708517307803547	0.6439259520695381
0.45971572412371087	0.6446573970671348	0.47042765248131535	0.6446590834557336	0.46309423949364176	0.6448071885678932	0.4688697097881041	0.6449060819313257	0.4675886532678728	0.6450213949404746
0.4721784038801475	0.6441404829532017	0.4620989886361622	0.6440852295159848	0.4630930495182858	0.6440379911363135	0.47241237362586413	0.6441639160002132	0.4613698345332095	0.6440540211684533
0.46374332896110215	0.6440318031965694	0.4620987621484581	0.6441367021928679	0.46309313234967664	0.6442198254237451	0.4706461751448057	0.6443535764466063	0.471348534836518	0.6444769430212931
0.45971572412371087	0.6400462675543809	0.46209023500170293	0.6417863888198474	0.47258299143704613	0.6440766591877487	0.4613786028517413	0.6447196976372859	0.46136712128837226	0.6449301417429506
0.47233793051833284	0.6437125080171291	0.46209809166711885	0.6437219144487253	0.4630922925604124	0.6437459454653259	0.46987626553655465	0.6438270169963862	0.4697184218947808	0.6438482631061647
0.46838386937055315	0.6442790841193623	0.4708020926401668	0.6440167878406224	0.46760275459191525	0.6438667567797141	0.4692562603232148	0.6436008585007011	0.46830089602021263	0.6434677122320115
0.45971572412371087	0.6438243357553651	0.4621015635032956	0.6439763439221918	0.46309285797762406	0.6439703654002972	0.47571084854742113	0.6441145363665836	0.46136933260064994	0.644222435723116
0.47060425388599986	0.6432390178059196	0.4710623238809255	0.6433493026175107	0.4698910830673709	0.6434692387012907	0.47088313856390496	0.6436094179133925	0.4613583223122561	0.6437516125100751
0.45971572412371087	0.643846782372058	0.4620983640835931	0.643949255074656	0.4659504544830662	0.6440525548826523	0.4613729213788456	0.6441811841098306	0.46136423625701944	0.6443015741093604
0.4724511772694652	0.6433825625990567	0.4620973900326909	0.6434193620102862	0.4630916513058691	0.6433011461937532	0.4613713490134158	0.6434673934323277	0.4718429756988181	0.6434267441050119
0.45971572412371087	0.6459402125413174	0.462102828904081	0.6452956824524518	0.4726693992530075	0.6451331452526115	0.4742064150555571	0.6451480208692754	0.47117283846032965	0.6449971357435903
0.46594231336301467	0.6437870862329014	0.4620982502588609	0.6435639699850679	0.47214615884285355	0.643715304712376	0.46969620636027676	0.6435199621379815	0.46135693422842966	0.6435950187063063
0.46657922900077337	0.6438579800098867	0.46209840101557076	0.6437568317135447	0.46309237964178956	0.6437478700069862	0.4613722915502565	0.6438231873171413	0.4676051247543266	0.6438491058062223
0.4662588511300206	0.6446869468002141	0.4621001375502411	0.6444725764153573	0.46934070990465154	0.6446633282749624	0.4613742100270228	0.6446261223251873	0.46135967164440705	0.6446126095838552
0.45971572412371087	0.64495259603673	0.4621006807174353	0.6449953803375484	0.4737745516610189	0.6451592515249537	0.4613809329338874	0.645217149867212	0.46830038079407416	0.6453450352794233
0.47009929101309744	0.6438874000873047	0.4682885628905547	0.64401999245652	0.4630929112509642	0.6440694016614817	0.4613729569232668	0.6441943758981182	0.4693709289014799	0.6443261271875507
0.45971572412371087	0.6429130109488613	0.46486170619704387	0.6428159611330534	0.47258835860912374	0.6428834305422465	0.46136779412429646	0.642939330921903	0.46135691862712686	0.6429232895881591
0.4748762303250348	0.6445916163571126	0.4620999262790632	0.6446615040534048	0.4709143102327056	0.6447844146207434	0.469317126120386	0.6448904696592876	0.4707345637558851	0.6450121184791434
0.47385872082146935	0.6434552983718792	0.4620975447065679	0.6435616633510506	0.47339780096504847	0.6437254055922038	0.46136889806684195	0.6438038674080327	0.4613586052415563	0.6439796863810778
0.45971572412371087	0.6485563249119422	0.4711374610240654	0.6486531374256376	0.4630979316825098	0.6486944254232951	0.47461842525454084	0.6486281665820997	0.4697234291234172	0.6486898347416019
0.45971572412371087	0.6436234367715414	0.46209788914020045	0.6437341726347092	0.4630923054671284	0.6438315851060598	0.4613724551624522	0.643964092351851	0.4613637907896718	0.6440808860237196
