0.6005787151939114	0.5333333692816858	0.6046559417035303	0.5456110613503826	0.5997021853872867	0.5442290535756643	0.5992186978459539	0.544829094619479	0.5950635734289696	0.5432234989142593
0.6050722658654972	0.5121118238868538	0.6009630121534852	0.5077854377786393	0.6139210555906334	0.5079926834993812	0.6118748704899505	0.5091480168026612	0.5994622335236865	0.5097657956950992
0.6053640532032971	0.5244101722105795	0.6026508704376808	0.517083818532165	0.6182736470950067	0.5190305697837472	0.6107712138922458	0.5191066464120748	0.6181162844887904	0.5190496691056053
0.6100917372152928	0.562586542642347	0.5991947255293794	0.5615493430579729	0.6024451591598047	0.5612679253876242	0.604478883174522	0.5617154349601011	0.6009977115564974	0.5620432768911993
0.5966416649598406	0.5220117797821937	0.618124045425528	0.5136243662082822	0.6155858168408889	0.5146539986525906	0.5946669459446792	0.5157454083749333	0.605991109083389	0.516596825045333
0.4606377149951525	0.49199248669708284	0.4704399067235942	0.4845234188081186	0.47136496079101436	0.4850377153256323	0.47133019042876306	0.48515791961702553	0.46188710982817915	0.4867414385549871
0.4606377149951525	0.5335200632406074	0.4669089199919653	0.5286541366475977	0.46330150464419095	0.5279133711812501	0.4711438491867616	0.5301315822899665	0.4619807790203019	0.5303429617304286
0.4606377149951525	0.5252973222346143	0.47327296577886213	0.5191492934441037	0.47139785601982276	0.5203665965865726	0.4627055319023006	0.5206240617367202	0.4726845077275379	0.5216968492638644
0.4660922975669577	0.5618408341131562	0.4598773023733005	0.5473742339608114	0.46334083769809503	0.5499514605389999	0.4665691314638573	0.5516906747799449	0.4743371496541548	0.5537084283082567
0.4695570071049774	0.5191602360266555	0.47196079588223133	0.5118189210784547	0.4632661122615685	0.5132150017436292	0.4698059710629611	0.5129134736022976	0.47002572709204177	0.5141901659350232
0.4606377149951525	0.5004850761621678	0.4597470926813018	0.49479375199016695	0.46323032506569795	0.4950924042941839	0.4626510629317795	0.49571204880728176	0.46189558748475584	0.4965644639786257
0.4606377149951525	0.5512281008746273	0.45985475945712856	0.5501272923009954	0.4734516792196425	0.5505592200800865	0.46277057945187083	0.5513258161268116	0.4620239370645339	0.5518856535896196
0.4606377149951525	0.48475987258713105	0.459713713181239	0.48244506808144133	0.4632043736622832	0.4825699160330088	0.47525709175001957	0.4834962694796243	0.46188397291138983	0.4836949615012414
0.4730894082580779	0.552301538363226	0.4598570495367406	0.5477836229626631	0.468469043119898	0.5482594655054184	0.4748947077045443	0.5491704981390351	0.4724550931784868	0.5498261431932395
0.4606377149951525	0.5146883742713089	0.468302274123536	0.5169343075222547	0.46327538216818204	0.5165272716579731	0.4698175194852735	0.51718239628896	0.4716439372384783	0.516545658863898
0.4680260186085964	0.4912629349353266	0.46697786006248343	0.49179816250142944	0.4717781761924506	0.49086511425020213	0.4626474931177427	0.49118320144744393	0.4618991415821116	0.49223493858528233
0.4650041830607324	0.5468043248216001	0.45984534579121195	0.5457588860629403	0.4732414866199697	0.5461046504185867	0.46276096638607794	0.5466269340537876	0.4620039334548958	0.5469117103429872
0.4606377149951525	0.4849616311097588	0.4706856771650043	0.48353908054919525	0.47703276264756	0.48325256646016523	0.4626255520186741	0.4845059541545144	0.469396141542573	0.4846642627373139
0.4724036540860423	0.5507367199119322	0.4598537163492933	0.5483009022981448	0.47052172096441336	0.5490337856841943	0.46276729139217304	0.5496570710305758	0.4620103936990164	0.5502011766407198
0.4606377149951525	0.5272726854506011	0.46912855770822	0.5387368772732845	0.4633226153229427	0.5368958819829591	0.4627411293863268	0.5366964395611437	0.47309462980435335	0.5357286252072362
0.4685513144444081	0.572145221911316	0.45989915344730603	0.5707716888779231	0.46957910113646845	0.570810231827097	0.4744349684659616	0.5713482301105429	0.4694369960748911	0.5716230861553258
0.4606377149951525	0.5242700232342954	0.4662829273865239	0.5174030860305813	0.4632778517243553	0.5185567843736231	0.46271310337167576	0.5189806489706117	0.47024901610871767	0.5197764863064268
0.4606377149951525	0.5478857966481313	0.46481903977614136	0.5427530850613693	0.46333112287951045	0.5433744507601995	0.46275936632797354	0.5440837539229076	0.4620113333802508	0.5448228208736741
0.4606377149951525	0.5482534146758551	0.47200474395701986	0.5405757849606472	0.4713656728425974	0.5423818515022938	0.4627529644044533	0.5440909848292814	0.4696850945110484	0.546177599219657
0.46621164398363096	0.5155691926318826	0.4597790791548686	0.509177169318238	0.46994121304174685	0.5101234427876304	0.4626944762301123	0.5109160869967586	0.46193815726538284	0.5117435835661661
0.4717902390409812	0.5462691727917531	0.4598442316065576	0.5442170043958827	0.47036181292985085	0.5443609342814878	0.46728618801320904	0.5449363746650444	0.47067962874662217	0.5452339876905478
0.46699261714361834	0.5269175073011091	0.45980317669579945	0.5181731075703915	0.4632794705258812	0.5189699410945201	0.4730358389398434	0.5199771154160464	0.4619561155830887	0.5219346405146553
0.46544539552370073	0.5278899234489929	0.45980524131008327	0.5221657977199716	0.4632878642911603	0.5231061518915109	0.47350979298789136	0.5234819198364782	0.47376045752332663	0.5236608473350136
0.4606377149951525	0.5547870897857728	0.4702277959603317	0.5442796426231316	0.46333433208837266	0.5467356342166027	0.470175363296226	0.5483706734980509	0.47178941217071735	0.550730810104112
0.4689063550483494	0.5065033023094361	0.4597598816295501	0.5050044549840216	0.4758548861944093	0.5045548518334076	0.47241477510150065	0.5049766366069725	0.4719383726024407	0.5061593059238666
0.4606377149951525	0.5537238907002884	0.4598600578691844	0.5611805683191904	0.4723567047028486	0.5598013222351756	0.4750482124718304	0.5598679582784031	0.4620389731419912	0.5579015372691792
0.4606377149951525	0.5314169375756017	0.4665631195704603	0.522578649478112	0.4632887183330432	0.5240410881290551	0.47140023264891157	0.5246651189814658	0.4619630048857904	0.526338233414575
0.46682156071456843	0.5135193391074722	0.4694915377994391	0.5124655168160162	0.47308321808289966	0.5123291833175481	0.4712280805685414	0.5123144212915052	0.4619406588799328	0.5133162169591495
0.4606377149951525	0.5459150505572905	0.4681396218473069	0.5330135083390671	0.475959258319664	0.5340981941301518	0.47067576446291615	0.5348462122519084	0.46198951669483296	0.5363335411034381
0.4606377149951525	0.5163570851503614	0.4664310936765197	0.5100039960339863	0.4632622820422343	0.5099158550030758	0.47100295173357976	0.5114252014577454	0.4619388092496907	0.5124996068616909
0.4658576189272721	0.5445439661688953	0.45984058980541603	0.5328822937938285	0.470899460573671	0.5340397742068361	0.4627349829490968	0.534110230908373	0.4619887077950538	0.5345823941234256
0.4606377149951525	0.5280910031458208	0.4598056574941122	0.518808380761634	0.46328079559756136	0.5197487048974024	0.4627041892739077	0.5207952073756105	0.469211273540552	0.5212730536668436
0.4696169243337627	0.5037675953172994	0.4695978268978725	0.49388042631493806	0.46322846316676514	0.49475014665053324	0.46265404844447033	0.49610745758884134	0.4665406853942879	0.49800959658522903
0.4735392248251492	0.5142330939251141	0.469287064089901	0.5074127290433222	0.4727918539814019	0.5079395902777002	0.476540044379691	0.5089352059254657	0.4727802988195323	0.5103450313429374
0.4606377149951525	0.5435273148931082	0.46753208470061675	0.5318921005541498	0.4633082903541544	0.5339778065296147	0.46274345353219304	0.5355781558850363	0.47173281012944646	0.537689411859928
0.4687460261888852	0.5412135694340552	0.45983351883017226	0.5278859887335935	0.4751767518503126	0.5291150065042585	0.47243075547324576	0.5301160341275533	0.4619802572525188	0.530707787996239
0.4606377149951525	0.547653612211118	0.45984717081564924	0.5425490975565388	0.4633306831167681	0.5432164421108344	0.46276230771116156	0.5437800203239527	0.4620047779000692	0.5445223436572053
0.4606377149951525	0.5582917505424767	0.46793843213945224	0.5600648371424982	0.4633674597957808	0.5599891137348222	0.4726271878955397	0.5607983057265183	0.4620340943085736	0.5608397854640309
0.4749653033686288	0.5381916524276408	0.4598305369631451	0.5333561757456844	0.46331138969662394	0.5338967651025375	0.4740519866164189	0.533296298468511	0.4619883272078849	0.5345291052934471
0.46976265730576544	0.5279368473361048	0.4598053389635539	0.520249390001324	0.46328382140770946	0.5208178901858591	0.47018044627682604	0.5218449748532467	0.4694983322649873	0.5232528736617883
0.47263647029975614	0.5538802311148534	0.4706260544306653	0.5492382159924	0.4710146069431988	0.5497572344121796	0.47078803263975444	0.550423642092005	0.46202184157807846	0.551195013054062
0.46851365172097215	0.5444880173577167	0.4598404931731197	0.5404236457480334	0.47534565047157906	0.5398967081860047	0.4716177378152804	0.5405932890383872	0.4619985122686297	0.5416949939625376
0.4606377149951525	0.5184888624466926	0.47187998285607097	0.5116731713826181	0.4751709634812253	0.5127150755185382	0.4729383039741907	0.5131258886579867	0.46510786159678796	0.5141500154138685
0.4606377149951525	0.5362950866254386	0.4598230760889381	0.526344822370704	0.4632966391953732	0.5272132745669945	0.46980747878043244	0.5280702255430874	0.4692449945124575	0.5286820506325448
0.4606377149951525	0.5396662100339061	0.4702011004363158	0.5491045992714186	0.4739808909049688	0.5479977449508269	0.462765058215442	0.5477962815474864	0.46201768106063096	0.5460259067221398
0.4606377149951525	0.543774427017977	0.4685674573731198	0.5286450575700535	0.46330146425816676	0.5295461523929496	0.4740563118692815	0.5312103710041397	0.4657177554573472	0.5339388533969484
0.4606377149951525	0.5382916812322173	0.4722553963523428	0.5481516811496275	0.4633424055487069	0.5476230658014456	0.4700125127748511	0.5466066365973274	0.46956376865138144	0.5446204506600458
0.4606377149951525	0.5203481107346488	0.45978918188614337	0.5316881688856923	0.46330780780029795	0.5295046018619836	0.47652314577501736	0.5280258632093314	0.4727594081639048	0.52697470437612
0.4606377149951525	0.5199344621163681	0.4597883477636931	0.5142196581927776	0.46968574301884863	0.5147676365139028	0.46270214765766843	0.5158820994997723	0.4619463708948321	0.5162418865761866
0.4714531688645333	0.5118880490491182	0.45977128410051704	0.5054216394916394	0.4764920797116764	0.5059235239527858	0.4671543350457006	0.5070215010396312	0.4619269652736168	0.5080043673227946
0.4606377149951525	0.5182129309347621	0.4597846953459363	0.5115229068717545	0.4698361402341751	0.5126965574954336	0.4700994948518793	0.5130568917796021	0.4619324831796424	0.5134020594088226
0.4606377149951525	0.5043916815807333	0.4597552814084086	0.5156458502157852	0.4632740771132918	0.513846788740085	0.46269144949277596	0.5129290715220398	0.4619322040004586	0.5114757395165357
0.468195917388183	0.5217219417675133	0.45979215620183095	0.5154109272643673	0.4632736636501298	0.5162938909129564	0.4626967530133896	0.517241512829611	0.4715701658076397	0.5180065478861215
0.47277280055309023	0.5499640440626297	0.4727883004409792	0.5407564769752132	0.46332693639912365	0.5409762833891135	0.46943870197197557	0.5418485013771346	0.46945756735484245	0.5439764923661955
0.4606377149951525	0.5133922586244973	0.45977448842937113	0.5078417929330469	0.4686527282457784	0.5077360219940089	0.46268660326202987	0.5092441300679349	0.46193158668279366	0.5105347629705612
0.4606377149951525	0.5750547594482559	0.4688827307237373	0.5720003898741884	0.47443037285683753	0.5713822025445167	0.4628211062864184	0.5728782684968944	0.46584367150754163	0.5732389404189175
0.4606377149951525	0.5494538215987828	0.4694219927217598	0.5462020196821555	0.4633383403395377	0.5469019710353029	0.4711081381734267	0.5474083904977456	0.4747584459269508	0.5481736930551903
0.47214290487353155	0.5157822502726651	0.45977952103715636	0.5111920079426328	0.4738021910817132	0.5124278794307668	0.46269011718864334	0.5122167761547537	0.47709038333810855	0.5134164167188361
0.4731257292580731	0.550236386409863	0.4598526645409785	0.5341346733674992	0.4710662567648649	0.5366876657598525	0.4691863147267705	0.5376556725495696	0.46199550642206955	0.5384393199382268
0.4606377149951525	0.5057958657457392	0.4667264234033462	0.5136913215836391	0.46791739656997844	0.5131572165946886	0.46269842535346456	0.5106136526590417	0.4723561364695365	0.5101536778415373
0.46728591708828243	0.5466757922671266	0.46648653053404576	0.5339120888987698	0.4669455219639896	0.5366248867348605	0.47328981779258017	0.5376117898587279	0.46809050489882564	0.5409538550262745
0.4710143771751019	0.5306503500167303	0.4671599533586665	0.5205186902342136	0.47281352344888716	0.5214515945091124	0.4693642824695912	0.5220150127278305	0.47212100095997817	0.5232318318144887
0.4682062250132038	0.5795836840880944	0.4667385007641937	0.5766149800465932	0.4634022971453683	0.57641057044416	0.4684816337271957	0.5781430360874316	0.46207723259436706	0.5781196851621312
0.4606377149951525	0.5445245925498254	0.45984051722036906	0.5525643878364405	0.4633516927588326	0.55185006365942	0.4732537763012357	0.5524244698738622	0.4620258693645614	0.5516992506280117
0.4606377149951525	0.5387900937928496	0.47003118269691135	0.5494663737887437	0.4633452026340874	0.5468617697448416	0.4698442107200553	0.5464071527594586	0.46201156516982905	0.5461899524478949
0.4606377149951525	0.5075418203205281	0.4711955674651314	0.49930681145309386	0.47636901274266824	0.4997044578979734	0.4700758518006233	0.5011775562574288	0.47206909858630375	0.5022011891324226
0.4687226350089501	0.5143815835403452	0.47106666635959765	0.5078685673879157	0.463257792648777	0.5088219340792313	0.46269047185216905	0.50949025613745	0.46193395242066043	0.5105291089489564
0.4686794083542997	0.5467376215552817	0.47252755005307084	0.5442862742400244	0.46333430188645375	0.5444548232826036	0.47195841452712467	0.5452036934474253	0.4729665351926568	0.5456143702666825
0.4658827872189672	0.5473892666912449	0.45984660856694104	0.5347465819064765	0.47239614783685463	0.5381270460193559	0.4703238251075308	0.5387597525304779	0.47319579015583413	0.5419710806510282
0.46779575301046983	0.5149941552989574	0.46913895029783265	0.5067121890274567	0.47283413683210396	0.5084287749872473	0.46268983257957225	0.5089075998177675	0.4619329704351121	0.5102869485809626
0.47094218103159086	0.5468264253734133	0.45984542471182793	0.5312062703956426	0.47291896324460425	0.5329045967061016	0.46273253606051545	0.533179999499754	0.4734599883745611	0.536777884084369
0.4678509940801921	0.5591010472515839	0.4749836950780152	0.5457600564840275	0.4760733602597358	0.5472563502378689	0.47273410232025237	0.5490319964481966	0.4620198738150459	0.5514223687821873
0.4606377149951525	0.5091993435830624	0.46652222445389685	0.5052449558637571	0.4632522972963539	0.5056018548534518	0.4724029466779152	0.5060742078155049	0.4689966205785398	0.5069206987760853
0.4606377149951525	0.5095358842887174	0.4597662688993273	0.5026403318029701	0.46324680115868694	0.5035464498513726	0.47113188956380436	0.5045792662605079	0.46953827788983016	0.5053280099177053
0.4606377149951525	0.551273974283233	0.4684700737163109	0.5461932480364484	0.46333833290260734	0.546782238512973	0.4717837894597527	0.5473139454577779	0.4701415763500764	0.5483945116690679
0.46758395775504635	0.5446669858522255	0.4598408399146886	0.5364164758721147	0.46331780172854925	0.5373371323889975	0.47149654138180536	0.5380089130994979	0.46199192073561446	0.5407262020289548
0.4732720259404001	0.5558598142772834	0.459864581519007	0.553609936569084	0.46335391318621477	0.5541413468449451	0.4729912364825031	0.5540345376036712	0.4709810020682933	0.5546289361538982
0.4606377149951525	0.4932634959817381	0.4597315991369491	0.48666463700803086	0.4783774903013992	0.48626702027732605	0.4626423962536212	0.48712866980602926	0.4618869492170856	0.48842377992271546
0.465290768031526	0.539081206135987	0.4598289914749007	0.5286391213320927	0.4633014624281339	0.5297553228125956	0.4705921168853373	0.5304422542079599	0.46848643317003064	0.5306649157989506
0.4721997935395182	0.5540049920661198	0.47242529821991835	0.549441128402451	0.4727324783991097	0.5501554424993668	0.4722476717508797	0.550545053498507	0.4705839765048519	0.5512970068018446
0.4606377149951525	0.510122195573581	0.45977755521758085	0.5055894893092392	0.4632530012631975	0.5060387436283832	0.47614646444179715	0.5068443151887024	0.46192983530598936	0.5077263702501922
0.47346961281215294	0.5168348486436192	0.4672810124670914	0.5092247710653394	0.4776293582220706	0.5110094484235319	0.4665951245041125	0.510403218388624	0.46193775486986605	0.5119968644349849
0.4606377149951525	0.5552186448539677	0.459863243032515	0.5481055271601994	0.47091332135243696	0.5502088710827637	0.4627698356426186	0.5520931425891189	0.46201555609820544	0.5538503791493381
0.47111028705803343	0.5408289937967322	0.45983270231333884	0.530270646920615	0.4633048923349865	0.5316105206172778	0.4627297466647495	0.5322244300954073	0.46689056937957	0.5330772798774281
0.4606377149951525	0.5319268130873805	0.4598138123577107	0.5267507676921285	0.47198996593818515	0.5270203383827654	0.47784489250999845	0.5278921769050612	0.46774752723280866	0.5292022061845029
0.472945857579535	0.5224470209255914	0.4597936956872591	0.5163572802590525	0.4719917540016973	0.5168591504508697	0.46894205893155033	0.5177710129851985	0.461955220186831	0.5184702004543013
0.47328688289940124	0.5196055737642968	0.4597876627396008	0.5130203305807641	0.4632686379541916	0.5141410179463579	0.46269211241262687	0.5147366511506529	0.47220543467605713	0.5159129407533831
0.46820295483274865	0.5492695685482701	0.4598506015417461	0.5441515364567111	0.4722319231696984	0.5448724560926829	0.46275832168073894	0.5454526727367363	0.46201161253052103	0.546324186536007
0.4606377149951525	0.5031897147535371	0.459752719731769	0.5035715219820902	0.4676473915658481	0.503508239111016	0.4626791838263233	0.5032103230936232	0.46962750844303763	0.5032575578775493
0.4700618973234448	0.544205735142557	0.4659366326572774	0.5316931459508276	0.4633078721017131	0.5330321251002168	0.462732810949459	0.5351444603133241	0.4710663401663616	0.5376464199588302
0.4606377149951525	0.5243236559704296	0.4683496290781748	0.5181916004127456	0.4714839244324157	0.5189748923780378	0.46271387742741804	0.5195000737330887	0.4619567711656982	0.5200045408389639
0.4666130294522058	0.535041313586666	0.4598203522977737	0.5473567017728095	0.47017538929114844	0.5471074872013089	0.46859658210617294	0.5446934869310156	0.4705101588426423	0.5437735097986325
0.47015626026272467	0.5195922196155359	0.459787623814616	0.5123843106782222	0.4723273272592375	0.5134007312274802	0.4627023536120384	0.5138780984413519	0.4619451664349465	0.5151527612137642
0.4606377149951525	0.5152385287413332	0.470953658132546	0.5086709080050781	0.46325723009938546	0.5099337268016491	0.47401164735743573	0.5102327958302207	0.46758753955630095	0.5113103564278589
0.4606377149951525	0.5505110208090596	0.45985324762841095	0.5330746961913696	0.46331078720568086	0.5351606228304528	0.4627373989520387	0.5370214196181533	0.4619834779256197	0.5393725342845729
