0.0025	0.00252761640400962	0.00252761640400962	0.002565524336877802	0.002565524336877802	0.0025941181490566367	0.0025941181490566367	0.0026289551492265236	0.0026289551492265236	0.0026605330032946663
0.0025	0.0024902654082040085	0.0024902654082040085	0.0024895572746267765	0.0024895572746267765	0.0025049929527990035	0.0025049929527990035	0.0025273906200188596	0.0025273906200188596	0.002530903182392078
0.0025	0.002495457110940609	0.002495457110940609	0.0024795327932177827	0.0024795327932177827	0.002493227918403508	0.002493227918403508	0.0025010124531042108	0.0025010124531042108	0.0025275425170314695
0.0025	0.0025037517285460545	0.0025037517285460545	0.0024967963297690948	0.0024967963297690948	0.0024994454760231388	0.0024994454760231388	0.002498130751416112	0.002498130751416112	0.002508052291634455
0.0025	0.0024837894354423525	0.0024837894354423525	0.002493295453577557	0.002493295453577557	0.002505119378461052	0.002505119378461052	0.002492460187844856	0.002492460187844856	0.002497822247278879
0.0025	0.002329431065800972	0.002329431065800972	0.0021772373721780174	0.0021772373721780174	0.0020243425977309487	0.0020243425977309487	0.0018795929299291305	0.0018795929299291305	0.0017274054737160631
0.0025	0.0023226084591053834	0.0023226084591053834	0.002156718251517423	0.002156718251517423	0.0019905590067064967	0.0019905590067064967	0.0018422685851995902	0.0018422685851995902	0.0016886902637422733
0.0025	0.0023266141751321673	0.0023266141751321673	0.0021686384315379786	0.0021686384315379786	0.002011984868760434	0.002011984868760434	0.0018552278369388757	0.0018552278369388757	0.0017095835466070155
0.0025	0.0023376876948993787	0.0023376876948993787	0.0021651345720770996	0.0021651345720770996	0.0019908523167415223	0.0019908523167415223	0.001842977816064036	0.001842977816064036	0.0016979019085682533
0.0025	0.002336946055699722	0.002336946055699722	0.002174944864708022	0.002174944864708022	0.0020043542828069405	0.0020043542828069405	0.00185345419388468	0.00185345419388468	0.001713709947104553
0.0025	0.002318205648616814	0.002318205648616814	0.00214601386167869	0.00214601386167869	0.001974378586174946	0.001974378586174946	0.001810856290297251	0.001810856290297251	0.0016526985217704137
0.0025	0.002344850712642779	0.002344850712642779	0.002192546702915305	0.002192546702915305	0.0020509386099858	0.0020509386099858	0.0019009994857620805	0.0019009994857620805	0.0017508193847614272
0.0025	0.0023531469893057757	0.0023531469893057757	0.0022118896267466063	0.0022118896267466063	0.002072335033520546	0.002072335033520546	0.00195769421302433	0.00195769421302433	0.0018346439817631766
0.0025	0.002362212564502925	0.002362212564502925	0.0022128552730703507	0.0022128552730703507	0.002072084014814794	0.002072084014814794	0.0019388572376855694	0.0019388572376855694	0.0018074643171310857
0.0025	0.0023374086782827178	0.0023374086782827178	0.0021850609650751656	0.0021850609650751656	0.0020198699786275844	0.0020198699786275844	0.0018653938987615673	0.0018653938987615673	0.0017102502845062135
0.0025	0.0023547336889351875	0.0023547336889351875	0.002212075235663186	0.002212075235663186	0.0020714325707383695	0.0020714325707383695	0.0019188472717480735	0.0019188472717480735	0.001764288181057645
0.0025	0.0023291032697265414	0.0023291032697265414	0.00215419478273368	0.00215419478273368	0.001988289516152492	0.001988289516152492	0.0018228352219219863	0.0018228352219219863	0.001662713343776493
0.0025	0.0023639802554341503	0.0023639802554341503	0.0022413920140458565	0.0022413920140458565	0.0021209911803896464	0.0021209911803896464	0.002004515238900121	0.002004515238900121	0.0019032500435159276
0.0025	0.0023519231065104473	0.0023519231065104473	0.002196261622648681	0.002196261622648681	0.0020487136561531836	0.0020487136561531836	0.0019013549634620017	0.0019013549634620017	0.001763746953795077
0.0025	0.002315792840863284	0.002315792840863284	0.002142847744041979	0.002142847744041979	0.0019571446705053774	0.0019571446705053774	0.001779484854385039	0.001779484854385039	0.0016225017773227744
0.0025	0.0023268127015504615	0.0023268127015504615	0.002148826768588909	0.002148826768588909	0.001977845012265964	0.001977845012265964	0.0018204448016627662	0.0018204448016627662	0.001663548773934105
0.0025	0.0023339144057302813	0.0023339144057302813	0.002180236756438672	0.002180236756438672	0.002021885943728833	0.002021885943728833	0.0018713022149293487	0.0018713022149293487	0.0017381501145177197
0.0025	0.0023347958045959742	0.0023347958045959742	0.002178065491242153	0.002178065491242153	0.0020128126013687635	0.0020128126013687635	0.001852287758494553	0.001852287758494553	0.001700812237357323
0.0025	0.0023447054559808415	0.0023447054559808415	0.002206343705645929	0.002206343705645929	0.0020661903943326658	0.0020661903943326658	0.0019242065762560864	0.0019242065762560864	0.0018072810659418936
0.0025	0.002336508600702608	0.002336508600702608	0.002164965507233359	0.002164965507233359	0.00200903649695858	0.00200903649695858	0.0018469620356655668	0.0018469620356655668	0.0016847526333127652
0.0025	0.0023629413605748576	0.0023629413605748576	0.002220373914239711	0.002220373914239711	0.002093705081371622	0.002093705081371622	0.0019638159587223726	0.0019638159587223726	0.0018507548474926963
0.0025	0.0023362241705169144	0.0023362241705169144	0.002168006185472034	0.002168006185472034	0.0020038924897004024	0.0020038924897004024	0.0018612727429943123	0.0018612727429943123	0.001719216833474558
0.0025	0.002320210203452832	0.002320210203452832	0.0021344917121153143	0.0021344917121153143	0.0019516327619097382	0.0019516327619097382	0.001795865858118846	0.001795865858118846	0.0016380878277191993
0.0025	0.0023364633730747772	0.0023364633730747772	0.0021885064297173695	0.0021885064297173695	0.0020283362608599707	0.0020283362608599707	0.0018962795976486366	0.0018962795976486366	0.001762954005848455
0.0025	0.0023453572619333064	0.0023453572619333064	0.0021840331033123623	0.0021840331033123623	0.00204122831868959	0.00204122831868959	0.0018971139529011484	0.0018971139529011484	0.0017629446327488956
0.0025	0.002323065134789203	0.002323065134789203	0.002150273972971355	0.002150273972971355	0.001981504627991844	0.001981504627991844	0.0018187220220960958	0.0018187220220960958	0.001647189308377702
0.0025	0.0023199240508119585	0.0023199240508119585	0.0021598536197349836	0.0021598536197349836	0.0019897868103187217	0.0019897868103187217	0.0018383757376032987	0.0018383757376032987	0.0016826945567816039
0.0025	0.002326224555149727	0.002326224555149727	0.0021637005657680337	0.0021637005657680337	0.001994840853798816	0.001994840853798816	0.0018215946615854422	0.0018215946615854422	0.0016349601431418143
0.0025	0.002341446636748106	0.002341446636748106	0.0021912734502975238	0.0021912734502975238	0.0020481834170035253	0.0020481834170035253	0.0019153481929972793	0.0019153481929972793	0.0017721528466833952
0.0025	0.002306949142910496	0.002306949142910496	0.0021299989324231406	0.0021299989324231406	0.0019463856009960094	0.0019463856009960094	0.0017739267765371173	0.0017739267765371173	0.001599082415885289
0.0025	0.002337381977871082	0.002337381977871082	0.0021589821747827376	0.0021589821747827376	0.0019954555004322583	0.0019954555004322583	0.0018268691620460709	0.0018268691620460709	0.0016634208787904936
0.0025	0.002332227817460149	0.002332227817460149	0.0021653044896563544	0.0021653044896563544	0.002002299075538186	0.002002299075538186	0.0018500227474584688	0.0018500227474584688	0.0017145358883817955
0.0025	0.0023370217835317056	0.0023370217835317056	0.0021792788315632794	0.0021792788315632794	0.002015212052397023	0.002015212052397023	0.0018573875774690713	0.0018573875774690713	0.0017150668925936443
0.0025	0.002328637350230182	0.002328637350230182	0.0021617084899168758	0.0021617084899168758	0.0019919112551334025	0.0019919112551334025	0.0018284957130376624	0.0018284957130376624	0.0016688765448191153
0.0025	0.0023348444745632997	0.0023348444745632997	0.002186186836725862	0.002186186836725862	0.0020207805106587924	0.0020207805106587924	0.0018663724965363468	0.0018663724965363468	0.0017315972943307274
0.0025	0.0023541828364264405	0.0023541828364264405	0.002191681182931606	0.002191681182931606	0.0020384403766691805	0.0020384403766691805	0.0019018979062535837	0.0019018979062535837	0.0017568025976640344
0.0025	0.002335796616073056	0.002335796616073056	0.0021746690789515087	0.0021746690789515087	0.002012596680323174	0.002012596680323174	0.00185546896131315	0.00185546896131315	0.001706371054045199
0.0025	0.0023215391874573453	0.0023215391874573453	0.0021639301542261805	0.0021639301542261805	0.0019911359871360125	0.0019911359871360125	0.0018357206940132495	0.0018357206940132495	0.001676699215064601
0.0025	0.002317188477283704	0.002317188477283704	0.00212361824342392	0.00212361824342392	0.001933076981601203	0.001933076981601203	0.0017694621329970215	0.0017694621329970215	0.0015909675796498886
0.0025	0.0023201004736500964	0.0023201004736500964	0.0021326258074248552	0.0021326258074248552	0.0019486185933331498	0.0019486185933331498	0.0017841043039673482	0.0017841043039673482	0.0016237956616990336
0.0025	0.0023556666739777627	0.0023556666739777627	0.002207624465297602	0.002207624465297602	0.0020559379991508977	0.0020559379991508977	0.0019105818146100666	0.0019105818146100666	0.0017591541950321523
0.0025	0.002326548489630474	0.002326548489630474	0.0021493749697923882	0.0021493749697923882	0.0019916030893884183	0.0019916030893884183	0.0018332001847264153	0.0018332001847264153	0.0016720679283558722
0.0025	0.0023291127363040047	0.0023291127363040047	0.0021778242102014115	0.0021778242102014115	0.002026467698042399	0.002026467698042399	0.0018817787516816106	0.0018817787516816106	0.001744907544216794
0.0025	0.002334620933024524	0.002334620933024524	0.002169896423453544	0.002169896423453544	0.002008419527432501	0.002008419527432501	0.0018648277853463822	0.0018648277853463822	0.0017329452996117658
0.0025	0.0023509093748867037	0.0023509093748867037	0.002212905696768622	0.002212905696768622	0.002075655217346685	0.002075655217346685	0.0019332629960281903	0.0019332629960281903	0.001790172929828231
0.0025	0.002350871372080641	0.002350871372080641	0.0022167569465490746	0.0022167569465490746	0.0020667699267920207	0.0020667699267920207	0.0019432869772567586	0.0019432869772567586	0.0018214402697711524
0.0025	0.0023196155031968125	0.0023196155031968125	0.002152419503639463	0.002152419503639463	0.0019770020968291123	0.0019770020968291123	0.0018247562021224241	0.0018247562021224241	0.0016740082153487107
0.0025	0.002344038626879531	0.002344038626879531	0.0021876526886654185	0.0021876526886654185	0.002023337930076532	0.002023337930076532	0.001868242390676898	0.001868242390676898	0.0017191237210041257
0.0025	0.002320170899939417	0.002320170899939417	0.0021466926384241234	0.0021466926384241234	0.001989680339480481	0.001989680339480481	0.0018268862219868033	0.0018268862219868033	0.0016639743155432629
0.0025	0.0023185927147488447	0.0023185927147488447	0.0021348086895397085	0.0021348086895397085	0.0019662513022184152	0.0019662513022184152	0.0018071208568956822	0.0018071208568956822	0.0016372730170234493
0.0025	0.0023262136139776254	0.0023262136139776254	0.0021568906740083494	0.0021568906740083494	0.002002905226328643	0.002002905226328643	0.0018536378790395644	0.0018536378790395644	0.0017018048077932688
0.0025	0.0023298968840119827	0.0023298968840119827	0.0021600708070915672	0.0021600708070915672	0.0019854565349095537	0.0019854565349095537	0.0018138723332828386	0.0018138723332828386	0.0016474381281518335
0.0025	0.0023423410985973997	0.0023423410985973997	0.0021758758053481682	0.0021758758053481682	0.0020117639255908685	0.0020117639255908685	0.0018551331291228293	0.0018551331291228293	0.001716001802794316
0.0025	0.0023449495424739974	0.0023449495424739974	0.0021874013949310838	0.0021874013949310838	0.0020191928061456185	0.0020191928061456185	0.0018757093301993838	0.0018757093301993838	0.0017324712283519222
0.0025	0.0023046120914922354	0.0023046120914922354	0.0021161311805472046	0.0021161311805472046	0.001940298478837249	0.001940298478837249	0.0017626438290148218	0.0017626438290148218	0.001589179950834415
0.0025	0.002312768146607679	0.002312768146607679	0.002139251259532248	0.002139251259532248	0.0019585499618946767	0.0019585499618946767	0.001774228616694532	0.001774228616694532	0.0016067728971009216
0.0025	0.002342222395826533	0.002342222395826533	0.0022000927418304645	0.0022000927418304645	0.0020449182317479743	0.0020449182317479743	0.0019024751355458378	0.0019024751355458378	0.0017672435567605005
0.0025	0.002318836297073105	0.002318836297073105	0.0021297201912635487	0.0021297201912635487	0.001953185922907594	0.001953185922907594	0.0017754116928232068	0.0017754116928232068	0.0016173118785758984
0.0025	0.002343796693240123	0.002343796693240123	0.0021778603165328657	0.0021778603165328657	0.002022001184098976	0.002022001184098976	0.0018694100877005816	0.0018694100877005816	0.0017177921809785415
0.0025	0.002348889167482575	0.002348889167482575	0.0022031567699702377	0.0022031567699702377	0.0020595548995748607	0.0020595548995748607	0.0018978967048189934	0.0018978967048189934	0.001748116520114286
0.0025	0.0023669321044395976	0.0023669321044395976	0.0022283171154127237	0.0022283171154127237	0.0020938401391047056	0.0020938401391047056	0.001960687881451341	0.001960687881451341	0.0018402303803821748
0.0025	0.0023445716842441233	0.0023445716842441233	0.0021860035698306533	0.0021860035698306533	0.0020305264400966635	0.0020305264400966635	0.001888202101118246	0.001888202101118246	0.0017557419241238923
0.0025	0.0023243034295337773	0.0023243034295337773	0.0021489030873602997	0.0021489030873602997	0.0019599607246465075	0.0019599607246465075	0.0017922184609424716	0.0017922184609424716	0.0016101054903879216
0.0025	0.0023468734635072844	0.0023468734635072844	0.0021990983677275104	0.0021990983677275104	0.0020514739479089044	0.0020514739479089044	0.0019182877358644643	0.0019182877358644643	0.001776834098872298
0.0025	0.0023257162407598077	0.0023257162407598077	0.002166715421769101	0.002166715421769101	0.001994326164683925	0.001994326164683925	0.0018364414759449706	0.0018364414759449706	0.001668164139947728
0.0025	0.002309468764496482	0.002309468764496482	0.002135062183257488	0.002135062183257488	0.001969369009008349	0.001969369009008349	0.0018042848000515447	0.0018042848000515447	0.001651310497364901
0.0025	0.002339017191901498	0.002339017191901498	0.002179386578954083	0.002179386578954083	0.002011077943237581	0.002011077943237581	0.0018493872395594622	0.0018493872395594622	0.0016881511401723027
0.0025	0.002328499072364217	0.002328499072364217	0.002170195830140539	0.002170195830140539	0.0019942673205953316	0.0019942673205953316	0.0018397301122275772	0.0018397301122275772	0.0016913456450631471
0.0025	0.002367573931323033	0.002367573931323033	0.0022249641758506143	0.0022249641758506143	0.0020905431887146666	0.0020905431887146666	0.001971914441106161	0.001971914441106161	0.0018534328076980878
0.0025	0.002324959964271437	0.002324959964271437	0.0021613703804443008	0.0021613703804443008	0.0020044550284804667	0.0020044550284804667	0.0018396751419811203	0.0018396751419811203	0.0016758171330902168
0.0025	0.0023524744199663705	0.0023524744199663705	0.0022000976119250087	0.0022000976119250087	0.002056664518679554	0.002056664518679554	0.001912313919419507	0.001912313919419507	0.0017931491831309127
0.0025	0.002331580999701706	0.002331580999701706	0.002166460246069745	0.002166460246069745	0.002002821081285497	0.002002821081285497	0.001849885112694675	0.001849885112694675	0.0016920702898247184
0.0025	0.0023272313616383177	0.0023272313616383177	0.002168491572029428	0.002168491572029428	0.002001197258260638	0.002001197258260638	0.0018502804810523485	0.0018502804810523485	0.0017119141523074526
0.0025	0.0023234374471073987	0.0023234374471073987	0.0021526322156721076	0.0021526322156721076	0.0019847420360924895	0.0019847420360924895	0.001832656520404487	0.001832656520404487	0.0016787670467922114
0.0025	0.002341426832914366	0.002341426832914366	0.0021969450345733672	0.0021969450345733672	0.002040454529219071	0.002040454529219071	0.0018956419574961613	0.0018956419574961613	0.0017529015548743948
0.0025	0.0023424614113939763	0.0023424614113939763	0.002180799024084022	0.002180799024084022	0.002017330200796427	0.002017330200796427	0.0018778312277758277	0.0018778312277758277	0.001731394118153228
0.0025	0.002352935026392163	0.002352935026392163	0.002200033575992594	0.002200033575992594	0.0020472525267963265	0.0020472525267963265	0.0019129664118551237	0.0019129664118551237	0.0017813732517001932
0.0025	0.002388672379594413	0.002388672379594413	0.0022791597192349453	0.0022791597192349453	0.002178849967253446	0.002178849967253446	0.002066164592385353	0.002066164592385353	0.001952725698770616
0.0025	0.0023483843501552358	0.0023483843501552358	0.002184100964455566	0.002184100964455566	0.0020223418238112757	0.0020223418238112757	0.0018761676881682609	0.0018761676881682609	0.0017439544380986765
0.0025	0.0023483747940791196	0.0023483747940791196	0.0022092389691994838	0.0022092389691994838	0.00206298471429912	0.00206298471429912	0.0019241093134832036	0.0019241093134832036	0.0017939648056930328
0.0025	0.0023122832644862025	0.0023122832644862025	0.0021307034819407315	0.0021307034819407315	0.0019526470626557726	0.0019526470626557726	0.0017966853886085023	0.0017966853886085023	0.0016517199994362441
0.0025	0.0023223321918943336	0.0023223321918943336	0.0021523900528145575	0.0021523900528145575	0.0019804176096669974	0.0019804176096669974	0.0018236423993965914	0.0018236423993965914	0.0016594089600358536
0.0025	0.0023257023755628467	0.0023257023755628467	0.0021563201982927843	0.0021563201982927843	0.001999351033117066	0.001999351033117066	0.0018364085028639654	0.0018364085028639654	0.001686058592439674
0.0025	0.002353647925733821	0.002353647925733821	0.0021930342986902153	0.0021930342986902153	0.002035081786312107	0.002035081786312107	0.0018849453957769976	0.0018849453957769976	0.0017490163215035637
0.0025	0.0023255875846630403	0.0023255875846630403	0.0021582743385410077	0.0021582743385410077	0.002005672232681266	0.002005672232681266	0.001855683210428302	0.001855683210428302	0.0017165812164567315
0.0025	0.002337639342592492	0.002337639342592492	0.0021752972762847317	0.0021752972762847317	0.0020296772500496166	0.0020296772500496166	0.001896210216297278	0.001896210216297278	0.0017482231423681328
0.0025	0.0023401074085408627	0.0023401074085408627	0.002175987019080815	0.002175987019080815	0.002014363099047785	0.002014363099047785	0.001859630596760749	0.001859630596760749	0.0017158172500205365
0.0025	0.002347452769382537	0.002347452769382537	0.002184586397043394	0.002184586397043394	0.0020326548378742145	0.0020326548378742145	0.0018716413439727755	0.0018716413439727755	0.0017174775745453278
0.0025	0.002380026428354605	0.002380026428354605	0.0022571168294793294	0.0022571168294793294	0.002137235116612999	0.002137235116612999	0.002005866977381186	0.002005866977381186	0.001880227398273576
0.0025	0.0023511920130651937	0.0023511920130651937	0.0022105367020848646	0.0022105367020848646	0.002050242284071365	0.002050242284071365	0.001899363906218869	0.001899363906218869	0.001772007246580926
0.0025	0.0023304499951587844	0.0023304499951587844	0.002173132606220498	0.002173132606220498	0.0020256027123397658	0.0020256027123397658	0.0018710107866268344	0.0018710107866268344	0.0017209314328940953
0.0025	0.002341230295944556	0.002341230295944556	0.0021710081999838362	0.0021710081999838362	0.0020107861632074815	0.0020107861632074815	0.001857775972596234	0.001857775972596234	0.0017080619624404252
0.0025	0.0023468268263472066	0.0023468268263472066	0.0021802927543708105	0.0021802927543708105	0.0020274013333634678	0.0020274013333634678	0.0018723451328168373	0.0018723451328168373	0.0017234873206289445
0.0025	0.002302355070774763	0.002302355070774763	0.0021204369006583706	0.0021204369006583706	0.0019343497346292343	0.0019343497346292343	0.001764205514972654	0.001764205514972654	0.0016069264668729713
0.0025	0.0023397302329766926	0.0023397302329766926	0.002180265272430654	0.002180265272430654	0.002016723322370561	0.002016723322370561	0.0018634326422515344	0.0018634326422515344	0.0017176579966524893
