0.5966753091121679	0.6367067616235003	0.602755148171686	0.6339300674666407	0.6062889860376875	0.629716318659335	0.6037331394690996	0.6255790187310579	0.5876952358555423	0.619340116950526
0.6049923357733172	0.6341051764808174	0.6043306341334489	0.6343867656983144	0.6124733237912169	0.6345340821283963	0.6178391285450919	0.6330602244912598	0.598434560526872	0.6235175671804999
0.6003484267402963	0.6407285634722998	0.6009918140869216	0.6411178092007905	0.609863151723794	0.6415009967311485	0.6137435124218756	0.641943351802324	0.6131599224772145	0.6418557808310398
0.6117286102469865	0.6341525582154823	0.5917650070704727	0.6341574144271053	0.6043599439303858	0.6320387861098287	0.6001697138310784	0.6272409688945535	0.6052886906887679	0.6282103196481749
0.603210779024397	0.6398535957294246	0.6162470993380343	0.6395865085476916	0.6106912161327248	0.6390661786342354	0.5947553965071934	0.6362385347640198	0.6023260393782963	0.6283213695002905
0.4614084153896717	0.6221467023335107	0.47362187126229355	0.6238995189907186	0.4630809149639376	0.6277534409586628	0.4740543356261563	0.630661743238744	0.46046316282118166	0.6311629927496129
0.4614084153896717	0.6381921204109774	0.46601313349516116	0.6373549066893847	0.45941579237571234	0.6372520518514319	0.47211040265099985	0.6352055185681966	0.4604732547980963	0.6325659891196926
0.4614084153896717	0.635883292109193	0.4681256578352506	0.6348836886761295	0.4678675914077746	0.6344081046531277	0.46312689079883573	0.6334556454026196	0.4721975777550991	0.6297271386857481
0.4764211326627229	0.6412706434576143	0.46036745032252213	0.6415847283986229	0.45942476505495855	0.6419738056427199	0.4768580795703593	0.6423918300479842	0.46479734760667124	0.6428531284618166
0.4692889831684823	0.6385036969727034	0.47198012882161205	0.6389177088609392	0.4594191105720232	0.6389337763099724	0.4740664255962679	0.6392691434574556	0.4664095721667631	0.6373316352489686
0.4614084153896717	0.6384865115015848	0.46036151770257977	0.6362822343292968	0.4594135796952511	0.6337251646496929	0.4631254447426529	0.6275689559143973	0.4604518586372168	0.6228700895697864
0.4614084153896717	0.6335610791572694	0.46035100014169583	0.6306485327665228	0.4697137183019771	0.6268121162454491	0.46311062405932635	0.6218731613061659	0.4604448031307452	0.618338311941261
0.4614084153896717	0.6389346205708077	0.4603624871104354	0.6379618716558988	0.459417172100113	0.6341463108546423	0.47466718672107294	0.6293834901242423	0.460460931771543	0.622704523302404
0.4712917727769697	0.6353759642295301	0.46035487265327796	0.6326687248181695	0.47064255563945306	0.6284705964675731	0.47448708011791846	0.6241734530729502	0.4724438118942731	0.6234825887289573
0.4614084153896717	0.6403205979781006	0.4706642298897546	0.6423965895166416	0.45942320773168405	0.6396276669262299	0.47405408566590584	0.6356039857522378	0.47239909075599135	0.6305079009273307
0.46593201054610844	0.6312214755428149	0.472993575138422	0.6328179384054896	0.46729186387716853	0.6349909464912956	0.46312867475497604	0.6353550425036659	0.46046706253358616	0.6315808298895694
0.4660039716113384	0.6421801396479212	0.46036937779926573	0.6417356485263185	0.4687737742548399	0.637910811718454	0.4631343346631722	0.6337603748766978	0.46046509730843005	0.6292249829922572
0.4614084153896717	0.6360339097739103	0.46585720239226314	0.6335152576786537	0.46354138842004006	0.6292012750545255	0.4631157797810676	0.6244209546184551	0.47176870431537826	0.6180015100467363
0.46818864596182486	0.6411269989169346	0.4603671438254276	0.638806564827564	0.46743119403145633	0.6400889417660687	0.46313901412904457	0.6422478265329897	0.460483414767886	0.6430196661231898
0.4614084153896717	0.6393544271695059	0.46746114922659665	0.6395215402937853	0.4594202591274989	0.6370607974367604	0.46313249245399657	0.6330953352586483	0.4705148440418616	0.6281358030010669
0.46467201363552196	0.6421047993340054	0.4603692170460876	0.641332675383357	0.4713148078172982	0.6374350934492237	0.47518586701457916	0.6331152218421138	0.46698692596707636	0.6306140838145821
0.4614084153896717	0.6362338047474291	0.4700825699942288	0.6365211250540392	0.45941402205686355	0.6365241527120359	0.46313586215105124	0.6368244368167209	0.4715435576197077	0.6347452023305831
0.4614084153896717	0.6305477866753357	0.4688261717661418	0.6277622655065322	0.459395404976184	0.6248543140297751	0.46310807139981514	0.6263190653980157	0.46045093075800514	0.625375167599462
0.4614084153896717	0.6409334132252977	0.4691393973382338	0.6415205482718523	0.46920561130339833	0.6417045653641458	0.46314246565669	0.6420392306896755	0.4656335055108657	0.6418306088448038
0.4665736979382557	0.6341529310061336	0.4603522576033193	0.6342322969440181	0.46765131163089557	0.6343883569999712	0.46313108433443145	0.6336163678254775	0.4604687728294606	0.6270977203550546
0.472845054826655	0.6372977716075259	0.460358973294095	0.6343501481258497	0.4674933402864445	0.6319676414954786	0.47482343720774395	0.6338037609146026	0.46787533389083447	0.6363972106559599
0.4727071246703936	0.639109195292579	0.46036283332985134	0.6387700537368455	0.4594188100625765	0.6374471370258812	0.47635753937256015	0.6345498880345546	0.46047043477345717	0.6309407957525531
0.4728533042283585	0.6407850946007169	0.4603664093547703	0.6411320178395609	0.4594238120513438	0.6415235214287824	0.47823020877715555	0.6419925264669695	0.4757844005416169	0.6424259353582451
0.4614084153896717	0.6413235885458298	0.47032413026171876	0.6416638867664805	0.459424920063683	0.6420362291828844	0.4715518487999638	0.6424500236935474	0.4696272294008519	0.6428983224075961
0.47039850222488616	0.6394138598218754	0.46036350972988604	0.6391457725131351	0.46797659983872525	0.6352278433267888	0.4696693012456584	0.6306700580359008	0.4677259875840204	0.6248029466708268
0.4614084153896717	0.6358815734418483	0.4603559514944493	0.631965722249902	0.4652450179650954	0.6273717643328884	0.4750342155185563	0.6219839678030779	0.4604435393314361	0.6143714847326579
0.4614084153896717	0.6418919736401757	0.47054672252517266	0.6415579605116591	0.4594247294747308	0.6400235583846076	0.46638993967830983	0.6370489165499682	0.46047333393521933	0.6315579353663144
0.4708300312071707	0.6448977178798895	0.4723507202348346	0.6449753080673051	0.4695740554204713	0.6431916702713314	0.4737668341969051	0.6402002754202755	0.4604824342006835	0.6353447950706311
0.4614084153896717	0.6352267749759539	0.4676089057663678	0.6355156476867302	0.47337613330245654	0.6354731485472446	0.4688400222622025	0.6351064384487505	0.4604726160122256	0.6325175076164081
0.4614084153896717	0.6397038754097517	0.46637028166910854	0.6393517862869462	0.45942007137399454	0.6386273238428161	0.4766888325692276	0.6357353219596797	0.4604731636767395	0.6267402880391744
0.4721896505591182	0.6409957754012118	0.4603668589033804	0.6413465264767126	0.46429438836787007	0.6417234460547738	0.46314250599226386	0.6421707892245507	0.4604866299285865	0.642632255726002
0.4614084153896717	0.6374093644453255	0.46035920622644594	0.6377649454647988	0.45941666810263343	0.6377728291631307	0.4631340660946279	0.6381097928211655	0.4719984084750219	0.6358263807109571
0.4676297208149784	0.6264508057183026	0.4711367907042438	0.6267032909645345	0.4593943507560634	0.6253063275827845	0.4631067767685635	0.6226507501595834	0.46671605523332427	0.6228611728981709
0.4713640346499179	0.6382159016934252	0.47534466986844703	0.6381761244437529	0.46797218868297624	0.6376573164620842	0.46970160768507324	0.6349691518393686	0.4641376525441717	0.6264967107184494
0.4614084153896717	0.6340757359605047	0.4681865094758502	0.6351521376105312	0.4594111077362758	0.6367288238889797	0.4631354239475813	0.6374571423220402	0.4676589806946709	0.6352067377713205
0.47255060939656407	0.6405377887649029	0.4603658997123514	0.640664214233282	0.4683855951036607	0.6412366098757439	0.47443265526819306	0.641571024427654	0.46048645532069327	0.6408630212926832
0.4614084153896717	0.63368837647426	0.46035127176286	0.6309797908230336	0.4594022363066169	0.6273588781006543	0.4631154875936709	0.6295524366997441	0.4604590497896615	0.6306797389987703
0.4614084153896717	0.6421203246787786	0.4698679110138923	0.640685035504732	0.4594227765508744	0.6369960240528878	0.47135734754993575	0.6325759474597696	0.4604625247404153	0.6279024931553909
0.4762489901593279	0.6407886157669197	0.4603705936839722	0.6411472600660784	0.459423844413957	0.6415433707090552	0.47771423546892905	0.6419945069566327	0.46048464668666783	0.6424808939200616
0.47463338594725774	0.6426932311538456	0.46037048090989624	0.6428469888191668	0.45942749267598054	0.6414512691343064	0.4725575814901895	0.638613754465488	0.4690455950394097	0.630146701836304
0.4679862577663378	0.6318712776204923	0.4653558040006181	0.6285046254196218	0.46887979504708305	0.6239287427530957	0.4688225777299738	0.6238794644411254	0.46044892017617794	0.6236089396458849
0.47059579175032973	0.6427814034269153	0.4603706690502339	0.6422007075037611	0.46569176417142344	0.6422795277614193	0.4757035047295765	0.6395994472816404	0.4604808965491498	0.6355960514236267
0.4614084153896717	0.635931334896754	0.4739955684290969	0.6363212844193783	0.473159276411122	0.63636367696025	0.4719639453227231	0.6365965783134048	0.4726474222350859	0.6326547084134811
0.4614084153896717	0.6354698734907327	0.46035506771938484	0.6357425477372902	0.4594123742044691	0.6359031067093491	0.4673506996771669	0.6359799227326972	0.4680046222526314	0.6325143191417434
0.4614084153896717	0.6349205453937227	0.4653730008240076	0.6324089680318884	0.4652309239645816	0.6281677315606307	0.46311352014478774	0.6236761311900734	0.46044913148287986	0.6171702502287467
0.4614084153896717	0.637554599823852	0.46911446367102166	0.6378915280749148	0.4594169238804642	0.6377984893209835	0.4707495363784192	0.6381152432935426	0.471858311261864	0.6380440194686148
0.4614084153896717	0.6423346364967812	0.47019694378634286	0.6420144055877477	0.45942560364147705	0.6382259615013562	0.470050684339363	0.634047443198386	0.46359106046137705	0.6283931620834675
0.4614084153896717	0.6326292976719622	0.46034899901169235	0.6295417662193626	0.45939912467061955	0.6249026044721182	0.4759370189981565	0.6198486322997467	0.4685514036951408	0.6118483385187408
0.4614084153896717	0.637142423666034	0.4603586366263099	0.6367222755621346	0.4648802838533271	0.6367612456720583	0.46313524824608837	0.6347155401455729	0.4604699636162689	0.6288669922140884
0.46999579130215896	0.6374375950589215	0.4603592794991178	0.6370284381623558	0.46543706944427554	0.6368392398404369	0.4688455231731463	0.6327030195566145	0.46046483904587404	0.6240070537445058
0.4614084153896717	0.6378020085754205	0.4603600440526894	0.63818218187102	0.4635166363192199	0.6381663776476947	0.4785512609839213	0.638333938981025	0.4604750092216896	0.6365050815747495
0.4614084153896717	0.6428542805998991	0.4603708030646652	0.6430573876230286	0.45942776523131185	0.6397668420607181	0.4631382782625904	0.635462428858911	0.46046871485756286	0.6298322379595115
0.46908923804256647	0.6345118453099052	0.4603530234620237	0.63483407138854	0.45941045294357996	0.6344900871260393	0.4631270659456931	0.6341801211466005	0.4692901058429056	0.6294758367501676
0.47026409736026303	0.6358548390213273	0.4688550777474219	0.6370775369328697	0.45941520861815227	0.6369965352924782	0.46911674080741833	0.636422022821373	0.4783940376015474	0.6334831021657318
0.4614084153896717	0.6420491100285498	0.4603691196233779	0.6412398323679664	0.46719172120647207	0.6392775324863387	0.4631404056418894	0.634356608071923	0.4604684259315062	0.6293564799544115
0.4614084153896717	0.6369542318132715	0.46733017344370015	0.6346189340284893	0.4717177841401984	0.6305110331049154	0.46312193380150896	0.626506756178451	0.46677577514064866	0.6266402769756722
0.4614084153896717	0.6361483419310132	0.46957897881124755	0.633621757786385	0.4594078067970041	0.6294785799615673	0.4750460144416142	0.6250994940674256	0.46614583477574634	0.6236850530222333
0.47511438310559273	0.639490777221915	0.4603636475484837	0.6403698749585743	0.4709103613092573	0.6407538070191933	0.4631362379341928	0.6412125256807075	0.4709577639757019	0.6371438361942015
0.4741393039003748	0.6410425964360806	0.46036696373420144	0.6412247945621237	0.47142173484688793	0.6417570292991133	0.4715310424266905	0.6420599937695619	0.4604873522346819	0.6418815117312814
0.4614084153896717	0.6358126928702066	0.4760963567472734	0.6331770954132594	0.4655724034759246	0.6290213527669805	0.4631188249625365	0.624485031433828	0.46834210968044226	0.6176943776466016
0.46961780138810205	0.6370847252178928	0.4683609371142835	0.6377566306619713	0.4654501927233976	0.6379801959354822	0.4724910252062589	0.6380481744418187	0.47157586733772316	0.6381168521890659
0.47148669771051993	0.6371019495845952	0.47404046799185545	0.6374106435790683	0.4708627854881418	0.6374276503196925	0.4688399327314153	0.6377158444822689	0.4675293558663272	0.634654008046185
0.4673950569973079	0.635398729024766	0.4671987460915392	0.631989429764264	0.4594043670676826	0.6275441999801041	0.4746362187703422	0.6225891008379916	0.4604449160727006	0.624237326327791
0.4614084153896717	0.6387059145027212	0.4603619648373441	0.6359940672859592	0.45941283045828907	0.6317783940925595	0.47021283849294065	0.6272836090737245	0.46045600917336427	0.621505694352154
0.4614084153896717	0.6337605612557877	0.467983216346452	0.629817769458404	0.45939971776565997	0.6252851242979088	0.47003622800380257	0.6194905864229137	0.4604386001718143	0.6115729228515137
0.4614084153896717	0.6407611848077401	0.47201254036930296	0.6405632758457103	0.4681610005352824	0.6385509292105297	0.47197771987118364	0.6350173367620078	0.4722182616397421	0.6260896516258324
0.46728363723533717	0.6340737628585673	0.4706981222145034	0.6344240997577258	0.45940958246275077	0.6344995557437768	0.46313077465630825	0.6333712861311775	0.4604678252192676	0.626645022803942
0.47255787305139274	0.6418791532965288	0.47686143185232016	0.642140477176991	0.4594258925936608	0.6386026504352474	0.4714592913151702	0.6386756553427896	0.4676488195346702	0.6415139922668196
0.4740072845421598	0.6379325918908436	0.4603603278329625	0.638689540834673	0.46632838214789873	0.6386106358301389	0.4762505017447865	0.6387753002808331	0.47406598981417186	0.6388428368641195
0.46755266657724276	0.6366848124180375	0.4698477229749461	0.6365725130968868	0.4684030642684517	0.6357697918513611	0.46313355899749753	0.6335395245672635	0.4604682977202318	0.6261675563501728
0.4709910877526869	0.6404772924991081	0.4603657575332336	0.6408128340824054	0.4631748701998411	0.6410301823766869	0.46314102494420184	0.641069060789418	0.46979186478747803	0.6411581622467593
0.4677041629583151	0.6412058078689539	0.4701496416798077	0.6415615675263494	0.4675924700766574	0.6419048839232318	0.47204940261491213	0.6423363801034773	0.4604882610255777	0.6427979897706182
0.4614084153896717	0.6395524402337981	0.4684832921679933	0.6399572726755749	0.45942139606033267	0.6373838882376879	0.47186602741483363	0.6328021491938552	0.4693792115910443	0.6269490118775058
0.4614084153896717	0.6351961284974301	0.46035448359793574	0.6357019104425923	0.4594122955985646	0.6354725964743432	0.4687881020874554	0.6344911901686517	0.4677808425655268	0.6280854544660466
0.4614084153896717	0.634618361122242	0.4664158008912534	0.6316577107439422	0.4594036627842819	0.6276254704117711	0.4733722516723088	0.6233624856165771	0.4715714001933164	0.6240220409342679
0.47156264747279775	0.6312908012701544	0.46034615591496325	0.6306929250190431	0.4594016400773259	0.6338495797969248	0.4738940264486507	0.6349175654746758	0.46046968198742383	0.632016080048086
0.4691000090031216	0.640810175801382	0.46036646781356244	0.638159876534758	0.45941745467315903	0.6344145931451208	0.4723213473306298	0.632614608558653	0.4680064060444814	0.6352788021611313
0.4614084153896717	0.6194227303297156	0.46032079395949466	0.6197905164515018	0.4668262123171675	0.6188649237450345	0.4630978145119264	0.6196905069875127	0.46043851849487866	0.6192655700353736
0.46832858281429285	0.6352936241918353	0.46035469163584464	0.6354147300677077	0.4594116781894804	0.6354794676250582	0.4703115178897062	0.635324252487892	0.4694097123483504	0.6322681881299748
0.47334424335772424	0.632678307773892	0.475232781936211	0.6289490833779195	0.4658110784473549	0.626991645092311	0.4745928589114061	0.6292304481034107	0.4668501770491031	0.629003489391961
0.4614084153896717	0.6354318832981545	0.4603603977358296	0.6357738781469312	0.45941247440683397	0.6357112283709345	0.47849862694055634	0.6359340885549077	0.4604672993915122	0.6276205188895364
0.47416116772291933	0.6388337292424311	0.4673731194545281	0.6394880081505493	0.4706586934499308	0.639761978727681	0.47042678769857577	0.6401022768185419	0.4604827800761785	0.6385496440543642
0.4614084153896717	0.641473588579712	0.4603678833502221	0.6417763337150331	0.4675415125883822	0.6421301474852885	0.4631433748443984	0.6425746586124691	0.4604841328290829	0.6430059045352291
0.47070300487849265	0.6348810652246234	0.46035381131045294	0.635223291769755	0.45941127173183754	0.6349287840895054	0.46312799017638245	0.6344660803385482	0.470392040437062	0.6315403826499536
0.4614084153896717	0.6375379387988749	0.46035948057920845	0.6372424703467513	0.4664675883115207	0.6370610852104495	0.47426958365704114	0.6352466178305738	0.4759595354733222	0.632379429167435
0.46732886259532497	0.6350073132379117	0.46035408070070966	0.6351342186516744	0.468110651985522	0.6352867209993454	0.4728012652087134	0.6349703075083499	0.4604727790711164	0.6313527971781839
0.4653245140172768	0.6351885564646274	0.46035446744060143	0.6354343470440678	0.4594117145612538	0.6354805785191758	0.46312918202314524	0.635049692515221	0.4665322685160044	0.6310113464516706
0.469852003296617	0.6324216582420183	0.4603485688944653	0.6296521664567695	0.4652973341555536	0.6255768216901338	0.4631080107232867	0.6276524842600459	0.46045690611671847	0.6261450299661747
0.4614084153896717	0.6368187324061461	0.46035792510818213	0.6360905414720318	0.46525044053753856	0.6320778247505724	0.4631256280309531	0.6278205085170637	0.4701748379152919	0.6216966627424267
0.4693313930682313	0.6356910772809332	0.4697563508378486	0.6371041297064228	0.45941525211693024	0.6378001141063682	0.4631341243850382	0.6380269755125062	0.4673544666947839	0.6370347674322937
0.4614084153896717	0.6343257729658806	0.4733689077715739	0.6345572514315766	0.4642434861763384	0.634327212724009	0.4631312523698464	0.6337423814979091	0.4604693497336771	0.6300300724165311
0.4666874967615361	0.6424537852944602	0.4603699616751333	0.6401713075681991	0.47365457989973697	0.6365933866440554	0.4678522733482624	0.6323144249106266	0.47162960348192035	0.6267192089321395
0.467559964459763	0.6372074047208045	0.4603587752833755	0.6374381371237746	0.4659455637042236	0.6376088033785186	0.4631381849496029	0.6376668673145034	0.46047768264818567	0.6353862325584553
0.4614084153896717	0.6404715416928246	0.4653039201337097	0.639748766367045	0.4594196384474671	0.6372953043691811	0.47093185739976645	0.6325296084585339	0.4715084680458509	0.6236846996182858
0.4614084153896717	0.6402510516381804	0.4603652747978925	0.6409724971291165	0.45942346520773925	0.6409882939884646	0.4631409354562235	0.641652340711692	0.4604821571760594	0.6416021801290773
