0.6020841187186441	0.530017089616403	0.6072365683300168	0.5185384241441545	0.6015724713931684	0.5186328405273931	0.5988371041210805	0.5159933367566638	0.593252040731186	0.5161779902866398
0.6163188087608007	0.5685953311185974	0.6089937758120073	0.5206072405963453	0.6079104618335058	0.519659973738164	0.6109062986523569	0.5228588543117535	0.5996852613710753	0.5275534295932013
0.6086386510025259	0.5635543422839379	0.6021265992476951	0.5496855409997671	0.6078594181614713	0.5467922926564989	0.6110004853869926	0.5523358028542926	0.6162695272498996	0.5553571828457748
0.6165315405322417	0.562787027199177	0.6057812583810067	0.560822001799333	0.6003353826505996	0.5622769313477661	0.6029601650447445	0.5593154973619386	0.6003022804820295	0.5577997980656106
0.604153176518105	0.5869505522217873	0.6183984241389036	0.5336092107237389	0.6059519501934065	0.5317153358214424	0.5920592855926831	0.5372580968017601	0.5992550188930637	0.5430183449133807
0.4615065315903038	0.5522977797301013	0.4694737440365671	0.509418435448174	0.47210393575575005	0.5072480215262924	0.4672606452360335	0.5129722715416991	0.46094559171893473	0.5175249072363965
0.4615065315903038	0.5879307645199345	0.467231759451962	0.5569210958699378	0.46065242743222057	0.5545838162146498	0.47069010916189674	0.5588839359486524	0.4610400802049679	0.5605329037806691
0.4615065315903038	0.5802920977567931	0.47024341438635625	0.5456858267302739	0.467407410345592	0.5433461089146204	0.4610493371147011	0.5485106030504101	0.4660452610375241	0.5534996796711308
0.4674477261432509	0.5802654950617511	0.4604660366025046	0.5701526363843992	0.46068091255896415	0.5697131011913339	0.4686004527195626	0.5705485429640812	0.4723019184099068	0.5711789480223933
0.47123288559478466	0.5646901088314685	0.4674458384802272	0.5428260479838152	0.46062205810026124	0.5412146509729755	0.47239027981005755	0.5464912585863562	0.4682039053160487	0.548837045650369
0.4615065315903038	0.5512646910793574	0.4604055543373758	0.5090349036158978	0.4605492478371989	0.507624929676539	0.4609743733896746	0.510612810758725	0.4609273262858801	0.5120253152805546
0.4615065315903038	0.5369924098617194	0.46037575055977076	0.5378527368682278	0.4687746304172576	0.5389584387523035	0.46104009692517933	0.5373651917831535	0.46099539245072535	0.5352517426886756
0.4615065315903038	0.5193456261470627	0.46033898006416485	0.49127562547332876	0.46051100293320146	0.4909474107668962	0.4678930600899714	0.49292405474104073	0.46090510670522694	0.49398221500772643
0.47252740859936965	0.5359707521560818	0.46037361948330097	0.5407500321565714	0.46741274073845834	0.5412216289184426	0.4700061725968177	0.5401306800123177	0.47334074868056075	0.5374548656964504
0.4615065315903038	0.5493481111043484	0.4682028663791142	0.5131756415046682	0.4605576315260969	0.512527399098948	0.46888619075178856	0.5130928822311756	0.4694207414714156	0.5138131345886465
0.4683342571298686	0.5728754009632556	0.4712241294738898	0.5033406060486577	0.4702520073374081	0.5017966189850881	0.4609685768888629	0.5059748784370606	0.4609305484741827	0.5096708597637544
0.4723630730074889	0.5264520930964892	0.4603537539973306	0.5318201482260235	0.4730661756601892	0.5310724122595083	0.4610235133283903	0.5298176023204569	0.460967630608967	0.5265014354146994
0.4615065315903038	0.5256192365077189	0.4666360284498719	0.4917057081273652	0.4689830180657005	0.4911677400049277	0.4609398322412508	0.4923385222578774	0.4661215866326388	0.4936152319846979
0.4707997584831417	0.5515143615026874	0.46040605292074077	0.5551479103141325	0.46907050495227126	0.5546472305852546	0.46107302517895754	0.5559106888892292	0.4610226110152947	0.5565803336275706
0.4615065315903038	0.540908712102699	0.4709626873265091	0.5180417083775156	0.46056862183117525	0.5182552484414821	0.46099660573565693	0.5181321828878808	0.4719400171557419	0.5186326232325854
0.47102076586290376	0.5524805204455561	0.46040805720504735	0.5593935331264038	0.4661127569360005	0.5604982073125735	0.46779374286675296	0.5577706255553505	0.4686779628344613	0.5541991274528266
0.4615065315903038	0.5688960746039745	0.4670787344073735	0.5493227923826364	0.46063605606212393	0.5477831791460095	0.4610683667010004	0.5507762072632202	0.4673843302298284	0.5524504724859924
0.4615065315903038	0.5456460519280933	0.46815309359746854	0.5538109369830777	0.46064570339302807	0.5541321093492111	0.4610775029438702	0.5530213795865373	0.4610269123707304	0.5506468868869424
0.4615065315903038	0.5611388442992798	0.47117850464224054	0.552427571124735	0.4661922338296582	0.5520088405932666	0.46106748745016723	0.5530400582454209	0.47279037628686676	0.5540206228183243
0.4737603424413148	0.5739786471044418	0.46045294575995016	0.5314163944588806	0.46623114978481744	0.5297934429238917	0.46103070591470147	0.535194077136766	0.46098852207011887	0.540000972650131
0.4691474652339825	0.549905083239958	0.4604026960984779	0.5513750891316691	0.4683609725673454	0.5501914017488321	0.47446713073743124	0.551949433637156	0.4674676458732268	0.5519227783980715
0.47026118550054147	0.5878496652305358	0.4604818681381953	0.5495650847217427	0.46063657810777475	0.5485842164152718	0.4701229542367566	0.5515221037879513	0.46101996362572245	0.5543102560613311
0.46985114864822314	0.5671915950949107	0.4604387769133781	0.5518755745574704	0.46064155631237397	0.5492398034619483	0.4744982000432741	0.5550086245624944	0.4708294151417377	0.5600132122099907
0.4615065315903038	0.5668687390415937	0.4693354118381322	0.5588951511195903	0.46065665766369324	0.5582310358807858	0.4734127874595897	0.5593399410599234	0.46851995715918887	0.5600604943403831
0.46910807143845246	0.5343794880132866	0.46037034167565766	0.5117848497294785	0.4728135331889202	0.5112993537682349	0.46929530318160667	0.5127133434885162	0.4661514287218325	0.5137833601673416
0.4615065315903038	0.5552704061114266	0.4604138766164067	0.5418211392213442	0.4709218617098466	0.5409005337757475	0.472244990979148	0.5396595910493409	0.46099451084645904	0.5379023054495585
0.4615065315903038	0.5861839801277293	0.4716562612676182	0.5513705835619575	0.46064044565557216	0.5480891622943351	0.4722444787120156	0.5550298607551709	0.4610226955534136	0.5613464277897742
0.47067481796555977	0.559657232101657	0.46835779500179736	0.5185667644731285	0.4684036768600388	0.5179838486561251	0.47021244284438596	0.5195033298049919	0.4609553857133775	0.5209557516897638
0.4615065315903038	0.574543153467739	0.46624828056892914	0.555449449272087	0.4697679921496253	0.5547883937645803	0.46986026928851177	0.556540289111356	0.46103444506934665	0.5580958957001977
0.4615065315903038	0.585747539885541	0.4693469458875007	0.5284853388581332	0.460591146618226	0.5264965059868391	0.4737622127718762	0.5306784856946313	0.46097844036295427	0.5350722514269854
0.4668865660750552	0.5731848722328012	0.46045127852465584	0.566593388029815	0.46749079371975577	0.566858446225286	0.4610986679144863	0.5684712026778735	0.46105735321215696	0.5688978607139601
0.4615065315903038	0.5673626153280575	0.4604391336518484	0.5474638629996931	0.46063203948907294	0.5466571452930953	0.4610562651761798	0.5485397973586692	0.47112139367435124	0.5502667677097313
0.46683641497948775	0.5808157348063538	0.47087395284213257	0.520501438267971	0.4605729257454973	0.5191311051348168	0.4610027561426587	0.5234828583970254	0.47388307935865337	0.5265016884366596
0.4716942119325529	0.5844025724238633	0.4668185168096006	0.5263048201220899	0.47185446661647784	0.5252596635485909	0.47465971226934367	0.5295526312924485	0.465333508105316	0.5352225943815134
0.4615065315903038	0.55909402246043	0.4688949409371301	0.5520514781813975	0.4606419125202041	0.5512378577555659	0.46107361414161424	0.5532144637609564	0.46634565452763455	0.5547597861170811
0.46980911006811293	0.568070557326032	0.4604405990231709	0.5566875142671336	0.4700445996842964	0.5565867706790584	0.4704780691923106	0.557289485976355	0.4610364307697983	0.5584441974346274
0.4615065315903038	0.5442431769373409	0.46039088581836923	0.5549452930855133	0.4606481474388279	0.5549042547728914	0.4610805338524571	0.5541429378587965	0.46102272857335946	0.5531229005101129
0.4615065315903038	0.5348680464353228	0.4655703166797628	0.5424051577264866	0.4606210952519896	0.5440750688182929	0.4703915590330398	0.5407940240802318	0.4609907461719574	0.5379697280928679
0.4703685480660645	0.5740737884564935	0.4604581138056824	0.5599392739843179	0.4606589304132576	0.5586276269868529	0.46828243456235197	0.5625763601355936	0.4610446308487674	0.5671359449690249
0.4718992179638729	0.5832378471957788	0.4604722599480516	0.5415774456991196	0.46061935594388637	0.5398163951054302	0.47073053178835755	0.5454808946495937	0.4730337370223846	0.551226020802493
0.470777383998812	0.5511675398899458	0.4685714213389952	0.5557591431537414	0.46847699240995866	0.5559272537451247	0.47437877997293104	0.5530716966576031	0.4610273420080245	0.5520484387182997
0.4685368341129865	0.5891805015225585	0.4604846559144541	0.5650651820468627	0.4690489073084488	0.5623913063680231	0.4753052427986205	0.568544432863412	0.46105347281098497	0.5713035459024364
0.4615065315903038	0.5662853690862506	0.4710769012363055	0.540827254001303	0.4683826735339399	0.5390732492002798	0.4687464115109417	0.5442664810906045	0.4697354155995533	0.5487295296145265
0.4615065315903038	0.5715506071657015	0.46044786955226363	0.5522665838797103	0.4606423873823245	0.5514835229393543	0.4739635597527549	0.5532295001303905	0.47126337892231374	0.5548473026871521
0.4615065315903038	0.5334515254531977	0.4663560037115156	0.5255070385423807	0.467669959670676	0.5269386152653149	0.46101485890472244	0.523517436214704	0.4609671035569313	0.5225853512330924
0.4615065315903038	0.5719681039234761	0.46875744268142316	0.5537629433797553	0.46064561142075855	0.5529590197327525	0.4678537180321784	0.5549193263651747	0.4681037063341268	0.5565091457581607
0.4615065315903038	0.5248236252250933	0.4671080819468491	0.5224963670199957	0.4605782016201636	0.5240657661874544	0.4651943347855633	0.5214228000655352	0.47134374934731454	0.5166651924801111
0.4615065315903038	0.5362251147986393	0.46037413934028737	0.5166334890826585	0.4605655700549522	0.5161463645818614	0.4741251698120913	0.5164506837300047	0.4766325799837306	0.5169034251458157
0.4615065315903038	0.582714838119457	0.46047116898374946	0.536384786668588	0.46794779076920023	0.5335455961685602	0.46103655172185254	0.5393994314896202	0.4609924269825154	0.5443562530320007
0.47196681784099287	0.5822094260398615	0.4604701263628898	0.5238557378865455	0.4680205585613755	0.52284264742498	0.47308430050445166	0.525658392872096	0.4609630558080406	0.5284341062991227
0.4615065315903038	0.5655157524628921	0.4604352811991367	0.5425205957137476	0.46677036365698454	0.5415678826639976	0.4709395845493731	0.5461908462066271	0.4610021721444119	0.5487151595291296
0.4615065315903038	0.5161613246465427	0.46033225772499586	0.500446517832897	0.4605307160777606	0.5006500587719687	0.4609596589846965	0.5007588260202567	0.46090644836456224	0.5008800861654645
0.47235191394648635	0.5728809849467966	0.46045064463551666	0.5429281822365545	0.4606222781599941	0.5403226745019041	0.46104299075341676	0.5458496725300638	0.47090511881527125	0.5509338161014729
0.46914006111830175	0.5781588081953538	0.4698357502366429	0.5591123245452633	0.4606571371211192	0.5581329439434959	0.4659516140365889	0.5604060240949423	0.46875851970945004	0.5622076325829682
0.4615065315903038	0.5838415286794167	0.46047353085959397	0.5257932887118779	0.47179054231017864	0.5241626042722441	0.4610169295733568	0.5274625604637921	0.46096685292654094	0.5304979605274315
0.4615065315903038	0.5535275293207741	0.46818642762102275	0.5721261516046662	0.4653405652071505	0.5722604458426415	0.46111599199583864	0.5695172627408633	0.47169562187867264	0.5679522168498373
0.4615065315903038	0.5328788979402033	0.46665813974470766	0.5364221790012706	0.4606082159434485	0.5379853308991487	0.4734611355492555	0.5357017547329803	0.47259837011365435	0.5338107906832678
0.471365306678277	0.5616875331348823	0.46042730696255924	0.5327193115079512	0.4705189229251179	0.5311306150924148	0.4610231898945663	0.5363334188445104	0.4683469243996665	0.5413301777912357
0.47228553643189713	0.5671222104991549	0.46043862084501214	0.5579399319894491	0.4695278284470016	0.5574591258531825	0.46970548568352993	0.5588657140088616	0.46103929317824144	0.5598206720148553
0.4615065315903038	0.5224261629803664	0.46724892789078853	0.5056423455109084	0.4666062193584796	0.5049327847726226	0.46097738515950937	0.5049547929552737	0.47384592898422334	0.5055332250399317
0.47315602463829226	0.5657310509412408	0.4636651607753865	0.5549229201938574	0.46505285955775766	0.5540789989171445	0.4677235940115548	0.5558478865590503	0.472239264890669	0.5576049503503281
0.4743762964607225	0.567488212439375	0.46970102174946027	0.5474766791347022	0.4676694642487831	0.5466228811196391	0.4695784156677909	0.5485807806718707	0.4695662311681816	0.5502729784981355
0.4733754225277958	0.5551466590873063	0.4733265768883083	0.5727316653127953	0.46068646920128825	0.5740418622961403	0.4694854593929994	0.5721561547286363	0.46106181868479496	0.5688375377751589
0.4615065315903038	0.5298414981407863	0.46036083447335774	0.5270430756413875	0.4605880084014884	0.5274470268302659	0.46920766160624183	0.524720039351373	0.4609690879789983	0.5213250390962395
0.4615065315903038	0.5454848501707931	0.4704193140884811	0.526285041550508	0.4605863751976141	0.5263897877536146	0.469385647353676	0.5254200966589677	0.46096715360777846	0.5243208556205863
0.4615065315903038	0.5829259704754317	0.4675578656937217	0.5229541646191609	0.4696774775945882	0.5213487176201868	0.46531446644623764	0.5251583130857461	0.46583365958242123	0.5310871104097232
0.47081265784072107	0.5718044731171109	0.4693748130587899	0.5301733654523086	0.4605947837754176	0.527753663273374	0.4610253752344103	0.5334457615827174	0.4609821603151721	0.5388408691926397
0.47061258294421954	0.5518982315559661	0.46933008083057587	0.55181748517028	0.46064138558064327	0.5512453796643143	0.4713183821464246	0.5525423531882125	0.4683550924806551	0.5533151442622813
0.4672103009442334	0.566672383348905	0.46043768253996487	0.5526270663047416	0.47071430729738345	0.5518831495765952	0.4680055239213224	0.5534649450237866	0.46792632547073637	0.5546543259820819
0.47319941768609264	0.5796512065875046	0.46809795523920794	0.5274138858660515	0.46662077394019097	0.5254048875164526	0.46102081993382915	0.5311746046418186	0.46097811579154147	0.5365921560660398
0.4700438850071492	0.5699616259595549	0.46044454364259535	0.5571661426374411	0.4680790200796515	0.5568636547066045	0.4610776775803872	0.55769752938159	0.4725271218031477	0.5585952953732639
0.47011018137903354	0.5832284780755103	0.4728857894842525	0.5714296638925138	0.47054808259071224	0.5708540140615586	0.4754941800286319	0.5718641278091187	0.4610666056338842	0.5723964945235122
0.4615065315903038	0.544333968914069	0.4696044997517145	0.5166452556927033	0.4605656671849335	0.5164958205457517	0.4683006225362318	0.5176239638364513	0.46737600945743046	0.518663649635489
0.4615065315903038	0.5641652470775499	0.4604324753948632	0.5249380600264089	0.46058350337283316	0.5239410982759886	0.4726532724059974	0.5293419674968779	0.47486258086015065	0.5342204689016163
0.4615065315903038	0.5355753433801385	0.47027972184378963	0.5432394996665905	0.46062291528069493	0.5436169803049021	0.4735341499647622	0.5410683337027301	0.47059849845578794	0.5394587752578693
0.4696152839804562	0.5572411011288732	0.46041800955474926	0.5530637390550983	0.46064409350485624	0.5521367296299823	0.4686489103363184	0.5541436782223741	0.4610219182350284	0.555667395759147
0.47439058975868487	0.538689333403739	0.4603792901738991	0.5548602989257659	0.4606479528575733	0.5551983610315985	0.46834822091924955	0.5516164441745409	0.47478271285919393	0.5494884108238131
0.4615065315903038	0.5446074940999864	0.46039159166411014	0.5113374856616012	0.47070363074802424	0.5092691302543442	0.46098701260358793	0.5126268024336876	0.46093843748939234	0.5158008588068799
0.46952462426910946	0.5714154196309836	0.4604475761377159	0.5518395543677906	0.46064146730936595	0.5510910299315585	0.4679627788145393	0.5530731463857087	0.4674399628500864	0.5545451168467381
0.4708104241190695	0.5632579126691888	0.4702303322694758	0.5613760578371079	0.4728563193219406	0.5607500215122724	0.4694823911742565	0.5621572314882846	0.4689162241025904	0.5624939452145447
0.4615065315903038	0.5629586304954148	0.4604386057232107	0.5205998380583791	0.4605741559119909	0.5185224695815294	0.4645374861661547	0.523784922022236	0.46096635843779027	0.5289715068982406
0.4670470395123992	0.5636887103294512	0.47358392589687015	0.5377838060429355	0.47124607118276535	0.5356201035312311	0.4684039537792806	0.5402652491745652	0.46100003223456626	0.545586976717735
0.4615065315903038	0.5669690136688034	0.46043828995531205	0.5594753945456085	0.47076444765256326	0.5587723437085275	0.46108168338865746	0.5598611066410776	0.46103092676405666	0.5607676482743436
0.4648192378652336	0.5773163628133587	0.4604598965310438	0.5549829948676797	0.46064824012817257	0.5541456350972863	0.4610719836257219	0.5559704849161043	0.4669316440817962	0.5575523236726894
0.4615065315903038	0.5852073803149361	0.4604763565688362	0.554055789711268	0.4681283935866063	0.5524991170063681	0.46820283482371566	0.5556130853816477	0.4701556415715594	0.5577586226073813
0.4695675859331461	0.569404121735304	0.4604433921150631	0.5456078919942601	0.46611466099596366	0.5426618775766721	0.46860953712744075	0.5481477185186214	0.4610181375307062	0.551264834113153
0.470799058350861	0.5679523180830678	0.4604403637379426	0.5418883533956786	0.4606200377317487	0.5391062168747509	0.4610404373394339	0.5447252269266452	0.4663568269617655	0.549322794584818
0.46933823350933984	0.5403702000303354	0.4603828070961359	0.5520190798905594	0.4673058679341388	0.5531023869315361	0.46106978270003857	0.5513228026029677	0.4610237774956725	0.5495460325083312
0.4615065315903038	0.5320418427604158	0.4603653815506324	0.5018661427624179	0.4694505348058763	0.5015624719517212	0.4609714307922888	0.5023331703337225	0.4688263499369215	0.5028376548479729
0.46850255724167345	0.5619138777518391	0.47025747294177145	0.5526264363121782	0.46064315130653366	0.5518881324809239	0.46106723399669447	0.553807821423094	0.4700577353864089	0.555492411127603
0.4615065315903038	0.5755775060351672	0.4707672093171718	0.5458445832836953	0.46643900777709507	0.543224697506945	0.46105898635581616	0.5485552396840857	0.46101713296766683	0.5528531379402862
0.4697874992046639	0.5270264534479562	0.46035493089199014	0.5237089529311219	0.46855161123505	0.5236819604094806	0.46939397002412975	0.5235376485109183	0.469157190577799	0.5231558025220222
0.4763939048360292	0.5665707507928899	0.460437481867203	0.5452957235896604	0.46799059045697816	0.5426796734742418	0.46105794914096665	0.5473992233463559	0.46101485097092343	0.5494649240911811
0.4615065315903038	0.5731359518850202	0.46987078106327235	0.5260275838419325	0.46058353910064065	0.5252199670917076	0.4754992374380681	0.5279295287977404	0.469847704195073	0.5297431769321664
0.4615065315903038	0.5686034301604704	0.4604417105541929	0.557447021591768	0.46065353757631605	0.5573257205548385	0.4610786474522971	0.55857422583954	0.4610282403776874	0.5595014344724363
