0.0873169221234322
0.3489530755871371
0.350030662265427
0.4588206842167309
0.17233859680765648
0.40376752428657603
0.279316307635784
0.29003742939421967
0.4616109506945434
0.1335869478920316
0.4025230125293839
0.23856098299242207
0.272851841525074
0.15837668424131893
0.31410436342849657
0.30986189838456474
0.09053567803048554
0.08038276638618923
0.2232004752460195
0.5320400030518331
0.4208848346843682
0.16235001221109
0.19703619190925292
0.2932461375944388
0.2002092634848083
0.33414357405732503
0.2167269832833535
0.28951234614220417
0.5400594698935015
0.25416814633017687
0.3915440915260711
0.09608232500581856
0.12061421248263672
0.29058952380464653
0.13442209235513664
0.31415639567747256
0.46366184067001337
0.33823898314046663
0.30893390336691756
0.22499539906817598
0.322488706507107
0.21175313811296226
0.2683231264260849
0.24515171856681012
0.11961331967522758
0.5000518163791704
0.4394521109866214
0.39085006848300546
0.46081279710920947
0.20901207873451774
0.309972564702508
0.08394078053144052
0.416571470708249
0.2273279088881931
0.5033505024220614
0.46255602977632976
0.18355134632680467
0.2991742811774081
0.5116867305017355
0.08575017065175874
0.3189252357902328
0.48950807426331
0.393352118601711
0.2518747605265311
0.3639323224198532
0.3371034272647473
0.2639493880890857
0.25325477079466663
0.09444333576884373
0.3655010903725407
0.20275014819372233
0.33834015350973295
0.3650811096054025
0.3283005422341785
0.23175051503246
0.3919001525589295
0.4256819271612974
0.16637133285233507
0.08502658803243379
0.2646298195495594
0.39595934854972353
0.2355493811194391
0.4226857718088489
0.21927206033319538
0.4090901062092077
0.43793795713080785
0.3904399985340691
0.2722147767013924
0.23739839935801368
0.2497098825490362
0.23036874611040395
0.4714370560994009
0.33004461362808823
0.20987821625110586
0.2738591018199791
0.2420173674053002
0.5159264542249027
0.21430251695568378
0.3569222611177863
0.4037002898084183
0.4646461586244004
