83.71395585238788
31.54410407824324
31.367107924029806
31.815217914549628
42.33046764642595
36.13767310169103
26.278457801056174
37.853558441343466
31.60693855019069
27.411131016219052
18.08612793987009
30.68456767456257
40.214142144862095
22.759885978522107
23.28442112306385
23.61184965526711
40.51584428123083
46.38805718382202
32.71726335864783
34.11264897781316
26.073919561958103
22.54833105385712
37.160755391618686
24.950628516586114
36.58077034091311
32.85336249369021
35.113244276825654
25.28118409882591
33.61752593685521
28.795549233683495
28.03712975512011
38.151341860636954
30.359032890611402
25.17581686903891
27.239310815502687
23.288636166422513
31.441235896437153
21.580462725547154
35.526281668957246
32.53223446674722
33.99024947595766
29.4141889522242
40.90996299440085
29.853724926960545
30.53640039596674
36.45025183627698
41.557274372542
37.449019896137
31.71900011617235
34.98274757940445
23.599621112932184
43.58782589640912
35.118862918569924
33.18852767193674
28.954691698430246
31.533768675733448
26.378008968522515
36.695996727439045
35.69652701396415
42.699550012435104
22.953023444331894
37.20355725138797
37.149528894985245
43.573505396900934
30.089028124391326
32.5625864200941
41.579065357140735
28.929887427070923
38.767285523187766
40.01442927983337
36.12050035775068
43.229466151624045
40.06971031795026
33.43934663910182
31.608319378749542
27.909486912609392
34.246235630161344
44.00974467133454
43.279902731765304
27.654867256637072
27.76818549147927
31.073012239880335
34.49929219427378
33.38895117641317
35.71938497891904
33.30113458113823
37.411321787797995
26.89843415836588
31.318358339838003
29.312783416973378
31.77177392113467
30.927448046153224
44.342427878345056
34.87111100892429
26.730350812053654
30.2527722728784
35.34446450411484
34.15086448469103
40.993686972206056
36.17408218811034
31.435474155333587
