0.597507657294263	0.5414451099507394	0.6082574691275624	0.5411193325642902	0.6022934044037763	0.5348887900171443	0.6021182386941806	0.5318848571973543	0.5985495723653353	0.5278616935783207
0.6018897995928674	0.5095168822847561	0.6058911481083241	0.5102744008152006	0.6119841350746212	0.5120462919005165	0.6187368426076386	0.5136354386204494	0.5909143497381592	0.514644833880886
0.6122577007457605	0.5203242966783612	0.600670253394297	0.5213636311212566	0.6209659203743757	0.5230884549650611	0.6086895968445674	0.5258361640508613	0.6108444314005559	0.5326989892388682
0.6167515047554601	0.5618417881848364	0.6027603932072348	0.5621918484595357	0.6092605622452921	0.5627980614975743	0.6049795634418661	0.5641269045387366	0.600147697773635	0.564437036807576
0.6009138970595267	0.51703179803517	0.621465939423736	0.5184543595238016	0.6123373097347966	0.5216984862639155	0.595044913343635	0.5234833070977403	0.6050740033954388	0.5252844096305873
0.4610675614367382	0.48623637934133257	0.4704029379154771	0.4882772074937534	0.47099894589673685	0.4903462914309354	0.46851000834363377	0.49329133923406393	0.46127437222228274	0.496701008054912
0.4610675614367382	0.5310215344436616	0.4708672225456189	0.5313349580506729	0.4617575260274196	0.5334147346553119	0.46598925478625486	0.5350875181777871	0.461358868165236	0.5391473262858781
0.4610675614367382	0.5217311986503855	0.4739878590773361	0.5229781192459442	0.4729939268346784	0.5249029153026844	0.4602776118023527	0.5265346785141486	0.4691108517272368	0.5288837607910524
0.47019516012763235	0.5536514233418325	0.4612134228317054	0.5563986665458802	0.46181059799104746	0.5611952239880476	0.4724501927883819	0.5655902841051063	0.46930190721366666	0.5676880533050582
0.4696870002693863	0.5146087681057194	0.4713491846068077	0.5162592231807698	0.46172555483197975	0.5186026567277818	0.4739755689266517	0.5209732214162468	0.470757226922389	0.525892134932348
0.4610675614367382	0.49694480396749324	0.4610925901068375	0.4977537267931216	0.4616863932308172	0.49955460825697257	0.4602234503773757	0.501258036285081	0.46127618835148676	0.5032946516737818
0.4610675614367382	0.5518524297960343	0.46120957747557906	0.5524794038001863	0.46666173718479764	0.5522605322620499	0.4603360275852399	0.5507170067614611	0.4613917841862981	0.54532706707011
0.4610675614367382	0.48301882539460184	0.4610629182351836	0.4835427908191454	0.4616563136036426	0.48487763555366675	0.46529026033569215	0.48594598448354875	0.46125960478573197	0.4866303532152982
0.4720089962637453	0.5496653905334896	0.461204916471372	0.5505908254663449	0.4684474398893657	0.5520412297252408	0.4698225847197883	0.5522866012103805	0.4705520929518806	0.5494358442475443
0.4610675614367382	0.5159040377176646	0.47083076291426473	0.516094456497582	0.46173281627266344	0.5148432251379821	0.4722825174214581	0.5145001574396824	0.4732314069027516	0.5135731085758029
0.4691794812714524	0.4924633291060535	0.47181176322764184	0.4918360965274303	0.4689315668481527	0.49092749057656254	0.46021333222139144	0.4926732644085661	0.46127552099695823	0.4930793961890549
0.472272294378372	0.5467759549318695	0.46119876996341913	0.5475339349315802	0.46822561620035646	0.5471684532034047	0.460325135835477	0.5457009422853928	0.4613698946893098	0.5411521967953218
0.4610675614367382	0.48438512481552864	0.4683798416978708	0.48436237775658775	0.47255929691405235	0.4853537247938169	0.4601931331646281	0.48611862424679175	0.47386631612190316	0.4866087930137365
0.46995476202349645	0.5497692446784107	0.4612051261534699	0.5501657188405855	0.47489846070523667	0.550942688317532	0.4603332117805593	0.5514796514791714	0.46138210889319553	0.5521665053069307
0.4610675614367382	0.5352667593101437	0.4754813419428789	0.5325298811012554	0.4617598789544887	0.5287601748500804	0.4602857588286724	0.5253192571763418	0.46813844479564876	0.5224018314858173
0.46696841390060245	0.5712784702057013	0.4612509877151769	0.571836622777793	0.4726380231418416	0.5720715517283699	0.46637877296495456	0.5723282417417347	0.47395020891053025	0.5686302825381584
0.4610675614367382	0.5198881475104765	0.47089581411358444	0.5212022411843664	0.4617360197988423	0.5232879042320459	0.46027477642404874	0.5271151059573476	0.4665592128260645	0.5325865673554243
0.4610675614367382	0.5449481067660711	0.47047729187419096	0.5457252298043598	0.46178796838478237	0.5473787151671217	0.46032894169967487	0.5490988962200121	0.4613911100413907	0.5505782349351553
0.4610675614367382	0.5449426874074725	0.46597323295462756	0.5471348334911091	0.4747351350345006	0.5482502826068695	0.46032745851529533	0.5486183974422104	0.4682971510661967	0.5495172266150492
0.46820348575846066	0.5118946925191215	0.461124458059004	0.5130203069867427	0.46778266830106974	0.5151956020372883	0.46025607739903734	0.5168999874136043	0.46132030855552664	0.5189369784288673
0.470748039619098	0.5451092434907806	0.46119519445965906	0.5458228177030884	0.4723570992237206	0.5462892391806317	0.46973565849179344	0.547019440545816	0.46959220373054394	0.5478511260703791
0.4703989926984879	0.5212394062374356	0.4611443642852022	0.5232646282712542	0.4617404224964017	0.5257788242502074	0.47166318445217065	0.5293483734519661	0.461345022820683	0.5322913355873503
0.47009572519943066	0.524079951241535	0.461150418446332	0.5252797669040492	0.461744671747177	0.5273508885090021	0.46728676270508174	0.5293899797969132	0.469669556392841	0.5353683488737994
0.4610675614367382	0.5500976057081689	0.4672579714312164	0.5525479041370895	0.4618024264657411	0.5548594831946263	0.4675978734987809	0.5555794050357855	0.4727966692567949	0.5560598180386485
0.4692609273578965	0.5053691627883105	0.46111055625725217	0.5060402103030716	0.46571901469445803	0.5063804617556762	0.46811876339310116	0.5075044858840643	0.4694478610871703	0.5083985084756208
0.4610675614367382	0.5597370432237788	0.4612263810919318	0.5574547079447336	0.46906333677493217	0.5540781521657688	0.4650449690235307	0.5516633246308967	0.46139062957379096	0.5476292998873361
0.4610675614367382	0.5262212024256809	0.4684675058685873	0.5272564067474257	0.46174889301529115	0.5307341533235131	0.46621223357108993	0.5333870438132547	0.46134982404342845	0.5355611252180337
0.47091764850403894	0.5130149631012978	0.4704427562635567	0.513539512797077	0.4650847360528095	0.5139846248425267	0.46757231203768673	0.5145245010349685	0.4613149503850189	0.5147226472708845
0.4610675614367382	0.5359279135821582	0.4685321924227345	0.5393174880882814	0.46923070617192186	0.544555957908797	0.4727424121383799	0.5485522368020763	0.46138716695887394	0.5501894877856215
0.4610675614367382	0.5123803639877998	0.4695580297695504	0.513373590919597	0.461719491676076	0.5160358353998057	0.4679346603804652	0.5183082565056903	0.461322822142126	0.5201927486586043
0.46893255376756404	0.535200844316624	0.46117410995111824	0.5366251048339158	0.4712140028204241	0.5426126946912959	0.4603154341647479	0.5471580631671116	0.46138151021684026	0.5532514132552672
0.4610675614367382	0.5214130708774248	0.46114472377381044	0.5224978087902102	0.4617387654240457	0.5259057231070305	0.4602797439610638	0.5323211992775799	0.4656013616395746	0.5379347723051188
0.4714383276497217	0.4977769787143221	0.4681929296027301	0.49950725649779526	0.4616999316721174	0.5034063697488671	0.46024288896366833	0.5061234393180433	0.4677817656276452	0.509369543506485
0.4692326965869939	0.5106056933766865	0.4693666237077822	0.5114133508241994	0.46704542034352314	0.514270388575581	0.4665546589929411	0.5164095424279735	0.47469744364178046	0.5181523534970803
0.4610675614367382	0.537398402720124	0.47120417182742064	0.5408838703697243	0.46177771992940414	0.5431565705353809	0.46031457999669234	0.5446738251405118	0.47377038330265714	0.5463275723649977
0.4729291849860852	0.5308263828489711	0.4611647865551476	0.5334729065892392	0.4687870929840724	0.5407762328644463	0.4730786528099436	0.5449314522312022	0.46138021045244887	0.5507164044175006
0.4610675614367382	0.5446162547487979	0.46119414377012136	0.5455489804143141	0.4617875838122558	0.5473557434491638	0.4603245905875427	0.5488101561747022	0.4613835804766187	0.5503813414580411
0.4610675614367382	0.5606539864038401	0.4712205291574143	0.5611820169331143	0.46182065368281056	0.5592544675303601	0.47398478273761835	0.556346966889171	0.4613923666231883	0.551786469449914
0.476899361867331	0.5348377032692648	0.46117982972424354	0.5357770453952005	0.4617669183270642	0.5374534522140464	0.47490115932958377	0.5396166456940552	0.46136652121655847	0.5456150511834844
0.474874365994048	0.5232315701560819	0.4611486209452911	0.5245389863654573	0.4617431552117852	0.5276421361954573	0.47042931538733596	0.5297500512609571	0.4660645191390322	0.5331177816032386
0.46881873856878037	0.5510327767599472	0.46936613365767393	0.5518500366344371	0.4701628628809428	0.5534645932734391	0.46578330923659955	0.554883752416142	0.4614001508279057	0.5562829197339163
0.4716333862874022	0.5420445511183468	0.46118870719104604	0.5432513655459352	0.4700551417731857	0.5448592792562238	0.4679362141983906	0.5464107005667725	0.46137955902741185	0.5480095018415321
0.4610675614367382	0.5139786429036315	0.4732092912534919	0.5154054250884617	0.4692744343113868	0.5176395356630221	0.4751614326251307	0.5196894591752471	0.46660214173113446	0.5232020928306853
0.4610675614367382	0.5286772494836185	0.46116020605843444	0.529588296289826	0.46175379192757743	0.5343004764030053	0.46955172366736736	0.5394347474932045	0.4719437028819822	0.5448402414481877
0.4610675614367382	0.5462733496390594	0.4695665652176568	0.5442814488216364	0.4674925597029186	0.5408462809953071	0.4603116269957185	0.53885542205252	0.4613645731855958	0.5344120634941799
0.4610675614367382	0.5331553487778186	0.46632315095361715	0.5367980627906235	0.46176907241610937	0.5427952327362101	0.4735168896507928	0.5463822374354814	0.46795418578120784	0.5483156848367263
0.4610675614367382	0.544865399484481	0.4693980611182342	0.5433907265480805	0.46178292234093754	0.5390104182319901	0.47253731668183263	0.536459527243873	0.4677951529571763	0.5318194978882823
0.4610675614367382	0.5273009074721827	0.4611572554417292	0.5261559149540768	0.4617464365245673	0.5222931765500107	0.4687357450439823	0.51893415263338	0.4704714986784343	0.5168970524265185
0.4610675614367382	0.5167726716105022	0.4611348547353494	0.5172453459661973	0.47260006318224584	0.5196235802001211	0.4602667060239279	0.5212965891302593	0.46132669037940516	0.5236539434154109
0.4710650958198266	0.5081576605132275	0.4611165035401834	0.5091330030648067	0.4662056368624791	0.5118355556829465	0.47143172029652464	0.5137068915113034	0.4613099638419446	0.5156480000041863
0.4610675614367382	0.514319489272242	0.4611296156391454	0.5153268563987135	0.46798022183433724	0.518249381868997	0.46640380408589377	0.5205755529075438	0.4613169223586709	0.5263058575002934
0.4610675614367382	0.5112992206093924	0.46112313347706935	0.5101190496772041	0.46171239732730546	0.5054418723209056	0.46023592543845937	0.5038074270781616	0.46128145814153937	0.5023253960540265
0.4721842307357135	0.5179326286590377	0.4611373164348966	0.5189420668636621	0.4617312616693409	0.5211252817514997	0.4602695392790455	0.5229625868045903	0.47191446985800956	0.5257946132853463
0.47365193826697155	0.5437765383763028	0.47283505256880637	0.5457188374675491	0.46178798808462485	0.5498090315284816	0.46848530473609923	0.5516822066757868	0.4711633567481821	0.5527577132900957
0.4610675614367382	0.5103303430595035	0.46112113431401053	0.5112996769547039	0.46801014467220126	0.5138396059319832	0.4602555092242906	0.5158684805379603	0.46131447988703644	0.5171847728098536
0.4610675614367382	0.5731717245467778	0.46916877373336957	0.5742007906865086	0.47137269418013356	0.5752211685645705	0.4603835848161302	0.5765712950207709	0.4677295830959842	0.576747003723498
0.4610675614367382	0.5481709622421441	0.46579024869133184	0.549060516446002	0.4617950027866634	0.549231881994909	0.4712872444412975	0.5488074859266239	0.469874075056759	0.5461599608759389
0.4733203841264706	0.5127103602630326	0.4611261965295227	0.5136416811449437	0.47208179066656786	0.5158610373905554	0.4602678537572322	0.5172956233961548	0.4733068220556942	0.518695935944517
0.4654726770514374	0.5400539479441929	0.46118444246586365	0.542125961417151	0.47128566664592914	0.5495691284620362	0.4642798478840657	0.5519460978143895	0.4613942041052328	0.5537913578603088
0.4610675614367382	0.5097697364395161	0.47120413718030413	0.509803450534057	0.4708091679580641	0.5050837733193704	0.46023667391563794	0.505410563338612	0.4660185529000302	0.5048174286269409
0.47381409919177925	0.5403629923226578	0.4701058329667356	0.543202472602781	0.4704594613704179	0.5462906825337489	0.4676910505744899	0.5478991463708394	0.4711590835720962	0.5494837621735486
0.46687388280201975	0.5233543927043497	0.46946880116293527	0.5242392584201824	0.46919531491424044	0.5294723155373805	0.4696678797487342	0.533092976604636	0.47229885408892436	0.5394687376156838
0.4665587467647457	0.5780808769795126	0.47326021566207177	0.5788398894406608	0.4618581302859313	0.5800522802520233	0.47134272848129394	0.5812829941820008	0.46145191391602985	0.5797253702422039
0.4610675614367382	0.5508502945913875	0.46120745288987525	0.548747901738547	0.461794318079926	0.544943327711237	0.46882074671733776	0.5413671635366187	0.4613722508698345	0.5381256911117996
0.4610675614367382	0.5453608359730924	0.46969261466291923	0.540924107218986	0.46177775097171037	0.5401360335114842	0.4669129036858142	0.5383220340040182	0.46136384376879513	0.5340221470972211
0.4610675614367382	0.5027099214886543	0.4678099371026126	0.5040780360584131	0.46922606137885325	0.5074887662964027	0.4691246010242749	0.5098478654386277	0.46844080086585155	0.5128139470186525
0.4692554930462104	0.5104313884043612	0.47441613635497476	0.5114927103258301	0.46171548464409845	0.5141691080796548	0.46025364743279135	0.51598768379731	0.4613171599824828	0.5176767200981404
0.4724848996461686	0.545165884010978	0.47562255039796836	0.5459576853848707	0.4617884279729206	0.5466409527194728	0.4639987367671886	0.5474823874334943	0.47310229892170264	0.548456067629636
0.46990042292178674	0.540976326132487	0.46118640833578856	0.5438821150552077	0.4671296596554929	0.5469662603080322	0.4723279899811871	0.548157145586408	0.4721501617212945	0.548967523306994
0.4713181475261359	0.5102848466701926	0.4665880705621272	0.5115412317504626	0.46968050716115795	0.5142598882360674	0.4602534672299557	0.5164625463688897	0.4613184401690742	0.5182008673016653
0.4694693337333145	0.5356919294520986	0.46117514567247303	0.5392186480077944	0.4723053016485177	0.5448760221636667	0.46032027065097775	0.5489604395258942	0.46695485137228354	0.5534215847059248
0.474459975527579	0.5500990066829083	0.4660497300541109	0.5532563051193766	0.4690167829675639	0.5580952369989404	0.4683049004000516	0.562053915334571	0.46141385984834765	0.5664847238060584
0.4610675614367382	0.5065511990866094	0.4733946841118211	0.507499425303319	0.46170707979321707	0.5089661076663167	0.46606094052886937	0.510396738673135	0.47276913468848436	0.5121836203837014
0.4610675614367382	0.505272575246441	0.4611103440700196	0.5063485189503452	0.46170459278736314	0.5089849591312555	0.4666142472367445	0.5109811470451484	0.46582028259180364	0.5130318588177067
0.4610675614367382	0.5480972445233878	0.4722322269427057	0.5491140207564214	0.46179510493301923	0.5509174203386912	0.4664816070687622	0.552016579189703	0.47245681138028717	0.5509725951917969
0.4694757825577958	0.5405799224153395	0.4611855634782702	0.5425133534527468	0.4617811840556818	0.5444325782400938	0.4664402603820117	0.5459291201136086	0.4613767547306835	0.5472781008707743
0.471233969707221	0.5545610602126336	0.4612153500884414	0.5550615787896577	0.4618077188618793	0.5556783375427213	0.4713043804903899	0.5564142321097711	0.4715891294897008	0.557171277348325
0.4610675614367382	0.4883259974828055	0.4610741525319304	0.48906724255454526	0.4694612043022741	0.49325869092374103	0.46021032310670534	0.4961268252354649	0.461275732318199	0.5000628525180424
0.4745327938838085	0.5309889098952202	0.4611651329528405	0.533456133176613	0.46176200115406646	0.5377617169409984	0.47305698393376266	0.5417162277477909	0.4694084410328549	0.5461499190543166
0.4711669705921863	0.5513278796428633	0.47096067941827474	0.5520480385889043	0.4751525603790724	0.5537622900679543	0.466513964668734	0.5551501282287109	0.4736008281353964	0.5564419425609477
0.4610675614367382	0.5074086725512085	0.46111744816948536	0.5082313969957625	0.4617085832246456	0.5099541308312384	0.4679452095064481	0.511604536482809	0.46131262035451837	0.5127783596934085
0.46580369354157497	0.5120187228159272	0.4743922856679296	0.5135619847320011	0.4739082212485788	0.5156940686607835	0.469948997865753	0.5173951357731104	0.46132207233585976	0.5207781856990412
0.4610675614367382	0.5530132999348776	0.4612120400880266	0.5545638763054794	0.47425924066168546	0.5551698026661077	0.4603422444794606	0.5557230449610769	0.46139105079502646	0.5563232405971263
0.4697145702541035	0.5330139490050431	0.4611694489670193	0.5345881834139702	0.46176440017619325	0.5400107828659054	0.46030988521771105	0.5449258008935727	0.47290309324266255	0.5491653645684895
0.4610675614367382	0.5287097024168581	0.4611602860243526	0.5298371146960839	0.4685257363397327	0.5324804528762965	0.4718890705244439	0.5334496172087944	0.47179621896469837	0.5379400540312347
0.4654745785088578	0.5188564128320146	0.4611392853271338	0.5198565828942128	0.4724011853927355	0.5225415831019886	0.4709425867136538	0.5238090557096509	0.4613356305013082	0.5276383208768098
0.46632520849044995	0.5157503784410133	0.4611326653355988	0.5167628504409827	0.46172664325164636	0.5189849799015464	0.46026496561796887	0.5214006306702067	0.4682704314032387	0.5238758924929832
0.4661606379285522	0.5460942977393433	0.4611973050239779	0.5470872250786716	0.47115031128097223	0.5487491847393907	0.46032852459419465	0.5502211447123305	0.4613906116662438	0.5520003561936933
0.4610675614367382	0.5027105111646497	0.4611048203637926	0.5036229421047379	0.46947520594257525	0.5032418603420207	0.4602307933919193	0.5034171873067397	0.46648516502070253	0.5038608285016148
0.46613234572407736	0.5377258426130688	0.47006212375821654	0.5407015441011287	0.4617773445338898	0.5437749482953348	0.4603179177751952	0.5454177093440703	0.47153249116498197	0.5470172406055459
0.4610675614367382	0.5204988797606083	0.47239808862463395	0.5216492806594891	0.4668240934775777	0.5238652534363216	0.4602758235018667	0.5256411090527707	0.46133913253839404	0.528417378075977
0.4678673030805723	0.5437390369866479	0.46119228680548313	0.5411696580711769	0.4688942740779084	0.5373647418984406	0.4702549696255738	0.5327772648659729	0.47386068859901104	0.5287851227370132
0.4677292570590804	0.5152457958632533	0.461131589903509	0.5161408699346075	0.470484603965529	0.5189038645463314	0.46026558665923945	0.5218262931899231	0.46133142927346654	0.527040297771652
0.4610675614367382	0.5114861793707103	0.46915805399494326	0.512521217635451	0.46172631889701793	0.5150602513028987	0.4689507887810215	0.5166443508198277	0.47262285704478946	0.5189183216680062
0.4610675614367382	0.5392131681886784	0.4611826505072057	0.5426101772127095	0.4617813892411403	0.5490004073503721	0.4603290840133609	0.5512299651242448	0.4613815818369503	0.5534997068852145
