0.001	0.0011572271988199035	0.0011572271988199035	0.0013324508203707611	0.0013324508203707611	0.0015119583766577192	0.0015119583766577192	0.0016766434266176481	0.0016766434266176481	0.001818946120043466
0.001	0.001098244857597438	0.001098244857597438	0.001212058222566748	0.001212058222566748	0.0013706108269726186	0.0013706108269726186	0.0015593577768729197	0.0015593577768729197	0.0017243429379041615
0.001	0.0010938562553739779	0.0010938562553739779	0.0011668388009073605	0.0011668388009073605	0.0012809512507387874	0.0012809512507387874	0.0013986987053330102	0.0013986987053330102	0.0015643895826216267
0.001	0.0011284567255078382	0.0011284567255078382	0.0012266433305106268	0.0012266433305106268	0.0013445615410541255	0.0013445615410541255	0.0014336258699747056	0.0014336258699747056	0.0015264842908799467
0.001	0.0010642657260185667	0.0010642657260185667	0.0011659207029222345	0.0011659207029222345	0.0012988435909590563	0.0012988435909590563	0.0014308020818105094	0.0014308020818105094	0.0015935784083550273
0.001	0.0008313414979988947	0.0008313414979988947	0.0006945342767621928	0.0006945342767621928	0.0005819012216470049	0.0005819012216470049	0.0005037478649594151	0.0005037478649594151	0.0004293045020888041
0.001	0.0007660617210652702	0.0007660617210652702	0.0005665078386347019	0.0005665078386347019	0.0003614261474969505	0.0003614261474969505	0.0001901172067255481	0.0001901172067255481	2.532038761271017e-5
0.001	0.0007817894164189657	0.0007817894164189657	0.0005922602615174552	0.0005922602615174552	0.00041261912738110873	0.00041261912738110873	0.0002448769865947662	0.0002448769865947662	0.0001166362910023353
0.001	0.0007844060471607281	0.0007844060471607281	0.0005584583943556504	0.0005584583943556504	0.00033802078232830003	0.00033802078232830003	0.00013773999324057416	0.00013773999324057416	6.493413963705011e-6
0.001	0.0008156877221843943	0.0008156877221843943	0.0006470730926277274	0.0006470730926277274	0.0004667977622482706	0.0004667977622482706	0.0003211842804885781	0.0003211842804885781	0.00019976892275416042
0.001	0.0008530550348923279	0.0008530550348923279	0.0007316297996105401	0.0007316297996105401	0.0006272417647783571	0.0006272417647783571	0.0005352600698926667	0.0005352600698926667	0.00044736776603156327
0.001	0.0008575587523748	0.0008575587523748	0.0007198303619834104	0.0007198303619834104	0.0005908503696098843	0.0005908503696098843	0.0004417153548902025	0.0004417153548902025	0.000271939064527462
0.001	0.0009142345566584966	0.0009142345566584966	0.0008358173698920598	0.0008358173698920598	0.0007675910138567225	0.0007675910138567225	0.0007225366757551767	0.0007225366757551767	0.0006665814518760946
0.001	0.0008726466574973343	0.0008726466574973343	0.0007304847153387538	0.0007304847153387538	0.0006119805953273348	0.0006119805953273348	0.0004713565423524084	0.0004713565423524084	0.00030995492383062683
0.001	0.000860385728774626	0.000860385728774626	0.0007463224361423467	0.0007463224361423467	0.0006370779146576296	0.0006370779146576296	0.0005590427032516686	0.0005590427032516686	0.0004638656557908054
0.001	0.0008475562155473542	0.0008475562155473542	0.000733392461020082	0.000733392461020082	0.0006371454891813313	0.0006371454891813313	0.0005537333815327285	0.0005537333815327285	0.00048253956628337434
0.001	0.0008971786501504476	0.0008971786501504476	0.0007821543735916893	0.0007821543735916893	0.0006637063203963447	0.0006637063203963447	0.0005310620968777751	0.0005310620968777751	0.0003729487915373315
0.001	0.0008969363183926392	0.0008969363183926392	0.0008251102129186213	0.0008251102129186213	0.0007862573038447545	0.0007862573038447545	0.0007293236105228993	0.0007293236105228993	0.0007000031867902813
0.001	0.000835983140030209	0.000835983140030209	0.0006447557754359951	0.0006447557754359951	0.00048173417456098285	0.00048173417456098285	0.0002979872867411911	0.0002979872867411911	0.00011264916021703887
0.001	0.0008721654601771361	0.0008721654601771361	0.0007717643561720919	0.0007717643561720919	0.0006582095765117782	0.0006582095765117782	0.0005490461901537698	0.0005490461901537698	0.00044399727699490397
0.001	0.0008488460699010972	0.0008488460699010972	0.0006774349331097731	0.0006774349331097731	0.0005126865800992911	0.0005126865800992911	0.0003391210036491047	0.0003391210036491047	0.00013281204489759113
0.001	0.0007949471835968293	0.0007949471835968293	0.0006159323467808683	0.0006159323467808683	0.00042937373760966625	0.00042937373760966625	0.0002558463353934008	0.0002558463353934008	0.00011857159902519696
0.001	0.00083592255450684	0.00083592255450684	0.0006774336239493184	0.0006774336239493184	0.0005063443906629076	0.0005063443906629076	0.00032647025521825954	0.00032647025521825954	0.00014403990819007213
0.001	0.0008040230915624079	0.0008040230915624079	0.0006306535808897352	0.0006306535808897352	0.0004724219589815331	0.0004724219589815331	0.00029421867348884673	0.00029421867348884673	0.00013268294432856542
0.001	0.0008084717676084011	0.0008084717676084011	0.0006152105656088851	0.0006152105656088851	0.00045724537587054097	0.00045724537587054097	0.0003174359863636009	0.0003174359863636009	0.00019738701268923707
0.001	0.0008494359263734966	0.0008494359263734966	0.0006790421673599896	0.0006790421673599896	0.0005173591897462534	0.0005173591897462534	0.00035253998973257207	0.00035253998973257207	0.0001893471941198339
0.001	0.0007808441785575778	0.0007808441785575778	0.000570061400867622	0.000570061400867622	0.0003761507196420153	0.0003761507196420153	0.00022016126720707357	0.00022016126720707357	6.803683843172033e-5
0.001	0.0008176971948757372	0.0008176971948757372	0.0006058073342862394	0.0006058073342862394	0.00039996130504589924	0.00039996130504589924	0.0002407605794702669	0.0002407605794702669	9.851688538271378e-5
0.001	0.0007903594535678568	0.0007903594535678568	0.0005971812019545445	0.0005971812019545445	0.00039866317681529987	0.00039866317681529987	0.00023139776553246296	0.00023139776553246296	5.705313148248381e-5
0.001	0.0008897837782132462	0.0008897837782132462	0.0007746154926248123	0.0007746154926248123	0.0006847077555605227	0.0006847077555605227	0.0006075930692637015	0.0006075930692637015	0.0005196698957764802
0.001	0.0008269817750921378	0.0008269817750921378	0.00066693620034684	0.00066693620034684	0.0005334786822958164	0.0005334786822958164	0.00039775563343440293	0.00039775563343440293	0.00022493043976135144
0.001	0.0007589380127991204	0.0007589380127991204	0.0005509483931050023	0.0005509483931050023	0.0003392099913470758	0.0003392099913470758	0.00017588307838154713	0.00017588307838154713	2.118632543961415e-5
0.001	0.0008595028445334021	0.0008595028445334021	0.0007336811683362847	0.0007336811683362847	0.000632756702468702	0.000632756702468702	0.0005407168275105887	0.0005407168275105887	0.0004297255710348261
0.001	0.0007847921494930501	0.0007847921494930501	0.0005919542361729335	0.0005919542361729335	0.00040231770494045065	0.00040231770494045065	0.00023326504566336534	0.00023326504566336534	5.130978857942383e-5
0.001	0.0007749218755822213	0.0007749218755822213	0.0005958234241581639	0.0005958234241581639	0.00043060335179596383	0.00043060335179596383	0.00031898402742746397	0.00031898402742746397	0.00019507483851820945
0.001	0.0007916983568247407	0.0007916983568247407	0.0005691239264104917	0.0005691239264104917	0.00036415716935527296	0.00036415716935527296	0.00015550288872534732	0.00015550288872534732	8.009526478161145e-6
0.001	0.0007983154288663477	0.0007983154288663477	0.0006053267401649408	0.0006053267401649408	0.00042286415239557165	0.00042286415239557165	0.0002536779502233303	0.0002536779502233303	0.00010956379588494463
0.001	0.0008093248275634852	0.0008093248275634852	0.000649584219413959	0.000649584219413959	0.0005089021585338438	0.0005089021585338438	0.00039151919845156145	0.00039151919845156145	0.0003013375296955888
0.001	0.0008044017905601488	0.0008044017905601488	0.0006224093000474985	0.0006224093000474985	0.0004872855850179347	0.0004872855850179347	0.0003811350550375532	0.0003811350550375532	0.00027395267584796515
0.001	0.0008019197580753673	0.0008019197580753673	0.0006152937997277791	0.0006152937997277791	0.0004241466905742235	0.0004241466905742235	0.0002458681387964872	0.0002458681387964872	9.01583815300946e-5
0.001	0.0008080589900467305	0.0008080589900467305	0.0006057827318793814	0.0006057827318793814	0.00043224598374385357	0.00043224598374385357	0.0002529135035287805	0.0002529135035287805	6.909802260739257e-5
0.001	0.0008333797202726967	0.0008333797202726967	0.0006629573016191657	0.0006629573016191657	0.00048582318899083175	0.00048582318899083175	0.0003031709284003463	0.0003031709284003463	0.00012075283796691452
0.001	0.0008625343420308974	0.0008625343420308974	0.0007356879776258177	0.0007356879776258177	0.0005918575574190554	0.0005918575574190554	0.0004486446220797829	0.0004486446220797829	0.000267853222484004
0.001	0.0008064811489821808	0.0008064811489821808	0.0005807715370451003	0.0005807715370451003	0.00035906971232355463	0.00035906971232355463	0.00019130904231988218	0.00019130904231988218	1.7674506614494215e-5
0.001	0.0007739253059251027	0.0007739253059251027	0.0005448923187973896	0.0005448923187973896	0.00034821561110615843	0.00034821561110615843	0.00020633260324389778	0.00020633260324389778	6.876126193682268e-5
0.001	0.0008504855645224793	0.0008504855645224793	0.0006964718171613638	0.0006964718171613638	0.0005320638145709585	0.0005320638145709585	0.00036747857528373717	0.00036747857528373717	0.0001735182677543758
0.001	0.0007757199723503633	0.0007757199723503633	0.0005359269550694986	0.0005359269550694986	0.0003308250982058245	0.0003308250982058245	0.00013597364366553066	0.00013597364366553066	7.566196321808605e-6
0.001	0.0008006655537051622	0.0008006655537051622	0.0006409565888049963	0.0006409565888049963	0.00047660900006757915	0.00047660900006757915	0.00033100333626845965	0.00033100333626845965	0.00021845690843951576
0.001	0.0007904862377565978	0.0007904862377565978	0.0005891758393242589	0.0005891758393242589	0.0003979863469843997	0.0003979863469843997	0.00024964851269221707	0.00024964851269221707	0.00010715297434312743
0.001	0.0008656458506130116	0.0008656458506130116	0.0007547758538882624	0.0007547758538882624	0.0006653806479815595	0.0006653806479815595	0.0005431419971448846	0.0005431419971448846	0.00039753054209647014
0.001	0.0007876221765940593	0.0007876221765940593	0.0005912150638957087	0.0005912150638957087	0.0003972196618873202	0.0003972196618873202	0.00022833417118545732	0.00022833417118545732	7.11770240109559e-5
0.001	0.0008905148265672362	0.0008905148265672362	0.0008040096417153125	0.0008040096417153125	0.0006977984957530274	0.0006977984957530274	0.0006057100439056872	0.0006057100439056872	0.00049161921500661
0.001	0.0008693703524465054	0.0008693703524465054	0.0007507786282905367	0.0007507786282905367	0.0006373630739469606	0.0006373630739469606	0.0005490239766729881	0.0005490239766729881	0.00044765831716232893
0.001	0.0007779084345712444	0.0007779084345712444	0.0005720469246062511	0.0005720469246062511	0.0004087646594049843	0.0004087646594049843	0.00025997287476301574	0.00025997287476301574	0.0001309490945261316
0.001	0.0008098634885631637	0.0008098634885631637	0.0006297408522064429	0.0006297408522064429	0.0005047060184623398	0.0005047060184623398	0.00039671164150804986	0.00039671164150804986	0.00028158798370115474
0.001	0.0008021988955679873	0.0008021988955679873	0.0006129373398498116	0.0006129373398498116	0.0004513809610760821	0.0004513809610760821	0.00031300005285745194	0.00031300005285745194	0.00017742775983280653
0.001	0.000917328446413741	0.000917328446413741	0.0008375247978237659	0.0008375247978237659	0.0007604748197618657	0.0007604748197618657	0.0006850946581092888	0.0006850946581092888	0.000601841101876623
0.001	0.0008170374100095588	0.0008170374100095588	0.000620481170454115	0.000620481170454115	0.00043416368457747955	0.00043416368457747955	0.0002725544163744928	0.0002725544163744928	0.00013789736404603995
0.001	0.0007820082410659316	0.0007820082410659316	0.0005721369950519978	0.0005721369950519978	0.00036518775687189003	0.00036518775687189003	0.00018213147443259402	0.00018213147443259402	6.68440242093193e-6
0.001	0.000785446397714537	0.000785446397714537	0.0006043920879758201	0.0006043920879758201	0.0004777302700000284	0.0004777302700000284	0.0003493849855682984	0.0003493849855682984	0.00023218659538140542
0.001	0.0008085883569510053	0.0008085883569510053	0.0006201097770001876	0.0006201097770001876	0.00043226904429304665	0.00043226904429304665	0.0002153722753521285	0.0002153722753521285	6.7845293810714106e-6
0.001	0.0008644772349736847	0.0008644772349736847	0.0007527099692850098	0.0007527099692850098	0.0006163519803236428	0.0006163519803236428	0.0004916777643353529	0.0004916777643353529	0.00034336775507045085
0.001	0.0008347967344490784	0.0008347967344490784	0.0006446395679146378	0.0006446395679146378	0.0005025302055196328	0.0005025302055196328	0.0003621188844299104	0.0003621188844299104	0.0002686040198079652
0.001	0.0008095092844853895	0.0008095092844853895	0.0006044967889367222	0.0006044967889367222	0.0004195018328824045	0.0004195018328824045	0.0002475324715926478	0.0002475324715926478	6.009681198663217e-5
0.001	0.0008956019585625723	0.0008956019585625723	0.0008207250255603751	0.0008207250255603751	0.000753124043795011	0.000753124043795011	0.000667850969731305	0.000667850969731305	0.0005958545155994934
0.001	0.0008061172433569832	0.0008061172433569832	0.0006243417951086637	0.0006243417951086637	0.00044118201158755197	0.00044118201158755197	0.0002735762710373799	0.0002735762710373799	0.00010051013575048418
0.001	0.0008190334672005725	0.0008190334672005725	0.000640344882251188	0.000640344882251188	0.00047414305464703956	0.00047414305464703956	0.0003244579485481354	0.0003244579485481354	0.00018107117782662147
0.001	0.000822569905491037	0.000822569905491037	0.0006442353945488957	0.0006442353945488957	0.00043615983794102503	0.00043615983794102503	0.0002345640947158973	0.0002345640947158973	6.812350371935519e-6
0.001	0.0008773641336790717	0.0008773641336790717	0.0007634505638544723	0.0007634505638544723	0.000650625113732657	0.000650625113732657	0.0005403334415146061	0.0005403334415146061	0.00038841506236072436
0.001	0.0008504102168781752	0.0008504102168781752	0.0007274869132420611	0.0007274869132420611	0.0005990762970294961	0.0005990762970294961	0.0004952059506024308	0.0004952059506024308	0.0003494095934082695
0.001	0.0007756566061720414	0.0007756566061720414	0.0005954178861323295	0.0005954178861323295	0.00044878099890077023	0.00044878099890077023	0.0003456395792738894	0.0003456395792738894	0.00025627859421165745
0.001	0.0008182762640803044	0.0008182762640803044	0.0006429745643828065	0.0006429745643828065	0.00047413936369674383	0.00047413936369674383	0.00033732553308207065	0.00033732553308207065	0.00022020531821932007
0.001	0.00084239096580465	0.00084239096580465	0.000694749603599689	0.000694749603599689	0.0005160262175126276	0.0005160262175126276	0.0003631654250572168	0.0003631654250572168	0.00019787732000022435
0.001	0.0008069854659428906	0.0008069854659428906	0.000607064517395729	0.000607064517395729	0.0004315267950187345	0.0004315267950187345	0.00027176958035726387	0.00027176958035726387	0.00010713034230657521
0.001	0.0007998785526943975	0.0007998785526943975	0.0006211915014422816	0.0006211915014422816	0.0004727690922327093	0.0004727690922327093	0.0003410685054515622	0.0003410685054515622	0.00022283468044443603
0.001	0.0008165107433731749	0.0008165107433731749	0.0006151150616908927	0.0006151150616908927	0.00043863466051616545	0.00043863466051616545	0.00025149131042188574	0.00025149131042188574	8.03474268946182e-5
0.001	0.0007918666561953238	0.0007918666561953238	0.0005839166901993793	0.0005839166901993793	0.0003860940738774878	0.0003860940738774878	0.00019448689462759098	0.00019448689462759098	7.099178490917305e-6
0.001	0.0008621068936671043	0.0008621068936671043	0.000750415895701544	0.000750415895701544	0.0006318841410629792	0.0006318841410629792	0.0005424138702442141	0.0005424138702442141	0.00045238902640401844
0.001	0.0008057298315911832	0.0008057298315911832	0.0006204809336390052	0.0006204809336390052	0.00045923487581344514	0.00045923487581344514	0.0003519678784098579	0.0003519678784098579	0.00025200087654941747
0.001	0.0008568899290322633	0.0008568899290322633	0.0007350204424716551	0.0007350204424716551	0.0005861572412733936	0.0005861572412733936	0.0004461870048925642	0.0004461870048925642	0.00028608225602316984
0.001	0.000824728394423724	0.000824728394423724	0.000628335190334847	0.000628335190334847	0.0004356059901055122	0.0004356059901055122	0.0002775708146806765	0.0002775708146806765	0.00010086048966659997
0.001	0.0008642375330052972	0.0008642375330052972	0.0007048507696945962	0.0007048507696945962	0.0005368867294497175	0.0005368867294497175	0.00036960477063836805	0.00036960477063836805	0.00019303913203443736
0.001	0.000850682928746686	0.000850682928746686	0.0007154335098933148	0.0007154335098933148	0.0006173323110962573	0.0006173323110962573	0.0005211196452378781	0.0005211196452378781	0.00043771928864078417
0.001	0.0008032680419004888	0.0008032680419004888	0.0006023054300855148	0.0006023054300855148	0.0004116691307740387	0.0004116691307740387	0.00024294769794475462	0.00024294769794475462	8.877952209176138e-5
0.001	0.0008162724965157037	0.0008162724965157037	0.0006463244489699677	0.0006463244489699677	0.00046468478000238406	0.00046468478000238406	0.0002873997094316458	0.0002873997094316458	0.00011802061252945087
0.001	0.0008037482017765809	0.0008037482017765809	0.0006284994321373308	0.0006284994321373308	0.0004797411277903196	0.0004797411277903196	0.0003789447112825315	0.0003789447112825315	0.0002705027950527683
0.001	0.0008213883187305261	0.0008213883187305261	0.000647056715564673	0.000647056715564673	0.0004756962927344838	0.0004756962927344838	0.0003429908102691096	0.0003429908102691096	0.00021634100015187452
0.001	0.0007887178138135517	0.0007887178138135517	0.0005825157061363203	0.0005825157061363203	0.0004002998223165729	0.0004002998223165729	0.00020816785226074916	0.00020816785226074916	1.4148803051007112e-5
0.001	0.0007983413856094406	0.0007983413856094406	0.0005921112111551605	0.0005921112111551605	0.0003959131622994821	0.0003959131622994821	0.00021178586641111007	0.00021178586641111007	4.959643422735879e-5
0.001	0.0007729670910413425	0.0007729670910413425	0.0005611006278152571	0.0005611006278152571	0.00038728747715241984	0.00038728747715241984	0.00021214476474459097	0.00021214476474459097	6.527993578303171e-5
0.001	0.0008149435411544384	0.0008149435411544384	0.0006200770149417875	0.0006200770149417875	0.0004432982761568189	0.0004432982761568189	0.000289363050981685	0.000289363050981685	0.0001479694338427087
0.001	0.0008105163224679991	0.0008105163224679991	0.000617575243040378	0.000617575243040378	0.0004352103734060517	0.0004352103734060517	0.00027632894489090646	0.00027632894489090646	0.00016695463730074205
0.001	0.0008674565739552277	0.0008674565739552277	0.0007044446406474198	0.0007044446406474198	0.0005492585004973814	0.0005492585004973814	0.00037006422796856316	0.00037006422796856316	0.0001844079324344995
0.001	0.0008786083152312077	0.0008786083152312077	0.000772053530239645	0.000772053530239645	0.0006990864541229539	0.0006990864541229539	0.0006218353373569748	0.0006218353373569748	0.0005506767966487067
0.001	0.0008076274680597448	0.0008076274680597448	0.0006195698972619778	0.0006195698972619778	0.0004270627089715936	0.0004270627089715936	0.0002474813836665438	0.0002474813836665438	8.723728284944796e-5
0.001	0.0007923176932521996	0.0007923176932521996	0.0006124021573968008	0.0006124021573968008	0.00043812473248177757	0.00043812473248177757	0.0002706862324671144	0.0002706862324671144	0.00012772595033289178
0.001	0.000889991383449095	0.000889991383449095	0.0007675862697938011	0.0007675862697938011	0.0006586418689749975	0.0006586418689749975	0.0005534168602717207	0.0005534168602717207	0.0004420794051668454
0.001	0.0008238570889706057	0.0008238570889706057	0.0006324573731910102	0.0006324573731910102	0.0004703059952668038	0.0004703059952668038	0.0003055249893601964	0.0003055249893601964	0.00016426849126438737
0.001	0.0008037096468211256	0.0008037096468211256	0.0006633803718044953	0.0006633803718044953	0.0005159170789651685	0.0005159170789651685	0.00040084558663955593	0.00040084558663955593	0.0002984992344433619
0.001	0.0007932162377305245	0.0007932162377305245	0.000588922025095705	0.000588922025095705	0.0003905375620304821	0.0003905375620304821	0.0002014581689996437	0.0002014581689996437	1.4175563560458913e-5
