0.7015151767421425	0.5987643156784738	0.6201179254426232	0.5990654343194767	0.629530723905415	0.5982543357538157	0.6106747669106386	0.5987175082837809	0.7032397853025005	0.5990182916100716	0.6155421324559041	0.5988721156514349	0.6354977789708746	0.5990787459471706	0.6055170896381953	0.59919772436692
0.701577704740458	0.599143401264031	0.6130742652342007	0.5988046665409142	0.629530723905415	0.5986519263094341	0.6116178180783565	0.5986851916344021	0.7041257655398067	0.5987050963459376	0.608190013078784	0.5988682530113639	0.6354977789708746	0.5983946744052303	0.6143144216674654	0.5990759668877467
0.7020537777400109	0.5988248700291711	0.6128562202561755	0.5983779945052174	0.629530723905415	0.5984370957960514	0.611867293895093	0.5990319625493078	0.704343542760296	0.5989521470727003	0.6093552604485193	0.5987387580034518	0.6354977789708746	0.5990385192215009	0.6032760100049541	0.5987653436519423
0.702486267172874	0.5988985581599041	0.6106765354426569	0.5988619332124868	0.629530723905415	0.5988608835857528	0.6101409954664152	0.5981700430676277	0.70562775143979	0.5990779634867149	0.6087310310363934	0.598920811741772	0.6354977789708746	0.5989954949703858	0.6048291890938712	0.5988782880994682
0.6333432244513817	0.599138398336669	0.6142205099650759	0.5980808394176403	0.7052368774274118	0.5986541530290985	0.6132546163118238	0.5987689880979414	0.6344143465272345	0.59905786266376	0.6096527500158999	0.5985286522709222	0.7036951119732432	0.599043940424693	0.6055146838348848	0.5991569339755125
0.6333432244513817	0.5986659828861496	0.6106955753840958	0.5988589692705703	0.7054741783165192	0.5987555628110126	0.6125590621554265	0.5987653794652197	0.6344143465272345	0.5985422145136636	0.6089798695152312	0.5987242689317667	0.704245110187327	0.5991435093858515	0.6068846990385395	0.5986848529347679
0.6333432244513817	0.5986041443300772	0.6106095391673781	0.5982529487092608	0.7046383206658698	0.5987748691406789	0.6094883660124846	0.5985130194844115	0.6344143465272345	0.5987716693761492	0.6116072335533402	0.5986210782574457	0.703158400889886	0.5990864188066284	0.6038031388045694	0.5995421248680689
0.6333432244513817	0.5982138551982663	0.6094554190843404	0.5986561350521682	0.7039645397544579	0.5984255990953308	0.6125230457396199	0.5988171035977206	0.6344143465272345	0.5984985542189858	0.6081250250407325	0.5987076050599259	0.70313528865522	0.5993670979819263	0.6057363367074319	0.5989002974450256
0.6333432244513817	0.5985231080346866	0.6105475811195874	0.5984437244657824	0.629530723905415	0.5985991447582227	0.6098591491219348	0.5989820578194032	0.6344143465272345	0.5985747416827387	0.6121412101445681	0.5993190200761422	0.6354977789708747	0.5989179122499793	0.606742847695238	0.5989235161491315
0.6333432244513817	0.598912628315113	0.6128988246813624	0.5985696227558827	0.629530723905415	0.5988499419083178	0.6113076038378112	0.5982775269721443	0.6344143465272345	0.5994393359589814	0.6104656927934593	0.5988543713280531	0.6354977789708747	0.5990298725346896	0.6177607866135875	0.5986743469904129
0.6333432244513817	0.5988748388380652	0.610937339332012	0.5993039723746247	0.629530723905415	0.5988268952950693	0.6116484221768752	0.5985846869807929	0.6344143465272345	0.5986818897475975	0.6114067923328746	0.5990522858235824	0.6354977789708747	0.5988816037985395	0.6069384898082014	0.5987513978340455
0.6333432244513817	0.5988767899413298	0.6127410628139917	0.5990013953696948	0.629530723905415	0.5982513577613183	0.6102075798134964	0.5992424814317147	0.6344143465272345	0.5983159372179438	0.6072115304483231	0.5990208548440629	0.6354977789708747	0.5993077425847817	0.6054277592009374	0.598981019098648
0.6333432244513817	0.5984378934816783	0.6149591668004135	0.5988004988435183	0.629530723905415	0.59896885575049	0.6140659114793404	0.598640906333515	0.6344143465272345	0.5985559026706736	0.608145095895501	0.5988547239213825	0.6354977789708747	0.5991762390699077	0.6060208802556621	0.5991577870422906
0.6333432244513817	0.5986675822937683	0.6115317724182777	0.5985205510058231	0.629530723905415	0.5991408489659167	0.6167151411715986	0.5986837727047727	0.6344143465272345	0.5989103122403718	0.6095365055227181	0.5993364433564021	0.6354977789708747	0.5991922699063663	0.608944170701519	0.5986245556719801
0.6333432244513817	0.598741556789987	0.6111967396330521	0.5987791820020061	0.629530723905415	0.5989291733178507	0.6121692311935949	0.5989261345008222	0.6344143465272345	0.5989092058480242	0.6110014028112329	0.5987799748330699	0.6354977789708747	0.598849537788432	0.6054108204966123	0.5991129769087475
0.6333432244513817	0.598463425591105	0.6117296017826195	0.598740149175022	0.629530723905415	0.5984201184676193	0.6121675983311448	0.5987254988749386	0.6344143465272345	0.5985606887504968	0.6081698360060297	0.5988545449025162	0.6354977789708747	0.5994953120945847	0.6069289870519098	0.5989746575678688
0.5283582871008362	0.5983235491266226	0.7046024866104369	0.5989091291775899	0.6096444978752001	0.5982210642764237	0.6320009791268805	0.598674776069309	0.6148221456495788	0.5989566994945312	0.7038839447172428	0.5987081836814645	0.60828571310375	0.5986790385648526	0.6311124202125642	0.5990735051693554
0.5284400210422844	0.5987024657829904	0.6313483933632281	0.5986675900270683	0.6090869377572355	0.5985779143411539	0.7053307319705386	0.5986431040988204	0.6061801852429279	0.598654806380438	0.6324006025218165	0.5987416747603271	0.611103497759811	0.5979820054447204	0.7043055334721525	0.5989453792676728
0.5317718901779251	0.5983866472453608	0.6313483933632281	0.5982275354911194	0.610658470833649	0.5983828667804157	0.6320009791268805	0.5989544455057179	0.6188873399536058	0.5988647057538414	0.6324006025218165	0.598605257199574	0.6071190543608856	0.5986070648548992	0.6311124202125642	0.5986292830368729
0.5302414877109786	0.5984808689307938	0.6313483933632281	0.5986982498592283	0.6146618339128744	0.5987992655638084	0.6320009791268805	0.5981188861641944	0.6102289333392038	0.599033965895101	0.6324006025218165	0.5987610018052181	0.6103943680049054	0.5985708658077772	0.6311124202125642	0.5987489784617942
0.5275049265436376	0.5986818150346509	0.7045333203228399	0.597933811804727	0.6109896675088274	0.5985890766433204	0.6320009791268805	0.5987407693079729	0.6086453836722916	0.5990378956747405	0.7041585462447546	0.5983858856555607	0.6172118044184497	0.5986228860314833	0.6311124202125642	0.5990191506743681
0.5237127011869371	0.5982322808153928	0.6313483933632281	0.5986914915404613	0.6096150796939993	0.5987271694484243	0.7029924977760176	0.598713011854488	0.6081691605601072	0.598484977857456	0.6324006025218165	0.5986264176059556	0.616676419166745	0.5987212701361403	0.7031298830813796	0.5985701716194045
0.527493512931207	0.5981816318160735	0.6313483933632281	0.5980845822796559	0.6103624482613034	0.5987149648705573	0.6320009791268805	0.5984614436563989	0.6096614405007986	0.5987335522098487	0.6324006025218165	0.5985231864849394	0.616359318291317	0.5986737737361503	0.6311124202125642	0.5994143219895562
0.5237547354594713	0.5977617917016911	0.6313483933632281	0.5984773963358037	0.6161724083577147	0.5983818317435433	0.6320009791268805	0.59875723915717	0.6085274808436387	0.5984602271028484	0.6324006025218165	0.598578732766775	0.6135482308870569	0.5989413845156358	0.6311124202125642	0.5988016954186985
0.5237936483816266	0.5980925575829442	0.7029323996900206	0.5982860218840494	0.6119933338686239	0.5985528898835367	0.6320009791268805	0.5989296776794021	0.6087255248224988	0.598508104275158	0.7027226130186047	0.5992093458494417	0.6107065919730275	0.5985032767147014	0.6311124202125642	0.5988107438255145
0.5271800476984387	0.5984870055827329	0.6313483933632281	0.5984179968601989	0.609106923634009	0.5988111041263454	0.7009637944626746	0.5982460919257687	0.6068532778020607	0.5993818022583292	0.6324006025218165	0.5987039791867205	0.611297054172164	0.5986078145319106	0.703390766523729	0.5985533915704285
0.5275591874854053	0.598425713961857	0.6313483933632281	0.5991314348370195	0.6109238948527042	0.5987665312623479	0.6320009791268805	0.598544062038238	0.6099485970051264	0.5986348210698788	0.6324006025218165	0.5988963998669349	0.6099240001728445	0.5984868105986101	0.6311124202125642	0.5986273971744059
0.5238103801892111	0.598420551442443	0.6313483933632281	0.5988159497872719	0.6107654458505009	0.5981405502036922	0.6320009791268805	0.5991880884218024	0.6079820737326495	0.5982645825873707	0.6324006025218165	0.5988977793155381	0.6089712874372185	0.598895263408795	0.6311124202125642	0.5988420659930612
0.5237397325452552	0.5980066445408978	0.7038182748172069	0.5986564147399175	0.6063554175853527	0.5988691697658715	0.6320009791268805	0.5985809635772563	0.6118130185776882	0.5985139181134281	0.7039876430587116	0.598791057758715	0.6091741389642127	0.5987552036195765	0.6311124202125642	0.5990336895803852
0.523867775850167	0.5982246830475093	0.6313483933632281	0.5983447777899029	0.6132114061030824	0.5990142817926914	0.703134410468542	0.5986225853057529	0.6077848432386479	0.5988688148346573	0.6324006025218165	0.5992677924013596	0.6098051566821696	0.5987796978962037	0.7012583805489055	0.5984883523669992
0.5272062548766367	0.5982932110998203	0.6313483933632281	0.5986083742058831	0.6092792486812125	0.5988186193803015	0.6320009791268805	0.5989008169324844	0.6116413387434776	0.5988474488679888	0.6324006025218165	0.5987020725002468	0.6062739615207813	0.59845168785947	0.6311124202125642	0.598978459455946
0.5238375643798145	0.5980302255954674	0.6313483933632281	0.5985866105849459	0.6098354241592097	0.5982982961728306	0.6320009791268805	0.5986727047690155	0.6073786913064105	0.5985038997418369	0.6324006025218165	0.5987831345721814	0.6097460219029687	0.5990697057053089	0.6311124202125642	0.5988566163348642
