0.6584715632303338	0.5103991389724815	0.6554058894984179	0.5095145624959224	0.6583473790887375	0.5115083431101847	0.6649247165166969	0.5140838506026658	0.6589594754657432	0.5163374913675175
0.6637201407555218	0.49036179452579287	0.6597382091560079	0.48995091902582494	0.655865290841198	0.49176459213486456	0.6592943909600295	0.4942159623777964	0.6574749818009956	0.495858114236991
0.6614298193488697	0.5638586298365054	0.6563913338715008	0.5634395328581918	0.6613019743109625	0.564531259350351	0.6569219822637925	0.5639527067620171	0.6595635420993838	0.5619361155993352
0.6633155732382858	0.5562065689815795	0.6561466492817246	0.5552410249088062	0.6636861446829299	0.5579092247434537	0.6606115803960451	0.5588854834577891	0.6625855121246104	0.5612493809262562
0.6602572041735152	0.5712920023339716	0.6594361819600427	0.5708709464111662	0.6590912999799553	0.5710778386752422	0.6544451479731878	0.5696484250706589	0.660870695567417	0.5661813366584987
0.49154564490075237	0.5148479708358894	0.48409671928566655	0.5149071362782298	0.48759001318143624	0.5168609015668454	0.475239222833032	0.5171211289910954	0.46548529300142155	0.5194360980316766
0.5033776253891546	0.5215910012696751	0.48074829033458355	0.5242172368492136	0.4972863793735961	0.5257374823187779	0.49015396788362725	0.5255944703077944	0.4830338090965141	0.5278532687297582
0.4844082289647071	0.49998898033547123	0.47735943782812895	0.5001395091503776	0.47131409600360213	0.4997084293784829	0.4816439197123857	0.5002805480733467	0.488536963603002	0.5001953780062052
0.48599613899415006	0.5441488652324235	0.4595418485811748	0.5449162556209698	0.4728775595116225	0.5459585351982243	0.4708987903695373	0.546461098901589	0.4598861240031088	0.5484688731232246
0.4809569763689839	0.5682727559868384	0.4878598858051201	0.5681421658820035	0.46787058590701336	0.5691522888794243	0.4997022454831366	0.569931331010357	0.4738768083039461	0.5706032460626554
0.46165495202575735	0.5664900745760301	0.4821449274554818	0.5666594079605312	0.4687260328016635	0.5666404509811903	0.48087301696659085	0.5677484514105366	0.4938909848254547	0.5685519060488557
0.4680819566863259	0.5405339698206528	0.4806631065950427	0.5413252435383729	0.48061492503428127	0.5412225459552862	0.4711857998329075	0.5406249205023357	0.4918110861057309	0.5406409341062789
0.4752376923524988	0.5395349533053911	0.47939900363016447	0.5393693433709487	0.4935741155149569	0.5407012867544541	0.4604966363059712	0.5413905643912764	0.4667093019315571	0.5431593333530662
0.502014735795471	0.5151671258919923	0.4811121171138107	0.5146559817659134	0.4886204713209033	0.5161176940672447	0.4645481731927843	0.5166468512405112	0.5073044985110665	0.5184029836839003
0.48541471395330676	0.4936515127724431	0.45943934592655533	0.49360101586756794	0.4948160444544188	0.4954800632595097	0.4838908238422585	0.496394447150068	0.4705872903834121	0.49853622653380747
0.4772108665395552	0.5578654198272229	0.48476031164698263	0.557762830918124	0.46097832472352157	0.5593156368424362	0.4857063685635342	0.5597985012608708	0.47978428071877827	0.5617771016973915
0.48598252480932774	0.4912803734332724	0.475760699081488	0.4906645669995789	0.48580774610864236	0.49083371062679976	0.5009132431576996	0.49113379598311974	0.48278765851439337	0.4903767698044657
0.4682352434279536	0.5683701783196131	0.46909822786529254	0.5692382580827514	0.4700317204347308	0.5704643080072781	0.48072698262985764	0.5706050291231928	0.4805110412655595	0.5722725314122505
0.5054703422364919	0.5493751000432132	0.49306201806261524	0.5502112005608099	0.4812751354448793	0.5508618417914779	0.47954663165575834	0.5507957783297291	0.48336343816138894	0.5529444982547586
0.47374363131887104	0.5198863651616425	0.49504946916256476	0.518812836184773	0.4877125290748675	0.5213059850489509	0.5012077734262698	0.5224468859247708	0.47470472242942396	0.5236503328435271
0.47884942286433224	0.5034773546462177	0.4951437375191632	0.5033712936126417	0.48328179962656553	0.5052949757894288	0.4999457853904982	0.5067531995562391	0.4746614008661336	0.5099498537178873
0.5057114361839997	0.5551534867968494	0.45956342188538946	0.5557540416665331	0.4862827852326395	0.5554181726885729	0.4946699030411315	0.5540152133974366	0.47030623918703246	0.55266494843661
0.48905128574522505	0.5361577119427118	0.48447299731350024	0.5366607694178724	0.47497538374632886	0.5375726547344045	0.49036850241315194	0.5381756276874732	0.4694055929106632	0.5381871136032427
0.49368896368997406	0.5214582777134807	0.464271998260997	0.5205374744221459	0.48958237942748556	0.5227600635201831	0.4927262048296036	0.5249157956890359	0.4598453389452522	0.5273429609139567
0.5063696669587711	0.5445902476774616	0.4743306143151365	0.545612655247221	0.48480214347691586	0.5459085717164035	0.48869238519994623	0.5455980799520593	0.47095954753453784	0.5471036852048625
0.49683173440963346	0.5055211538418776	0.4888735342290671	0.5056980663906634	0.4852475571318011	0.5069705009060389	0.4912173487855118	0.508119488919599	0.49179960371439885	0.5104493353885381
0.4841992656928527	0.5032708427406184	0.4665886728394122	0.5035765357588179	0.47322240130025756	0.5024444325222508	0.460414162495502	0.5021115057908645	0.48865475279445897	0.5000988385886342
0.4971663100070748	0.5189850664836937	0.4995136302833965	0.5181836630798105	0.4689879561622383	0.5205571052545976	0.48220775528912313	0.5215006884215492	0.48348408455731906	0.5231267525466163
0.4746456365458138	0.5349795443884587	0.4595227460158398	0.5342457133667045	0.47426638529135157	0.5366257630056835	0.49102909312967025	0.5386352907577557	0.48725517061649387	0.5410794571033071
0.47947409191395085	0.49831936054851883	0.4934843991570784	0.49765639538691014	0.47156242096340834	0.4985516382818007	0.4720297655104395	0.4978578471098024	0.4634257976750329	0.5000161838705357
0.4911385165123338	0.5511444249653406	0.498021757761947	0.5503520754211428	0.4875931218792868	0.5516435252104791	0.4997301748510987	0.5528598152910359	0.48287799936346304	0.5532424891346619
0.49600042624267526	0.5269707189546313	0.46912599249851433	0.5274861863961312	0.4704791270343235	0.5276277934176852	0.4825382376196286	0.5280687575460364	0.49567717421807933	0.5288597342231975
0.4720229491667739	0.5038362432195845	0.46740363981974536	0.5035707988532344	0.4874525766211977	0.5052681164522635	0.5013297232676887	0.5074771467255187	0.48777736150473766	0.5100506719146266
0.47232548690370135	0.5003529083686278	0.46764492447604455	0.4997803656898218	0.4950508618339003	0.5012163396919037	0.49013882611359477	0.5021916909143701	0.45979640251812787	0.5039474702211577
0.4718573749292248	0.5319239901714234	0.4921521201191981	0.5316745513536149	0.5044928994510496	0.5331776809549537	0.502760315644597	0.5342955720064368	0.49695195742719	0.535764725294834
0.5032591596706059	0.5559720476811535	0.48743373598551126	0.5552745436919013	0.498600139764236	0.5580310355038011	0.47978964894530385	0.5587069600504478	0.4856589617142396	0.5610355105697531
0.47024030415599893	0.5223476971876189	0.4853846073240863	0.522045483368354	0.47722708306831907	0.5237062530072925	0.4976844749553602	0.5252391171230621	0.47040990539158545	0.5279456165395017
0.4716885626292352	0.525597626935939	0.46957008795056376	0.5253869635151074	0.5006830237380873	0.5276523399418136	0.49402460399426656	0.5279909156126864	0.493443393163741	0.5290287814949808
0.4731830917123619	0.518343009221336	0.4594891966839226	0.5195498399104093	0.4755294076741478	0.5205050639837805	0.4847174623301558	0.5205687499077427	0.46924741450506885	0.5220055054968759
0.4789942984153038	0.5668963277627673	0.48282828088123725	0.5666524952448958	0.48847960969842463	0.5679393860079336	0.4821486783734309	0.5684605547088065	0.4967364476189269	0.5696805685793012
0.5030278383255503	0.5562118797882103	0.4595675213117271	0.5576687227250234	0.4914634806828011	0.5590480509166997	0.49123699704346685	0.5591343522538921	0.48538188567204693	0.5619507282953583
0.4911348873149374	0.5009686799491927	0.45945388361121275	0.5007436412758972	0.49201121862213876	0.502049428923964	0.47879885067560035	0.5030411229426143	0.4680273674230097	0.5046340797987664
0.4730786145672075	0.5530577860274934	0.46958649018812426	0.5534448211272246	0.4945892706402251	0.5547682782236942	0.47957076469875964	0.555799285125519	0.45990814641872463	0.5566795576593684
0.4961620917148276	0.5185117624854215	0.48323914769167997	0.5194144602842723	0.47553445876681183	0.5209724244812377	0.46742473668281687	0.5213414851130843	0.4797493481378295	0.5231563234151959
0.48510490650421056	0.5631916093624358	0.47825006030748957	0.5647689620762618	0.4699709905808354	0.5644270965334938	0.46054192424812124	0.5641963313511366	0.4710876229431098	0.5663255670767021
0.4794236778714107	0.5591437212204657	0.4695445869619652	0.5590484277745479	0.49913180693240616	0.5567206710046434	0.4908431762057137	0.5518625830038504	0.49169746105171647	0.5491528193723522
0.4664505499662013	0.5181859163201519	0.48048075745765495	0.5184265507154665	0.49445715065817775	0.5203095521599579	0.4885253547745604	0.5231955694132664	0.46357105885743677	0.5261430458817016
0.48608889507905545	0.5002940286224887	0.47633092718371145	0.49872033728188675	0.5014078031869136	0.501829853779357	0.49399323552281543	0.5041455597442451	0.4928694478245228	0.5052296979860778
0.47757588721198085	0.5032214699972491	0.4950864487141904	0.503147121167324	0.4990889551838353	0.5047123913925995	0.47696103076907725	0.505623822631987	0.48891126513548416	0.507424182294982
0.4772179309544806	0.5283008346116007	0.491161331532408	0.5270695254513079	0.4696350531851045	0.530963055484433	0.4730188973458148	0.5316390836820785	0.4800231035544141	0.5344858314119856
0.47056900392636164	0.5460923546215555	0.491400572758069	0.5469409922779515	0.4782728501735343	0.5477761335833743	0.49194701285878584	0.548723319928896	0.4918560096357016	0.5488266653945651
0.48071943694382013	0.5379936362416147	0.4677544303505332	0.5383145228199572	0.4817233436800405	0.5364071401298051	0.4739198674004153	0.5362875381833868	0.4933446972163755	0.5348210568746168
0.4864311256827613	0.582570747506546	0.4949787366372554	0.5837865526050712	0.4931605072000897	0.5844386782817897	0.49964113930400855	0.5842114718728479	0.5028483199267735	0.5844858651618006
0.5037690346650745	0.5117845540261493	0.49747896463905716	0.5120723826507895	0.48650331925568396	0.5127184161807086	0.4724963398103863	0.5133299432316024	0.48594743994789324	0.5149827031687025
0.4917486889663942	0.5181105131339983	0.4594938015852056	0.518600468529019	0.4915059686690033	0.5202563649338872	0.4915818469799282	0.5222178954171328	0.48798725187585906	0.5240026846965159
0.4703743908248919	0.5560613534449613	0.4929965048670002	0.5563916759654316	0.482689522844718	0.5535377477813325	0.49325295115374773	0.551821182156261	0.501552111711605	0.5486324623138114
0.47987897496994675	0.5128335646332122	0.4971407971861774	0.5133248362321098	0.4755991223846003	0.5143683759529618	0.4808596330681713	0.5142676285621921	0.4865015460879209	0.514703074652605
0.4806337095220029	0.5131229212931556	0.47034063190814596	0.5137407748750729	0.48079029327171263	0.5159422198508874	0.4941977904354847	0.5179769470466102	0.4968671109290781	0.5197549955071421
0.4865841192732028	0.5251790590082652	0.4745797957162426	0.5245948933946036	0.47790180477903366	0.5222334441380401	0.4661601685624599	0.5198313447413183	0.49534222164499075	0.5175412025277973
0.49587135610635763	0.5288345888813032	0.49127745696327807	0.5303519404273094	0.4609225641471562	0.5311353314161709	0.47089959899011824	0.5321376824424038	0.47100962874157004	0.5330835252717145
0.49091096922662797	0.5804236391437655	0.45961602117474987	0.5809510924782647	0.46690287495207844	0.5815770457110736	0.47460420793131497	0.5817008743426699	0.47849622889814597	0.5842468314673983
0.46165495202575735	0.5154973052770604	0.48746345048990564	0.5157988479777615	0.4608943734950943	0.5167044349398944	0.48743794877420693	0.5176502188985083	0.487681839122772	0.5185628010241727
0.48985304487440284	0.5162836575972801	0.47393566903630074	0.5166796161083368	0.4608963972883504	0.5168143663499053	0.4746526142261546	0.5169682835482712	0.48854395204509615	0.5170453278779009
0.48079575314895084	0.5210522256801282	0.48917877914998653	0.5212275741617233	0.47043006585313296	0.5192184289271667	0.4685827501462711	0.5186316159646013	0.49756706843601617	0.515995011724927
0.4672903793136557	0.5203559435087011	0.475290772408507	0.5202790047259062	0.4725842667092668	0.5210233003246015	0.469318589128948	0.5218223462364882	0.4774266994780233	0.5226019772435749
0.47504105295989246	0.5270229472733607	0.48471781652212875	0.5265966812806454	0.47702941762642903	0.5265506247022669	0.49822482771731735	0.5264646260756366	0.473236810293215	0.525702705573206
0.4884621098278934	0.5128823126549265	0.4669134712296067	0.5124260961940749	0.4881292037253673	0.5147235903048354	0.4774498246262295	0.51725624845495	0.4734566296532191	0.5195731513767952
0.4842025013668198	0.5418595326563508	0.4649793844696006	0.5424471811451563	0.47952203679395505	0.5441033269277987	0.4605045017396437	0.5447450989524406	0.4598864328462237	0.5440120254207202
0.4837600923966346	0.5473288485870572	0.46926374080979333	0.5469156548111503	0.48689940325652964	0.5498594825742786	0.4942643281066638	0.5508370623917989	0.4972252813901479	0.5541323716986928
0.48262276131118054	0.502217448570161	0.49172978264498013	0.5016655233719824	0.48427515937018667	0.5029489461572118	0.49512275465712335	0.5025226216010117	0.48649639017496904	0.5031722911599072
0.49067252015327156	0.5203407035748984	0.4956377650592357	0.5202366110769265	0.46868321208291747	0.5207669891690927	0.48386026383095215	0.5207123972999838	0.4696511784633326	0.5211646321298311
0.49413924859863845	0.5687641301237211	0.46324023781077905	0.56853149256662	0.4698723927521334	0.5663751091072309	0.46650294341391463	0.5650096807459984	0.49185437050563624	0.5627419500527832
0.4861479736896739	0.5244077563559607	0.49295117723789494	0.5251470979976492	0.46985706694415036	0.525805587813533	0.4936680918561632	0.5262378561581996	0.4742034764800852	0.527203702167195
0.46165495202575735	0.5278868623466454	0.4965427468135198	0.5278870262677362	0.46091836528864416	0.5291257767098216	0.4707836172627408	0.5299134492051637	0.4839033707983472	0.5319087155725674
0.4711552651167174	0.49937540920498913	0.48375831304276984	0.49974399003198017	0.4608648440182702	0.5010996880722202	0.46041219857970594	0.501925885686976	0.4734180801557819	0.5030903924395829
0.4974726663182667	0.5137745545444441	0.4705361100868397	0.5128067383277373	0.483347919879049	0.5132989492418687	0.4604394864435948	0.5138130449754541	0.4867645664945339	0.5149131218641495
0.4728920601184595	0.5449292764622913	0.47768007280995567	0.5464184737674915	0.4609529790244758	0.5475251090572925	0.47270479248219116	0.5477416565997155	0.48840277376645824	0.5506476490883969
0.46165495202575735	0.5506139921787375	0.4595543728222277	0.550476734955068	0.49898779963747647	0.5536080310812177	0.49024739103238113	0.5553209647663006	0.4848659482075156	0.5585815200170695
0.499107968666897	0.5154744807351066	0.4808975924551451	0.5156112268448243	0.493311881825566	0.5170301418152865	0.49030552465954286	0.5175853541830506	0.45982773593564824	0.519570617384147
0.4942068312113471	0.517147244384192	0.5013735221886668	0.5165108003864272	0.4765004891349487	0.5178070086607828	0.485993648713469	0.5192881700973987	0.48610462849950964	0.5215198796737978
0.49277121241860733	0.5175498660177663	0.4782148538371862	0.5166025667650512	0.48803376849445534	0.5196169184236241	0.48153744912370494	0.5216457490102145	0.4712500640612095	0.5240744480189656
0.4805206960619677	0.5025335349795643	0.46593812894336134	0.5022458092405696	0.4878829035514445	0.5044656779125405	0.4892543757202021	0.5061010686597495	0.503195257313192	0.5084023591580458
0.4915555530352691	0.5500093365393258	0.48345756501551973	0.5493390599332142	0.46504982964962616	0.5520236096616604	0.5034374066973988	0.5535987526551148	0.47583810169603147	0.555445422823135
0.49914575643781683	0.5031407301573915	0.4683441149398795	0.5021082550763923	0.49099649175066323	0.5050515635005225	0.4915504080367241	0.5058451133345739	0.4996515337980849	0.5087795033358776
0.4727612178129382	0.5567378814496867	0.47478192723422535	0.5563514309173423	0.470221083452892	0.5579166373810347	0.46053306531906263	0.5587712245693964	0.4840028218974856	0.559685730468547
0.4805205488658524	0.555456142828299	0.49240698472259836	0.5555982709374466	0.4810485335562161	0.5530406233207001	0.4726295062280566	0.5524694641805022	0.48669959463991563	0.5497104662365622
0.4924629755870766	0.4998481727747406	0.5006803629489037	0.49964995403604134	0.471152829524443	0.50096165552325	0.46041075912442897	0.5016623409944205	0.4828051553111113	0.5034749118588077
0.480949967252503	0.536252113404046	0.47820947002603953	0.5387727040353834	0.48858126950117853	0.5397821649439308	0.48467644449202674	0.5396032157841383	0.48994631763300445	0.5421340558723163
0.4808475388834916	0.515166035086899	0.4681479396415346	0.5150459357123917	0.4690465655407759	0.5152626820448005	0.492887719967425	0.5157564633797705	0.4728011081018775	0.5171547997433238
0.467518546201098	0.5497068493430486	0.46195875774139905	0.5498456655933857	0.4914741736969536	0.5503725016931276	0.48080645670366745	0.549122318541383	0.4988423486152019	0.5500568498709764
0.4868897762673246	0.5663338684942241	0.4819215904620482	0.5666687302117949	0.49126434178186706	0.5640772804275908	0.47630098704402607	0.5625001247108019	0.4918635949510366	0.5591139237026772
0.47999524638683816	0.5484779813250694	0.48177717691957206	0.5492164073545754	0.4792194358430336	0.5502762665411363	0.485880415808369	0.5499540540665913	0.49322322630450655	0.5514712213581461
0.4904824926583071	0.575229742452367	0.46869331089425315	0.5763603855842692	0.4652561806283483	0.5772611839585593	0.4824146979730655	0.5765747902029013	0.4808054058658182	0.5753462016482374
0.4787396621129438	0.5110134291808858	0.4890871612784949	0.5106947869121519	0.4954148514736841	0.5121538627477721	0.46558453630308644	0.5129321325236834	0.4697188543870698	0.5151523923425783
0.48754825402302127	0.5590126797893767	0.48685379666258527	0.5583659033931909	0.47792471678884385	0.559896242961981	0.4605372530341386	0.5607582648000027	0.4735843486307971	0.5613317362829235
0.47736998454549656	0.5073282470062978	0.45947131760832355	0.5070882776085491	0.4938142194154334	0.5089564314295415	0.4771027907414541	0.5100160468012888	0.4928554532745606	0.5114745971008215
0.4782127958435942	0.5209665337308081	0.4940983875389357	0.5208666834943365	0.47761228996876814	0.5225249714520391	0.5010158486076702	0.5241995200109932	0.4902836022698532	0.5267665775067301
0.4775060390448628	0.5650470036669851	0.46788592439073434	0.5646665212250289	0.47209323751559557	0.5629169857599947	0.48610227285464813	0.5618196317831496	0.4928797030414198	0.559950064536396
0.4808788866197926	0.5572733268947015	0.4809318062654074	0.5571856937306453	0.48355288617634284	0.5575615170294361	0.4848368891940406	0.5572339070438224	0.4838170368014196	0.5573648750656957
0.4851465719700359	0.5494773394834164	0.46861365459668336	0.5497468607102749	0.4609627879183285	0.5507011885432502	0.4839369267031177	0.5518065766725879	0.4598982064974073	0.5531428477907966
