0.5973743048331747	0.6362840937155583	0.6024090137864532	0.6324639206597298	0.5956218099412312	0.6282031052975975	0.59857401409534	0.6222837672994221	0.5935337271656781	0.6173100950889838
0.6022469109258929	0.6341999978959686	0.6026817225263331	0.6343037578454467	0.6026769751185069	0.6344394427564346	0.6156379602346894	0.6285508284737966	0.5975038546573588	0.6140605436841318
0.6040715285612158	0.6407887652821985	0.593951986090523	0.6412239835532517	0.6114364702943424	0.6417025421854115	0.6093097333215359	0.642012858305938	0.6146560544446915	0.6310756179173799
0.6137155922635076	0.6339139362045701	0.5927475925617772	0.6345364848175697	0.6055379742439706	0.6301582348767075	0.6031104100892527	0.6259454811827967	0.6066023806615487	0.6328792866765492
0.6072512694963348	0.6398548133770431	0.6135833166819908	0.639403910764855	0.6070327624822727	0.6378402612444735	0.5951481405906751	0.632575595731906	0.6025123814670265	0.618898563185747
0.4600454515770991	0.6223585183291173	0.4699676487361853	0.6251653131957154	0.47170580964153613	0.6287841235710446	0.46885000116351383	0.6334862633243095	0.45951720926296896	0.6271401097072585
0.4600454515770991	0.6378452065737882	0.46486524748710406	0.6372314177193049	0.46018873472153093	0.6360509173965214	0.46811273172121787	0.6345679953947763	0.45951995108152344	0.624205804714355
0.4600454515770991	0.6355474462817531	0.47266005418225016	0.6347491187046987	0.46628887060942714	0.6340485588311968	0.4614276784009402	0.6316432152047643	0.46591532362317856	0.6207181684379277
0.47033459283335144	0.6413079946465705	0.45948659874334885	0.6417025059433665	0.46019825546997045	0.6421360641965433	0.47397376743299896	0.6426266764644921	0.4720934598468088	0.6412420344406516
0.47375961700729746	0.6385754411711385	0.4697962952208917	0.6387967775479317	0.4601920777415795	0.6389068530759	0.4694864522326624	0.6390219310948365	0.47042598067294134	0.6266624605947099
0.4600454515770991	0.6379999397456548	0.4594797074320994	0.6354426881524842	0.4601848905273276	0.6306377717248958	0.4614205470527647	0.6251636013910693	0.4594952929583338	0.6167488803101854
0.4600454515770991	0.6332743298926814	0.45946959666950066	0.6296180571255141	0.46847623738415684	0.6249402104131908	0.46140855022495886	0.6192761854903048	0.4594872613709037	0.6177107228456901
0.4600454515770991	0.6393722503362232	0.45948264620090284	0.6369212751205644	0.46018802212778614	0.6317901590467472	0.46959579465239226	0.6266388786904222	0.45950312193297244	0.6168354381357352
0.47252063701437974	0.6350238706224146	0.4594732930308387	0.631318246363466	0.4663903695684206	0.6266755726176212	0.4668755475577978	0.6228196775321415	0.4689410896737248	0.6234935198549293
0.4600454515770991	0.6412309071682943	0.46855144082934336	0.6419788794177336	0.46020369996502936	0.6379224161795992	0.47212455349802007	0.6331417115253427	0.46703417277873294	0.6258144275052709
0.4733006433530577	0.6309955974745561	0.464554765668562	0.6321365816065475	0.470626977532382	0.6354730165646316	0.4614348985027511	0.6341149805577738	0.45951065728283963	0.6255595132320642
0.4653698821037451	0.6422391342632265	0.4594884980113931	0.6406914388769748	0.47004638305700513	0.6361579230510335	0.4614320373968338	0.6308767459663909	0.4595074873126063	0.6321253066665886
0.4600454515770991	0.6360450552380782	0.47100483146658656	0.6321075020379957	0.4650213756062325	0.6270565290354001	0.46141304009750006	0.6211901495093846	0.4741411917340622	0.6142573033835025
0.47047367954925146	0.6407774633428521	0.45948545699319365	0.6388294184489565	0.4717816593663023	0.6411650129953406	0.4614425581500426	0.6428032761266479	0.45953322310471595	0.6430624261771655
0.4600454515770991	0.6394400466424872	0.4682400580080897	0.639275708371747	0.46019322105637944	0.6351170629338214	0.46142983197829246	0.6303247875410556	0.46548271768133886	0.6231412811743909
0.4697815491793616	0.6421310327113833	0.4594882826291122	0.6400273034857936	0.465717401495046	0.6355234199294202	0.47172582950456493	0.6304046479844939	0.4657432469456112	0.6339318015999806
0.4600454515770991	0.6363955365586937	0.46315985455749387	0.6364509989825404	0.4601871017478932	0.6367765991293414	0.4614283118505593	0.636495750877288	0.46985911167159206	0.6241474544820412
0.4600454515770991	0.6301981806415485	0.468298619593096	0.6264302827699235	0.46016588387448765	0.6256791968983736	0.46141361110938794	0.6260635797047491	0.4594966539142984	0.6255282822833135
0.4600454515770991	0.6406142073555309	0.47283564589555566	0.6415884069417427	0.4721080613865673	0.6421326300823413	0.4614445847776516	0.6421577433017245	0.46902596666347185	0.64036359196429
0.4649530844965555	0.6341784403151111	0.45947156758118307	0.6342960691818254	0.46542788198848006	0.6344945176171621	0.4614231862775835	0.6314336018429558	0.459512300477998	0.6168387690623466
0.46518814653937646	0.6366721201600627	0.4594767830993092	0.6329255139367328	0.47218840179191807	0.6330012099554425	0.4750300926855156	0.6354677649977581	0.46638092609590576	0.6374559424913268
0.4633582082727454	0.6390518786652638	0.4594818705393578	0.6385707247442063	0.4601915888775942	0.6361386633036875	0.47300983278261566	0.6330423609874356	0.459515357929014	0.6216238113329491
0.4711795553268855	0.6408608304528836	0.45948569284543256	0.6412540405306792	0.4601972901961053	0.6417387039112515	0.47221128858220557	0.6422271322747727	0.4683758520221461	0.6348503718134242
0.4600454515770991	0.6413922673086098	0.46940390488740974	0.6417779841150204	0.46019841999585637	0.6422331446006129	0.4694263767322652	0.6426938747472398	0.47135473420286667	0.6424715523027724
0.47164868542106053	0.6394864833871969	0.4594828746515076	0.6379026850816506	0.46833344586660236	0.6332805662810237	0.46944936397405074	0.6277610620868348	0.4680989744058694	0.6197062281679732
0.4600454515770991	0.6352937811224832	0.45947385042395006	0.630735802295948	0.47445174381547667	0.6249491263004225	0.47210259765330803	0.6169943521045543	0.45948086472616545	0.6150468210908034
0.4600454515770991	0.6418870236773612	0.4689649044477525	0.6411769063254802	0.4601970951343602	0.6389042235866591	0.4661294038070324	0.6356780699392837	0.459517594871339	0.6221338127202062
0.4638493103035073	0.6448456285257882	0.4707379176475504	0.6445954642143942	0.4719486773018669	0.642542189084575	0.4683093096608862	0.6377528234302089	0.459525403536256	0.6295411457973489
0.4600454515770991	0.6353379456287566	0.46671460320742436	0.6355473525931369	0.4704427645026469	0.635302560758882	0.47089504097973933	0.6341516602322997	0.45951868554045455	0.6257366177602234
0.4600454515770991	0.6398559086738378	0.4713278462581914	0.6391779671692571	0.4601928536287519	0.6371340380047289	0.4691336154828968	0.6311101532303797	0.45951149537692537	0.6172973908430545
0.47034606588243205	0.6410428375013679	0.45948605146485155	0.6414447004296255	0.4711111102272388	0.6419287212125792	0.46144417058450626	0.6424064808112063	0.4595364396443834	0.6379780372494814
0.4600454515770991	0.6374625233510366	0.4594784993200761	0.6378656728778413	0.46019009896340207	0.637938405750961	0.46143581294898134	0.6373926630324981	0.46833592231388044	0.627244399892623
0.469397138886291	0.6265009582256622	0.46987141580847414	0.626604327971144	0.4601732261441745	0.6240907161489951	0.46141342891586984	0.6230957261558189	0.4739227542530505	0.6240875854845395
0.47006567261869603	0.6380251076335299	0.4673923159901804	0.6379682075742324	0.4666886285698306	0.6363914474444758	0.47170248210938776	0.6308308339105838	0.47202705322647737	0.6169704579799488
0.4600454515770991	0.6340640090931607	0.4711177319573975	0.6353409182571735	0.4601847766401876	0.637324380222837	0.4614299763200763	0.6366242022884517	0.4722845236608398	0.6292363637558211
0.46678594796836875	0.6406807664311216	0.45948528642659925	0.6408129484996509	0.47176858217340567	0.6414625497457253	0.4711433837533464	0.6410462950113204	0.4595334271055593	0.6342392034364531
0.4600454515770991	0.6334013330129998	0.4594698724286815	0.6297867406363523	0.46017300756398294	0.6280918822421355	0.4614117584497243	0.6313120758768206	0.45951001776636674	0.630467568245128
0.4600454515770991	0.6421918576337218	0.4679974775980569	0.6396054836832366	0.46019385519607386	0.6350464947845079	0.4739542861818437	0.6298466869136589	0.45950526759230914	0.6310233305406084
0.47471793090642955	0.6408664249937097	0.45948480747888604	0.6412537316755966	0.4601972895409484	0.6417708907079139	0.47384420270578625	0.642243467948834	0.4595408599794607	0.6357072324228064
0.470264540785966	0.6427176547778114	0.4594896375717377	0.6427132001764412	0.46020035880740046	0.6402032275258116	0.4727770454377334	0.6345800666200533	0.4721186555079565	0.6201871799150978
0.46740989581731135	0.6314131847051154	0.4707808022321129	0.6271743830801941	0.4680289283701212	0.6226609038532556	0.4721856439696655	0.6237185588716576	0.4594966180611022	0.6239403248217998
0.46981056516788483	0.6423877132991189	0.4594889321370481	0.6422218848433906	0.4626917828004104	0.6413898300685086	0.46541706471984134	0.6382307842807942	0.4595255452220473	0.6260745574296546
0.4600454515770991	0.6360663289965147	0.46255487649873234	0.6363072244405598	0.46922493719392483	0.6365349503391459	0.46936286716366676	0.6346923408860219	0.46907166185936905	0.621791588326426
0.4600454515770991	0.6357418000961625	0.45947485057734117	0.6357990076710451	0.46018571536104497	0.6360641819054323	0.4690012304792501	0.6343836693290406	0.47243397307845103	0.6240622580984337
0.4600454515770991	0.6346420482447561	0.46827016985887904	0.6310085682418446	0.4728426836239733	0.626299132530611	0.46141138945303123	0.6204529754564251	0.4594903008118221	0.6144136130985365
0.4600454515770991	0.6375743584579359	0.46771017386522473	0.637765459357531	0.46018991398467535	0.6380166270644575	0.4676355704799972	0.638056496258209	0.46898638285145994	0.6317050021545392
0.4600454515770991	0.6423873793502385	0.4681977506421744	0.640909385449196	0.46019664588653253	0.6365074958884358	0.4706438882645752	0.6311925892581065	0.47109443909683496	0.6278128337273745
0.4600454515770991	0.6321372898993883	0.4594671559745123	0.628114432512233	0.46016951330591527	0.6226769642113241	0.4659636998582541	0.6155800474230743	0.47171318608886936	0.6075633712924423
0.4600454515770991	0.6369418471255404	0.4594774068892976	0.6365281581023855	0.4697795680356337	0.6362117500318216	0.4614283670732213	0.632916471064564	0.4595133635257435	0.6192891081955478
0.4667689391048626	0.6378522219310043	0.45947938236219227	0.6374130521033432	0.47019854333781735	0.6356224141611111	0.4721990451545105	0.6278990379639925	0.45950180087955433	0.6180343407284826
0.4600454515770991	0.6379393084412944	0.4594795196768605	0.6380455267322276	0.4698006963476027	0.6382772076120807	0.4671831058405256	0.6382197024178191	0.4595233665066823	0.6261040599492708
0.4600454515770991	0.6428857949749891	0.4594898037370892	0.6423855178685592	0.46019981545669547	0.6379286722048005	0.46143572034981123	0.6326616290068842	0.4595112681293987	0.6242671529068192
0.46412283359835105	0.6346292956907125	0.459472538433747	0.6347195755867197	0.4601834190603822	0.6346701126392373	0.4614289802605893	0.6323029383965484	0.4676940111792249	0.6197008224846011
0.46857023768445927	0.6363719154353428	0.4689763547863847	0.6370806439960248	0.46018842088318335	0.6372125013269975	0.47172004237243914	0.6345552118037978	0.46646531913368067	0.6277800686114641
0.4600454515770991	0.6416386142554842	0.4594873835609213	0.6409882363029324	0.46534911538286183	0.6374481585677261	0.4614325036932638	0.6320370640636471	0.45951069757334684	0.6237842836593425
0.4600454515770991	0.6366949748209849	0.4646155777904625	0.6335076495758815	0.46866920978756826	0.628115820251475	0.46141357796346205	0.6269871544053063	0.4696677180270493	0.6270261286918921
0.4600454515770991	0.6360604372453963	0.46971999153308497	0.6325320331986414	0.460178834414744	0.6276339825550837	0.4688219630754102	0.6224509989323919	0.46961382411195546	0.623926385944752
0.4744065219733726	0.6400177115511828	0.4594839243005614	0.6405779295109287	0.47237995651617626	0.6406657909600377	0.4614454193187263	0.6411882781140433	0.47793518430017057	0.6257280180177793
0.46444568229486455	0.6411248060305603	0.4594862116788674	0.6414430201298871	0.4714831438270449	0.6419864470510904	0.4750044523798335	0.6417640663381047	0.45953481073186353	0.6364050740004759
0.4600454515770991	0.6357183921198903	0.467049814838061	0.6318829754244583	0.46921995954372653	0.6271698720029094	0.461410507764364	0.6216997431488843	0.4625987107097596	0.6127885711629598
0.4685206032723601	0.6370677551751375	0.46641618961946446	0.6376542394815455	0.4723812839294001	0.6379880464428925	0.46792103743553914	0.6379586401818775	0.4725207540936982	0.6333347717553085
0.46616212790953904	0.6372700270390836	0.4656926135651716	0.6373400919911332	0.47235387800899953	0.637529203393029	0.47054379296116355	0.6361956875148438	0.4682992260720282	0.626143642141982
0.4718104806714608	0.634836602523971	0.4743346234316503	0.6308102660838161	0.46017517042262085	0.6250161204571442	0.469463138664215	0.6233375767815929	0.4594946779137949	0.6250801192536888
0.4600454515770991	0.6381902257695182	0.459479969828596	0.6348939228294106	0.46018383903584276	0.6299207338649995	0.4691063816310433	0.62428237968876	0.4594976822287569	0.6218073208639592
0.4600454515770991	0.6332930142635982	0.4644153425490453	0.6284006840871329	0.4601700854228176	0.6229419376187844	0.4740351575340631	0.6144665053310139	0.45947603506171447	0.611025712672253
0.4600454515770991	0.6410657138955442	0.46996086064306464	0.6401397272995786	0.46820384687327354	0.6369657459759257	0.4694242564364861	0.6305467430842249	0.4673874535476974	0.616743915457384
0.4666220260538467	0.6341829496186417	0.46505684280418885	0.634507322735601	0.46018294554552464	0.6346141165963163	0.4614243775559019	0.6313109894172613	0.4595116172848353	0.6161944484932848
0.47136017227213367	0.6419538810693237	0.4683027931116942	0.6412012333235472	0.4601972328078537	0.6377616849311158	0.4706241672093726	0.6403415655929356	0.466922393521499	0.6437435781960207
0.4651529181471707	0.6383070510818143	0.4594802579447149	0.6385069816835905	0.4668711815932359	0.6386452599259788	0.4717020020596486	0.6388467035608515	0.46390099890352143	0.6350709966510415
0.4656157474702058	0.6364089598835945	0.4702168560628912	0.636066387189091	0.46795609996304843	0.6350240929695166	0.4614250485233655	0.6305795757188549	0.4595102032333315	0.6167037580774326
0.47146279325598717	0.6406725220375402	0.4594852560344001	0.6409912291364317	0.4760605461222158	0.6416697826689558	0.46144361536646855	0.6412201208127785	0.46681173571246104	0.6361800468650746
0.4670623474561595	0.6412815305232203	0.47558665157889324	0.6416398421014323	0.4715671962513386	0.6421049540712158	0.4693462072847	0.6425739157993665	0.45953681228370297	0.6406121307267197
0.4600454515770991	0.639628597078824	0.467428624867501	0.639927434774311	0.46019441144192214	0.6355291912211977	0.4689463023790991	0.6299187155607034	0.4654885880757762	0.6203185599340302
0.4600454515770991	0.6353001991731207	0.4594739508190874	0.6354425276771842	0.46018492471214933	0.6357966600937277	0.46728027674846084	0.632606756329121	0.47311630661862675	0.6171626876050164
0.4600454515770991	0.6340945659139438	0.4726539449347601	0.6304892953425422	0.46017450561713563	0.6257569271231812	0.4677526906571732	0.6238472767475612	0.46670580415088553	0.6232672073687882
0.4677972955520145	0.6310857600270652	0.4594649996668933	0.6323379094479724	0.4601784025869373	0.6347347665677229	0.4696106729946288	0.6334977631866807	0.45951387872882726	0.6268241249357916
0.46835350858756336	0.6405177321080042	0.45948490016156	0.6369545315239685	0.4601882064679324	0.6326270060510559	0.471705824792905	0.6334796489848749	0.46518424375580364	0.6366985276853648
0.4600454515770991	0.6196114970485889	0.4594405542512063	0.6178838427149943	0.46798128919304316	0.6183867140491358	0.4613913074361045	0.6195786404642382	0.4594858961026058	0.6168541836036063
0.4704970831384845	0.6353327646717352	0.4594739991605555	0.6354763454449017	0.46018503096073554	0.635698078329844	0.46931758984756006	0.6336129550078425	0.4648378190601612	0.6243335871650395
0.46881202661054744	0.6321813957076727	0.46964339742056843	0.6276486269608749	0.4680103002284049	0.6275029175255831	0.46914587575723754	0.6295045897173265	0.4694129920881991	0.6289736428727882
0.4600454515770991	0.6354524205269685	0.45947851205266615	0.6356099216393604	0.4601852880443253	0.6359724004108552	0.47455082938451715	0.6322598560495247	0.4595059025356951	0.6165087538086853
0.4712349296048403	0.6389805474004584	0.4675421436556902	0.6395893055897198	0.4679835352524293	0.6398841492324632	0.471778689087899	0.6396716444431928	0.45952997066054585	0.6270451473816937
0.4600454515770991	0.641542865894838	0.45948707415069795	0.6419090850040478	0.4698233002167737	0.6423361597084662	0.4614450110601561	0.6428060297590142	0.4595332290388516	0.6434055195496559
0.4676426495035047	0.6348792341443297	0.4594730279972459	0.6350489750049716	0.4601841244626712	0.6347071149862048	0.4614290450236298	0.6334207686221004	0.4650623157453689	0.6235460877438465
0.4600454515770991	0.6373794893035751	0.45947833677615724	0.6370492612482375	0.46510103711392103	0.6371291242285081	0.47483194739135876	0.6339193799111478	0.47181722030074824	0.623170022250882
0.4711074598943677	0.6350775037202011	0.4594734726546335	0.6352143720713551	0.46955983086712866	0.6355069197532823	0.47296356808734785	0.6333567580766948	0.4595173888981893	0.6206130575782426
0.47061944124714944	0.6352345133256879	0.45947381728102443	0.6352347101893145	0.46018451186918735	0.6357340877542734	0.4614312087786391	0.6336132170484501	0.46985427320123974	0.6201036622645189
0.4656917852699535	0.632234426559953	0.459467406923818	0.6285749659184323	0.4678543733926842	0.6258400806498222	0.461410460269974	0.6268532483528291	0.4595032219457139	0.6258456637288481
0.4600454515770991	0.6380170883711478	0.4594795185799984	0.6348587106987424	0.47477631884872173	0.6305256871895475	0.46141599543801676	0.6245233222235566	0.4715857881164481	0.617665019140991
0.46957299552989135	0.636075744466965	0.46809131743416926	0.637360764097089	0.460189055662845	0.6379352901651275	0.4614357936196056	0.6380366627888991	0.46522998650376035	0.6313885368177331
0.4600454515770991	0.6344533826798775	0.4687198198733887	0.6344740335430747	0.46919452103348175	0.6342619149250911	0.46142290405777087	0.6321806229679457	0.4595141413678015	0.6197810674868639
0.4704144196600807	0.6424403108781939	0.459488883892926	0.6390922454915101	0.4707072391971712	0.6345703776826169	0.4657690308896529	0.6294946854605995	0.47319501502425865	0.6232955216845317
0.4666493060353936	0.6372923565578162	0.45947815266409253	0.6375290598237296	0.4700627969659686	0.6376285183899271	0.46143015373288643	0.6373493418095648	0.459525112589811	0.6251322431553878
0.4600454515770991	0.6405970816244905	0.46817757481829325	0.6388225642821013	0.4601973962511466	0.6360136702528512	0.4671413900649091	0.627886826942831	0.46786711142222764	0.6166930742860669
0.4600454515770991	0.6404543451100069	0.4594847950414639	0.6409065715036073	0.46019658048543954	0.641192805740048	0.4614426163606786	0.6413751390115927	0.4595301719232015	0.6357264989479243
