0.5995413021476557	0.5622581540188083	0.6047578182015548	0.5136489777678869	0.5978029064262244	0.5155648944193889	0.6023658385302444	0.5163111350504631	0.5946317007514899	0.5183367232610594
0.6075621365240227	0.5862573444836225	0.6098285817157287	0.539835309148255	0.6084558860829006	0.5446753780197998	0.6234922742789081	0.5529087661764818	0.5984429187558643	0.559455684401607
0.6075317427298108	0.5898710946300618	0.5984468969441621	0.559342441237196	0.6129490421033351	0.5592045607344055	0.6148097636027963	0.5605979197159571	0.611620210261494	0.5617724132052005
0.6105706161898081	0.5727804763299217	0.6026111513858579	0.5523653465227206	0.6075182272759433	0.5507647002021183	0.6034803520098939	0.5485332367271732	0.605996534429228	0.5517281559510031
0.6008916211417247	0.5966104992764493	0.6222497809553073	0.5570565278371369	0.6115537352018443	0.5625807221359428	0.6007139238234986	0.5709827898837522	0.6151128129372927	0.5755215585052583
0.4601266487586516	0.5907501410748406	0.46824172040884265	0.5324014787351139	0.4714209026007543	0.5358606388091991	0.47234103712494635	0.5438827555036869	0.4608665872417769	0.5446732116353251
0.4601266487586516	0.5845882292423212	0.47255678862636685	0.5650377244867254	0.4614163293876888	0.5677933108525681	0.4751613527162328	0.5718776891454475	0.46092524758608194	0.5760140549730044
0.4601266487586516	0.585670868653764	0.4689388520165833	0.5588846903973127	0.47168680654512823	0.5607410314686101	0.46139128305419175	0.563553327363861	0.471905197669006	0.5679277664985248
0.47384202547881193	0.5822447213982483	0.4604516128369017	0.5727241175753386	0.4614324658807154	0.5737783712304757	0.46887441283781145	0.5750308878806493	0.47145606992625205	0.5764546591883355
0.46699794672640244	0.5865826565472196	0.4690718885015594	0.5540030598359019	0.46139313042917196	0.5539247466698625	0.4711555805452855	0.5565236637716316	0.4731899301283874	0.5586229037164675
0.4601266487586516	0.5751398367159338	0.46043652546762676	0.5163068236674097	0.4613138620171349	0.5188106027250053	0.461303332214483	0.527665733858872	0.46082701489797684	0.5367612880193142
0.4601266487586516	0.5673894063196445	0.4604199781206265	0.529774879411942	0.46749370111497407	0.5298732308858831	0.4613264861496464	0.5297557958342212	0.46083689140737677	0.5309378533126713
0.4601266487586516	0.5448219421461648	0.4603720409495337	0.4978439556702694	0.4612750536296247	0.49887778742905986	0.46858295567334834	0.5017145030780737	0.46077903486025024	0.5034288643096149
0.4701230344112052	0.5613544384293156	0.4604071410342665	0.5317694926244512	0.46628705420335903	0.5311257632136841	0.4676227581204291	0.5298870472607146	0.4740170863772288	0.5303603953040635
0.4601266487586516	0.5896567204710463	0.46564318850989056	0.5180872552026613	0.4613182828336223	0.5211265337525474	0.47288873397179426	0.5259271082851509	0.4691337350334353	0.5302575629657691
0.4668813296889305	0.597067852709115	0.4723471732776488	0.5189331509750665	0.47016140669180545	0.5248067454139066	0.4613273963734764	0.535858513546286	0.46084198870965	0.5456883674163291
0.46930211157367185	0.5610447406398844	0.4604064708336634	0.5200309461934894	0.47314274146098473	0.5199606347111644	0.4613056819613675	0.516776203493578	0.4608039705434077	0.5168791064531083
0.4601266487586516	0.5431325366024347	0.4672164943318945	0.49783537384233034	0.4666392790403812	0.501015482539792	0.46126601180693627	0.5053842529984861	0.46700946198092286	0.5102558445724883
0.472588058645519	0.5559270270083152	0.4603956192525124	0.5575372573097481	0.4684506083965833	0.5575549329688823	0.4613845768863394	0.5547561264917472	0.46088419268528413	0.5512967615108534
0.4601266487586516	0.5869055536831834	0.4693682801789891	0.5183133776966463	0.46131803726115583	0.5191052757354994	0.461303900799526	0.5200176076972084	0.4708820756907045	0.5251710508834645
0.46632041401851204	0.5707961310012861	0.46042721297015465	0.5481235926620306	0.47266177626683653	0.5480399097860871	0.4725635423677291	0.5439814135074907	0.4690421226987218	0.5438355122328331
0.4601266487586516	0.5808354796759859	0.4664617028658571	0.5565830650007816	0.46139855456664103	0.5581247751203732	0.4613842012327824	0.5608329178936247	0.47689501312388716	0.5630802367545528
0.4601266487586516	0.5612094539633241	0.47142503887186654	0.5457885552511258	0.4613758384463774	0.54521298917488	0.4613694257543347	0.5427959079243507	0.4608570217726043	0.5403863105840169
0.4601266487586516	0.555076528092736	0.4649575123485497	0.555911292680535	0.47622241194386605	0.5570517071536877	0.4613835212458622	0.5587405815378421	0.47261790424921557	0.5581488633480547
0.4673625874099435	0.5899866243859297	0.4604680725453087	0.5528812843630712	0.4765629952881831	0.5562460161476009	0.46138167649184814	0.5591031962731781	0.46089453131034275	0.561625901744163
0.4676441862979026	0.5533201783636804	0.4603900740492714	0.5454398810234123	0.47195127989928726	0.5459600664761629	0.46973803069151593	0.5443617845916565	0.4737982585944723	0.542846255446219
0.46949818266212273	0.5716646538926389	0.46042909763461365	0.5610381840553446	0.4614079208832916	0.5634716071913173	0.4751974270917603	0.5683142628348334	0.4609118086106281	0.5722939907503374
0.4680033773378562	0.5989206614971351	0.46048707696815566	0.5658468913951045	0.46141803055182407	0.566865052597738	0.4702236678132004	0.5683783624235929	0.47284918460472974	0.5689575669864834
0.4601266487586516	0.5621574932345716	0.47171612090978565	0.5619775144792938	0.46140987305968295	0.563131043182655	0.4706003664897272	0.5645112222487247	0.4678640326333228	0.5660150707962226
0.4647283998662388	0.5617775851972239	0.46040811134932536	0.5164809097078696	0.4692049941997059	0.5178168177430913	0.468476400466284	0.5199166726852945	0.4660923274329506	0.522214056138266
0.4601266487586516	0.5829688685783987	0.46045311722996346	0.5373364454751205	0.46730018727494727	0.5395632402523418	0.46668505794428006	0.5407931476854554	0.46085351711850586	0.543535127343716
0.4601266487586516	0.5875593770746139	0.47434906543053906	0.5696246822656146	0.4614259626372149	0.5721387424116833	0.47180683187047584	0.5764067246314539	0.4609258242223631	0.5798920471156513
0.4688179730234719	0.6027759181336685	0.46614856600062415	0.5253147498268045	0.47039114031355245	0.5295253858236371	0.479674077339753	0.5373645807555343	0.46084847515552435	0.5440728939656515
0.4601266487586516	0.5708702315334866	0.47805325365861545	0.5619720365847457	0.47237482187273355	0.5635029379294023	0.4727560977247521	0.5660725779085578	0.4609121480060248	0.5678596989470894
0.4601266487586516	0.5948797817276957	0.46657845148657073	0.5487547087033984	0.46138206255075787	0.5547804915791615	0.47293272194539115	0.5642792854490993	0.4609045252868116	0.5721774108200055
0.4660250645211287	0.5908600716425818	0.4604699185008567	0.5715361932300741	0.4715531276273595	0.5719590530698632	0.4614148044748111	0.5734528296126734	0.460923360226746	0.5741643834169554
0.4601266487586516	0.5712098233649155	0.46042811845759574	0.5546211163559767	0.46139441864257347	0.5562505079848096	0.46138185171397017	0.5591625005235292	0.47245773071840935	0.5613994381411804
0.4679129397775542	0.5859573390926323	0.4648903338041602	0.5384637077033436	0.4613584156630621	0.5444973156747305	0.4613666887374011	0.5556816924325073	0.4677715109140561	0.5648147968686805
0.4685771057835051	0.593845863066198	0.46867609222722717	0.5489390407069586	0.47070794170248975	0.5543813262118689	0.4684061610987179	0.5641362303575786	0.46803314690549597	0.5708342389673718
0.4601266487586516	0.5665011203577639	0.46913439178071675	0.5588672975528248	0.4614033456160168	0.5603155959536084	0.4613948815991115	0.5595408505175282	0.4741352593098184	0.5569462496468618
0.47434392387385993	0.5738516515132868	0.46043375944403236	0.5615982819021295	0.46893843933293594	0.5622194617851112	0.46937933803144843	0.5631406074137187	0.46090684710893903	0.5641218506264672
0.4601266487586516	0.5663097808101379	0.4604177050484146	0.5461488957814511	0.4613765960043788	0.5455382485073643	0.46136844758270446	0.5427283229063169	0.46085625007991843	0.5422169426636083
0.4601266487586516	0.5688569648746832	0.473411509153974	0.5296717865673652	0.46134191269087876	0.5299498112301005	0.4686160639844056	0.5284675447317915	0.46082865815202234	0.5288323934969602
0.4725519153627385	0.6053287395586712	0.46049878617000384	0.5732730046431499	0.4614336429118809	0.5727000123664129	0.47828407669413747	0.5752490606354911	0.46093814669816185	0.5748079823014173
0.4703632036834918	0.5988508930098863	0.4604869407649375	0.5657220862548628	0.46141773628572297	0.5716832943947289	0.47061007353588896	0.5797809783605652	0.4723770461411243	0.5814323178263905
0.47119107111263375	0.5681845509796334	0.46975521469014553	0.5464616263383429	0.472703427177625	0.545730055684987	0.46905584449714666	0.5436057560874431	0.46086541242149004	0.5420244248981753
0.4696357646685222	0.5912327656082336	0.46047072334020234	0.575695516623618	0.47215221994841094	0.5788779373996111	0.4739433482878369	0.5823195316265102	0.4609397089650942	0.5850861532378666
0.4601266487586516	0.5812324590912155	0.47186077968736007	0.5534301749519501	0.4785319077988251	0.5550444376318424	0.4722675280021173	0.5580225829961121	0.4685025448512489	0.5603100630007553
0.4601266487586516	0.570880585366684	0.460427418096205	0.5588804101352556	0.46140337318327984	0.5603865040798353	0.4772835377993224	0.5630718539487755	0.47352955106797034	0.5653562520322011
0.4601266487586516	0.5665737203201654	0.46429705543644884	0.521195781902806	0.4706025054158032	0.5234382736007992	0.4613129874776469	0.5234497594143939	0.4608246401976639	0.5258960136846266
0.4601266487586516	0.5631529668531609	0.4710344924705587	0.5602549970350635	0.46140626304742055	0.5619589022250168	0.4719082320064323	0.5645523669132868	0.46731688757937007	0.5667585154973603
0.4601266487586516	0.5680245741901219	0.46949193921062726	0.5138012189783204	0.4613085726901069	0.5138198049905865	0.4701596203388514	0.5143631747012114	0.47044448036806646	0.5152039575967449
0.4601266487586516	0.5871502287570481	0.4604619993679887	0.5178718411322323	0.461317129944714	0.5193925091645001	0.46836421891191976	0.5203970342267553	0.4659201697161624	0.5222954855504784
0.4601266487586516	0.5923788927809313	0.46047316138172223	0.5576270634725083	0.4709213328131401	0.5622393431024408	0.4614025752506462	0.5649354431694149	0.46090244560680615	0.5687777698319871
0.46960379446954487	0.5906788141287436	0.46046956918154297	0.5417840012511167	0.4677815618952623	0.5475256890703155	0.4738366224764334	0.5570751573224599	0.4608851784078456	0.565646089040138
0.4601266487586516	0.5833348805238618	0.4604539228798107	0.5528008292942097	0.46964385569097183	0.5542306918791329	0.4701650872676207	0.5571682058319307	0.46088929765987124	0.5595417759158686
0.4601266487586516	0.581747083047256	0.46045047082486995	0.500198560538559	0.46127995721338283	0.5006266860796071	0.461265140038441	0.5010239987690376	0.4607707130279585	0.5015765700691637
0.4722871770508448	0.5837345360728383	0.4604547730342929	0.5564911277230051	0.4613983612801277	0.5580770528348633	0.4613856945985221	0.5608135665642175	0.46885253957349016	0.5630008539856737
0.4712486600230227	0.5716067698093104	0.47063362944473075	0.5663319851664879	0.4614190389863153	0.569566980087919	0.469519470995242	0.5700360355397461	0.4728519802387622	0.5700248302747893
0.4601266487586516	0.5939296784382244	0.46047648454801576	0.5405131286171895	0.4674515405296535	0.5473851703696142	0.4613745717881736	0.5576906893540082	0.4608864366659047	0.566576051517174
0.4601266487586516	0.5741142846129398	0.46899700733871763	0.5629741076819169	0.4755800049652447	0.5617025237454024	0.46140380156032734	0.5578777006925013	0.46717397802211086	0.5550033765661421
0.4601266487586516	0.5645422533425987	0.4696816507378672	0.5275746286583978	0.4613375145544314	0.5264064177898368	0.47335408397243933	0.526072898755906	0.47328158361065664	0.5276801756999718
0.46715050938322866	0.5947380433615054	0.46047817975634303	0.552080601610175	0.47120903105871775	0.5551546530462647	0.46138406496027573	0.5569029778204855	0.4693255749444723	0.5578523275055335
0.46829683498643426	0.571501777493289	0.46042876086775225	0.562560664400055	0.47240137510773217	0.5632508500070417	0.4738602553962141	0.5646783410904693	0.4609095415241064	0.565274108805871
0.4601266487586516	0.587507121069042	0.46644038465533727	0.5071003773128381	0.46875801393101696	0.5073965620910553	0.4612922411241761	0.5099368974722914	0.4726787825768543	0.5130035520732631
0.4694497675644055	0.5622264575994831	0.47137313477327003	0.5611589284956651	0.4685954033899836	0.5629288807615523	0.46654900590894505	0.5652406466800189	0.4686210110487224	0.5649715820935066
0.4684867161054114	0.5673115683707985	0.46661713380615927	0.554569161686701	0.47038216552070317	0.5563238554791353	0.46818657313135575	0.5592318413800617	0.4788756361426377	0.5614033213964756
0.469687303019065	0.5786343355668954	0.4699986550029278	0.5631274486433057	0.46141229059837674	0.5602800549162021	0.47117704955374046	0.5570897695211283	0.4608878802972778	0.5557570609503921
0.4601266487586516	0.5595586920564467	0.46040330985745725	0.5167028010523617	0.46131465901017504	0.517077508932226	0.4700936445325883	0.5176740978510861	0.4608110977159519	0.5192128728641962
0.4601266487586516	0.5793841799059625	0.46945102092154906	0.5255423180745722	0.46133324207707255	0.5277533749329985	0.47036389136722334	0.5303614023697655	0.4608335367863902	0.5330549655153646
0.4601266487586516	0.5940087433363138	0.469938715449077	0.5468378443088198	0.4678851808713102	0.5526145430847034	0.47371410940394604	0.563849904991301	0.4652819640257395	0.5710811159571368
0.47005423307100147	0.5881143622890612	0.47048800962285325	0.551938127154464	0.46138877775231246	0.5551336155035355	0.46138406884438854	0.5580428035041033	0.4608899101649063	0.5603879283590772
0.4739035627831026	0.5619768405606077	0.47086682661992235	0.5485789727472669	0.4613816715411693	0.5473713245099477	0.4748639824065254	0.5440713698176004	0.46899673326388625	0.5425410637160369
0.46662148059759695	0.5588385519975383	0.4604018125472379	0.5567235091338045	0.46897898273314703	0.5593207373698149	0.47017631565504414	0.5620498085930492	0.467608970010459	0.562812441914268
0.46949740287569636	0.5917685468549931	0.467002740208206	0.5500270751157065	0.4724993617520119	0.5552956467572332	0.46138326284703834	0.5623855517966341	0.4608994697783785	0.5665619649803011
0.4688314715742716	0.565516936409307	0.4604160300716012	0.5604505615505992	0.4685997551602947	0.5615971949060388	0.46139306781072076	0.5630640153356296	0.4652106370036509	0.5642823334968166
0.47250121711379955	0.5859121765437272	0.46980884161970277	0.5740657100789595	0.4727591417164465	0.5749562456902175	0.47059241153622505	0.5762147814419696	0.4609342853455673	0.5775907670524203
0.4601266487586516	0.5705343831148818	0.4724092461440196	0.5227331410197069	0.4613273840638656	0.5244526809333039	0.4669052679171912	0.5266605484713324	0.4725967285796721	0.5312570149256016
0.4601266487586516	0.5875156745791587	0.46046281632385727	0.5481699565901239	0.46138085537577106	0.551724287773446	0.4684629911044463	0.555284313026711	0.4715174835797728	0.5576409673539112
0.4601266487586516	0.5662420683943531	0.47027155747728777	0.533559852979782	0.4613501188097793	0.5328215303181608	0.47114155546591585	0.5306752251945676	0.46896558848914377	0.530546854803903
0.4665656815332258	0.562983870711049	0.4604106417876363	0.5590928902354937	0.4614038198911405	0.5587397041338387	0.4722201029202928	0.5565889517677451	0.4608842645550926	0.5537182054141655
0.4655278671205926	0.5544935854331056	0.46039255878038443	0.5417104000484511	0.46136725386585914	0.5413285443090089	0.47317443041265966	0.5378393770242857	0.47106397404096856	0.535073340805216
0.4601266487586516	0.5751888179561024	0.4604365190265438	0.5236935938452739	0.47095418080718476	0.5270286219853488	0.46132831782005995	0.5309106547727328	0.46083257347416234	0.5349452309398406
0.46528621009555077	0.5666696306893603	0.46041846045946433	0.558770265971253	0.4614031416215117	0.5603062100476041	0.47399593406526236	0.5628813477975942	0.47132209206220865	0.5651644534652148
0.4680985557132961	0.568736311080281	0.47078622602051495	0.5575609619317471	0.47291416178595336	0.5569284772064194	0.46649897922853806	0.555007582328178	0.46483151590464605	0.5550903152161251
0.4601266487586516	0.588384410834696	0.46046259998770134	0.5411355031915821	0.4613660431971845	0.5460879335859661	0.4701861024752364	0.5543744276280302	0.46088047633525847	0.5577973251821834
0.4692401454801457	0.592795084870862	0.46699052413962966	0.5549923515046055	0.4724771487555167	0.5550131643554389	0.4707228570209355	0.5571194020404494	0.460891601656474	0.5577090452160846
0.4601266487586516	0.5651743257861482	0.4604152897575211	0.5626994517928005	0.4713050634219769	0.5637531783598911	0.4613975792188276	0.5652637582869785	0.4609063706630999	0.566148867393951
0.46591182006647763	0.5715359560764129	0.46042883357138886	0.5613423875919094	0.4614085491227804	0.5629980507074474	0.46139600647364204	0.5654949608383996	0.46656985367153725	0.5675873544024217
0.4601266487586516	0.579440718232718	0.4604456391313505	0.5624571143580438	0.47229295791535614	0.5655897459942604	0.47046911265678676	0.5687866633406614	0.46914187116399275	0.5724625254689323
0.47361147580921875	0.5788485822223215	0.46044437952400435	0.5554927038510143	0.47389144395728816	0.5571183582599557	0.47074712132772184	0.5598140403150135	0.4609001158643387	0.5621341224565567
0.47011422075039294	0.5813572774581881	0.46044971608229923	0.55451865644268	0.46139421440679074	0.5561421184226052	0.461381635517466	0.5589860755456315	0.46688708604617735	0.5611837993171481
0.4690823338787155	0.5650291202199261	0.4604149808824051	0.5433768696027397	0.4749417720323113	0.5420684611074621	0.4613520901199843	0.5395796660642393	0.46085714718709564	0.5383064038171147
0.4601266487586516	0.5802882804723881	0.46044736793584434	0.5091932573209099	0.46893833928072504	0.5120159536844827	0.4612963405492413	0.5167293609393728	0.4676857770832438	0.5211996256143112
0.4673859306504874	0.5695134030380623	0.46900717352805404	0.5594863978242024	0.4614046471823106	0.5611052316469581	0.4613920245088322	0.5619853547520351	0.47051020052407444	0.5620124143260325
0.4601266487586516	0.5809127912812565	0.46867481901487923	0.5570675974740289	0.4685243136646793	0.55864257788838	0.46138544874394544	0.5613226642513458	0.46090055093362525	0.5636477486514218
0.46478389433390244	0.5840919698130114	0.4604554823536442	0.5223017581807116	0.46981215066941723	0.5216846211417255	0.4658543521502436	0.5223441900943464	0.47289146440240043	0.5226508265403006
0.46885215907228267	0.5810872102446943	0.460449141589235	0.5537980807154322	0.4664994175543621	0.5553970150350125	0.4613784679700606	0.5583499605255242	0.460894573217462	0.5606496054303698
0.4601266487586516	0.5912847760095824	0.4691153067549452	0.5401062370525711	0.4613624933442165	0.5454011331444253	0.47424629084247727	0.5537196016865699	0.4720444602762614	0.5611050292729695
0.4601266487586516	0.5683435410416148	0.4604220427563461	0.5628513588688232	0.46141172150632	0.5628617296470059	0.46139572050450167	0.5654624154990358	0.4609068016136671	0.564907906215962
