0.6579467943742106	0.515977817452661	0.6537097685685492	0.5097567355359567	0.6474451630628952	0.505521896793891	0.6631943869889516	0.5029475504319681	0.6564009504858458	0.5026762375816441
0.660306036386348	0.49607357188632073	0.660027782425415	0.49077633886708527	0.657593309596594	0.4876143660554918	0.6669004737968477	0.4868820981233512	0.6563805927690883	0.4864978789012347
0.6580820902359069	0.5625343037052151	0.654676773290129	0.5636241129093752	0.6591594868116547	0.5603226153922981	0.6647252717561194	0.5574856560408451	0.655933813633921	0.5571081410809118
0.6577562826380358	0.5602150755005568	0.6519827941030352	0.5562208079472348	0.6618675679872448	0.5511933083097802	0.6591176486925566	0.5490051842119094	0.6584675403720038	0.5480512542729512
0.6580604280452377	0.5677751406996137	0.6580416016101043	0.570760948009384	0.6585508052988043	0.5690343148673122	0.6659536392277119	0.568274522481506	0.6569788931505574	0.5678328646485719
0.4895751045281986	0.5181152587439875	0.48581414673097434	0.5149852220253954	0.4892074935391627	0.5107965787937003	0.48357846480392325	0.5113483710195245	0.46468865900461587	0.5104639218013299
0.5008977316569225	0.5244674565687557	0.4845570336707667	0.5238415899669965	0.49482935167377706	0.5229494888329259	0.5006193867889954	0.5242614431600446	0.47703028095937805	0.5213957348743308
0.48681050334792225	0.4997979685259325	0.47684865530010484	0.4996616630296805	0.46969169390399346	0.5020066411442465	0.48759420608598697	0.5041890370568253	0.4975151170891523	0.5053527188389239
0.4835679101083895	0.5470365981971351	0.46302047020800347	0.5449393927901196	0.47097174018796284	0.5429396787993952	0.4714344234072755	0.5414997237229423	0.46129887909457123	0.5414441605132083
0.47837887823712544	0.5699165891375156	0.49777315799732386	0.5681603751026516	0.4680083553010878	0.566842107874749	0.4955519136135985	0.5662105001237668	0.47254404817812834	0.5657340667103591
0.4596468655763082	0.5687963668151034	0.48683944042480665	0.5663987004275001	0.46917706131359405	0.564377906202262	0.48940988490615167	0.5645077344626797	0.49774457751078716	0.5636624901775658
0.46301538222760474	0.5404722448769831	0.47953721675084987	0.5406977026139534	0.4747052218723736	0.5424484293118965	0.4689876279292862	0.5425320956552887	0.4912883561457397	0.5411978261716865
0.4784159888224019	0.542462161750387	0.47959231405152697	0.5389692829011544	0.47682160811011126	0.5369273693826997	0.4605887562148709	0.5359748316749096	0.4690094505000092	0.5358699144878728
0.4955619678975397	0.5180271897014297	0.4859558528366723	0.5152001377835308	0.49434402511796793	0.5129238227324542	0.4732674006044282	0.511871133971656	0.5042224120427804	0.5119227047774974
0.48396721786581554	0.49793065256936575	0.4629192541797864	0.493832257397507	0.49831073867289166	0.491619351220034	0.48388867251174933	0.4904863080580162	0.4728414518944317	0.4896177158011522
0.47711513156057705	0.5608414933667094	0.48695271765902853	0.5578593843439474	0.45948843043723997	0.5550305938068859	0.4792798067837491	0.5541365286424993	0.48050394854231754	0.554022679567833
0.4904936527920996	0.49085451408120834	0.4800477660417934	0.4915993147760981	0.4798358504604886	0.4932169974657424	0.49565833843014123	0.49375417828187973	0.48740926808760443	0.49406356338074164
0.4674937190882752	0.5698532186376309	0.4730167517241251	0.5694520898875781	0.467252592585459	0.5681573422602615	0.47514242175928784	0.5676247353866142	0.4775030082360254	0.5677471556214229
0.500683271962506	0.5498200112025063	0.4969255764790228	0.5500361612640751	0.48157783490858824	0.5501724789848648	0.4736776087547129	0.5495019880740439	0.4859768537555929	0.5486764158886414
0.4783901923116819	0.5229715112293537	0.48411548606491095	0.5192823264099815	0.48474510044567387	0.5170138592059301	0.49678672502055204	0.5161281917919437	0.4836902858783015	0.5157310657557739
0.4849893464373222	0.5083170948631299	0.49519307635972404	0.5030724028666467	0.48776489727703537	0.4982410070280469	0.48868735607429326	0.4968913207516561	0.4682639657178657	0.4963015038442956
0.4997652630020641	0.5525885822831217	0.4630314216712573	0.5546629116683686	0.4804548753516313	0.5568794878555607	0.4868966494398959	0.557120485195489	0.46782868358392543	0.5572132635467749
0.4961166585730901	0.5372649343340126	0.49801882894740906	0.5362985290583007	0.47621771449519124	0.5361300392546928	0.4908738793663092	0.5357427247777475	0.4854963721020766	0.5348371359349482
0.48819219212244536	0.5268852718889311	0.4755667505565251	0.5210470548757031	0.4965882461974399	0.5162345289536481	0.4962049734526701	0.5144934528260715	0.4612454203064981	0.5143855571898062
0.4985665614595231	0.5456491930569927	0.4781165203888123	0.5453611298062908	0.47906472131927663	0.54526455771967	0.490137239468832	0.5449418072356306	0.48235127280833645	0.5444805335187634
0.4998355438592111	0.5098198684927234	0.4967619966928488	0.5054763366169784	0.4847792335380653	0.5031308062064425	0.5047820285479153	0.5026546378336004	0.5008176967041464	0.5022045735832116
0.4904154774924059	0.49987065937880226	0.46805697478314007	0.5025651783336654	0.46440009995849807	0.5061256501025612	0.4605268554800023	0.5084760401401164	0.4822825782113879	0.508608712950823
0.49413265137222945	0.522450132876547	0.4934310478277826	0.518784946380851	0.4672304238637056	0.5160562199576398	0.47799218940705107	0.514701099387919	0.48793629492310275	0.514726933792462
0.47114766084333803	0.5408567290547925	0.4630093968664703	0.5329965068518814	0.47012321767108595	0.5291942690821742	0.4902518030875982	0.5263000464453436	0.4872542504094042	0.5256114440775644
0.4868179595696396	0.4984515866069429	0.4975403359061707	0.4971569678057044	0.48134611737316724	0.498469534433243	0.4705442903700218	0.4988600150146347	0.47129254412941296	0.49708697069443825
0.4939227095913934	0.5548036603242289	0.48887149939366836	0.5517794643866885	0.48123322055863765	0.5468711939863196	0.49243296182065976	0.547476999784146	0.4781599384088177	0.5479264655819731
0.4942815325610916	0.5281702104129794	0.4734375804555468	0.5270892842567405	0.466382175491332	0.5284057892648921	0.4919268472649719	0.5282778546448194	0.49204536421793266	0.527336349021966
0.4747444594665021	0.5088783398651617	0.4689588699180901	0.5039066389825686	0.48084646809981174	0.5006191900232747	0.49334553655247027	0.4999199627974489	0.4961483213591238	0.4994108767209066
0.4866873556687201	0.5031954929838743	0.46687909381955994	0.4996426507880045	0.4899683302132239	0.49788261009229773	0.49174794457605353	0.4972557643663928	0.4612080381982075	0.4965353208536626
0.4654961722445686	0.5350410338193118	0.49184828629699373	0.5314041569507991	0.4922444170836131	0.5292498568991898	0.49586716392923713	0.5281763971767804	0.4988196045165847	0.5278176118935309
0.4935436640967039	0.5610167578803656	0.4887092321870652	0.5556866006339057	0.4922054129584393	0.5504817450669703	0.4757463687920292	0.5484097276987083	0.4897319313399945	0.5481939256671164
0.4665468664157475	0.5273386473269323	0.49058226523120985	0.5217222806332501	0.4719951025817184	0.5180889730906358	0.4921980623685317	0.5164053478073435	0.4795624432288816	0.5160046655143655
0.46706129200228413	0.5279507503266488	0.4722168668117512	0.5257684436898021	0.49005089440519634	0.5232878146006067	0.4833386845007313	0.5222321010331343	0.4888909452978469	0.5213313150409441
0.4679558557469558	0.5211378397259155	0.4629670174312365	0.5173776281464165	0.48379758511101484	0.517501877133876	0.4804829694064856	0.5168946882089502	0.4681331977484857	0.5166250017705668
0.4790006406703666	0.5696291632283059	0.480971582605841	0.5669067627132289	0.4886495363480468	0.5651953173831935	0.48165084563539184	0.5645823794394313	0.4933518106866625	0.5642980950790609
0.5002300748599559	0.5594509936526998	0.4630470416140011	0.5585554437760718	0.4933697909269025	0.5574243955446418	0.49540786119933944	0.5566537474206086	0.49130451409394515	0.5558859282649389
0.491840522029922	0.5039467788214107	0.4629315024858276	0.5007077556358737	0.4838023458177793	0.49859433695970345	0.48503036672056404	0.49797509861335276	0.4755172555488095	0.4973995060237854
0.4773653127190329	0.555651410418503	0.47407982350261896	0.5535886992676864	0.49092182130151	0.5527614644536701	0.47179822184035825	0.5526216224272669	0.4613262147470271	0.5521736325287172
0.4974344409737895	0.5219333119210724	0.49138955540391904	0.51904780746217	0.47438220993725255	0.51636917155714	0.46712582356647836	0.5158571518508639	0.4885824136446012	0.5157112920164851
0.48091832657592976	0.5637048779011485	0.4861427437997402	0.5645161845659075	0.46744900606417805	0.5634717575585256	0.4606476911542683	0.5638516000244066	0.4645149458366348	0.5633609917800991
0.48347094485709036	0.5499383055843645	0.47587440295266137	0.5573854816831685	0.4917086871569779	0.5648265728807306	0.49088856296683947	0.5653504025648673	0.48508261793186064	0.5643601081619
0.46936069513781303	0.5249942109665466	0.4809521674197066	0.519411009557423	0.49568568235612215	0.5148311029987119	0.500219181720868	0.5114478153157488	0.4661636207251004	0.5114020979641531
0.49716930912834206	0.5048877945193656	0.49038010544348	0.4997168366976511	0.4989973945941603	0.4966216062757451	0.5086457700329458	0.4947002519029589	0.4897453490599674	0.4944802043862822
0.47379948560286367	0.5067774886581039	0.4870267440313906	0.5030067478673443	0.49656993563357366	0.5013785945988357	0.4761408827153123	0.501544168854111	0.49155222031149215	0.5007486641225206
0.4785013956288868	0.5344749356171241	0.4887016894756587	0.5278675793420604	0.46854237758763045	0.5225753167499749	0.47267356413366923	0.5213333656758051	0.4804739303588839	0.520194705218607
0.4723345633868831	0.5483146504436801	0.4879846208808027	0.5464378003972139	0.4744150752417807	0.5471204428058845	0.4857767795098119	0.5463333233090583	0.4877804270076129	0.5460220222271173
0.4735465079223365	0.5352256889873148	0.4728731380258553	0.5378119790441289	0.467431979287806	0.5398795374813407	0.4687043834015542	0.5408739452404221	0.49682696160314	0.5410097155890948
0.4823866515890879	0.5831719066976563	0.4944234991248709	0.583089996373748	0.49132419607810784	0.5827531666770346	0.4949816424782356	0.5829046006772117	0.503844817275957	0.5820857496115671
0.5037562442181603	0.5143996296599432	0.4984690946797251	0.5118238019286294	0.4806815711411449	0.5113606405237494	0.476150335422503	0.5115042384611178	0.4887615911301515	0.5109602280750626
0.4926886831603153	0.5249003766558935	0.46297851756879177	0.5180306145561497	0.4995434958857014	0.5137689342836629	0.4817087020892634	0.5111094338367461	0.48178800581983267	0.5111164287771014
0.4686523598348195	0.5489006360089265	0.49362417228891536	0.5563584922866717	0.47742363049584324	0.5591207502615233	0.48473509089260713	0.561047996984311	0.4969926701419768	0.5597425750915394
0.47866148263113945	0.514372689525711	0.4955222433959501	0.5135526078623798	0.48003639193212905	0.5130917370236358	0.48349031807670656	0.5130386827781803	0.4966623589652792	0.5122349257928153
0.48052426962139266	0.5197470759167908	0.4708298144402342	0.5141176980347805	0.4853446421656572	0.508242379130241	0.48967155659205003	0.5063429572005769	0.4967629383558626	0.506410108880979
0.4779763458090854	0.517976716990034	0.48605549489287747	0.5247035096636943	0.4742519503347579	0.530412198728636	0.4707786183672501	0.533798727178618	0.500465011211704	0.5347339707730175
0.4902943468389916	0.5313794465587667	0.4921651793588401	0.5295422072954225	0.4594389862562547	0.5284457396053742	0.4662695459431376	0.5291499828708548	0.47191529585878933	0.5283066412914056
0.4865390077438367	0.5806962820601367	0.46309076025798696	0.5814730050341445	0.46759546924738676	0.5803905981484432	0.4776091057286263	0.5806403292555911	0.4840360151582255	0.5795725025475592
0.4596468655763082	0.517297245687611	0.49879517100411686	0.5153142009198003	0.45941077009099207	0.5148720831906767	0.48869258112888614	0.514906458966451	0.4923534512994624	0.5129313265629767
0.48839937611691253	0.516459001309191	0.475487880066878	0.5155176904082883	0.4594103846193043	0.5166829780578259	0.47408127092086005	0.5160632783600245	0.4937379022731487	0.5162270675745209
0.4763513423086857	0.5171530246633688	0.49625950555593695	0.520747131380221	0.46730146541602857	0.5244857985080322	0.4759796080609308	0.525327402944189	0.48691008867088625	0.5254939265556241
0.4694613600634396	0.5216347622629032	0.4754301164427034	0.5200646528652806	0.4673286163923308	0.5197369277563322	0.4750358906539954	0.5191427045407139	0.4784072013662712	0.5185531691152968
0.4777673994355215	0.5270287002140145	0.484655301945072	0.5260437916890419	0.47626415296373503	0.5280331544843967	0.5005742502993189	0.5310265722325641	0.48234578489027063	0.528867163841244
0.4829650467591534	0.5187376936930471	0.4691612028622211	0.5124032016805838	0.4842541086479214	0.5074140242767352	0.4845331382451805	0.5053350040514867	0.4775609922702275	0.507144835316972
0.4825007185255521	0.5448890798834812	0.46848702124872943	0.5415167528225437	0.4797612352567077	0.5388842878244815	0.4605959188084847	0.538116447514775	0.4612953863385717	0.5375377301947731
0.49550263195537964	0.5527020600840451	0.4806059088812979	0.5473012072956164	0.4953321307259138	0.5424591102159818	0.490430739271827	0.5406869443982237	0.5023233773948521	0.5393380161945606
0.4830041901832317	0.5025854323118888	0.5019218095239485	0.5016531751825382	0.48812748640691533	0.5023015821100784	0.4977579244942328	0.5028285369830833	0.48583797808471035	0.5015472845968062
0.48690597469944746	0.5208777498656267	0.4945308128642356	0.5201225905925044	0.4693053920983478	0.52021765755877	0.48989289682722914	0.5206747091592903	0.4749725827048493	0.5201027216695473
0.4846625012920312	0.5632048291899999	0.473428686425219	0.5678890147623359	0.4715830573916042	0.5696841492956034	0.47355659253751775	0.5690389339967155	0.49419984291751656	0.5686663915356166
0.4910594909144001	0.525230662269441	0.5041669531547263	0.5248792461630523	0.4720129895973352	0.5241745161514496	0.49507072554595916	0.524128218199516	0.47420480626809264	0.5240502766081241
0.4596468655763082	0.5298211429794807	0.4995085245351335	0.5282239893473384	0.45943639811933884	0.5279483731810792	0.4668756550358193	0.5293796221621054	0.4997540527096504	0.5287142945550044
0.46940425288439974	0.5027253764585187	0.47749647519677474	0.5000035843634573	0.4593810291888319	0.49767243543620404	0.46051150552715236	0.49707293984162604	0.4789447240365924	0.4962248721430105
0.4937509392459362	0.5145563749140368	0.4701449103399411	0.5130371432269084	0.46909257285878325	0.5129886385424319	0.46054318061673644	0.5131148755090494	0.4946072110495317	0.5125137523356015
0.4693616812629781	0.5473453684206634	0.4749047077867477	0.5460009774638581	0.45946816832063625	0.5452534140829117	0.46738569494833204	0.5450120376771606	0.4929662787495285	0.5445049565961598
0.4596468655763082	0.5577279536662961	0.46304225575995905	0.5508140220541669	0.49508909475148766	0.5451717859171045	0.4930772730153688	0.5430936256865356	0.5050076112116448	0.5421890515196487
0.4984101534445692	0.5173218501423653	0.4862276922195801	0.5155457342714436	0.4775324946463533	0.5146078788846608	0.4811859273253545	0.5153267235815546	0.46124707205088555	0.5135052809540998
0.48863992192115957	0.5202050638571378	0.5059179971505173	0.5165710548320643	0.47879912175918293	0.5130979638798374	0.48389143743288904	0.5119917836005682	0.4936724864060995	0.5118548515418587
0.4977228150839906	0.5231989094045221	0.47900548071261223	0.51682076406745	0.48637368031814804	0.5127300824932125	0.47860380430363514	0.5108632477316334	0.47915082201063197	0.509712849434436
0.4862876734733227	0.5078479807272852	0.47077181921015127	0.5014195700310942	0.4977152871715074	0.49845016927596103	0.4966288783118221	0.4968211417022489	0.5025030865544451	0.49632524266594424
0.49271271507126574	0.5546776587066388	0.49640425438244706	0.5499162914115849	0.47116594125439043	0.5441324617491152	0.5037741631897868	0.5441089817489103	0.4760370865565416	0.5427908884275966
0.49309421076272414	0.508041709415968	0.4787101982930264	0.5027618882332859	0.48840191858398796	0.5001255547515032	0.5026340066292555	0.4976554613633909	0.4936879777620838	0.4973027322235045
0.46600718369727523	0.5598222714403759	0.4696172563377169	0.5565668959496645	0.471940917102456	0.5537236137567788	0.4606234058760831	0.5523072596994202	0.4844763168263613	0.5523973010954089
0.48386008962540106	0.5500966762389101	0.4877719339689781	0.5545751565047079	0.48385028335949654	0.5601298818280778	0.4740098272396281	0.5614956330701759	0.4856595774623774	0.5626859955821374
0.49686385465574795	0.5027675916750437	0.5004159238851036	0.4996101317125334	0.46433749556504716	0.49727336832304947	0.460508691958759	0.49736808265859805	0.482032549562939	0.4965378560389956
0.485506898766192	0.5389164607259984	0.48430452371628346	0.5377769877415844	0.4916223309880009	0.5380619918462185	0.4858793871100861	0.5389789513769515	0.49415746291869	0.5371645879861088
0.47686508364883545	0.516625007964169	0.4662337996055116	0.5150737647177642	0.4661762473080295	0.5141244793440595	0.4971965884741695	0.5136660655540806	0.4703307094854001	0.5135674298253258
0.46801559431494144	0.5488753104736716	0.47239510345131835	0.5489658709549734	0.49089741636034184	0.5503752974897246	0.47763485951814316	0.5517412061976666	0.487152468000673	0.551219661459573
0.4945019251721824	0.560811664378093	0.48112169499017954	0.5660837727640069	0.48420245044065485	0.5686454860978476	0.47199221639840416	0.5695304531363563	0.503219558778916	0.5692164488344019
0.4746688727444958	0.5516927537522651	0.4785557169352049	0.5493426990426462	0.483732725834525	0.5474465323194952	0.4757106117210267	0.5475550895855805	0.4886265996145252	0.5469668502412721
0.4963056605321566	0.573482903564526	0.4736151363394779	0.5763587975825528	0.4676019683812228	0.5755327181810352	0.48125323814348003	0.5755545204546042	0.4867950053426318	0.5751404958774282
0.46895279366371917	0.5128902765659756	0.4993499372950411	0.5108025898962244	0.5000968497018788	0.5103656606103313	0.4747800557486028	0.510030350867675	0.47060997613543243	0.5085597259689024
0.490239695976829	0.5612708989474013	0.4967787638827088	0.5585338332835418	0.4757859909562035	0.5576259607105901	0.46063146134878646	0.5566414817323813	0.47661137753658295	0.556208390357596
0.48688199969768886	0.5109149309897845	0.4629491286924272	0.5076209449499085	0.5024825532490306	0.5056988711167991	0.47290071544261675	0.5044881500000346	0.49861410537900014	0.5037232191998747
0.47553478518687026	0.5270367289133496	0.4984603895672938	0.5205507942275018	0.48005769477304494	0.5160792069074569	0.48577076213104536	0.5145309528377486	0.4915102849281702	0.5132494867292535
0.4804355167349108	0.559815293420838	0.46995458519516586	0.5651446313963624	0.46882517542560675	0.5697205686945125	0.4903898662382177	0.5713137163577984	0.49462986030988126	0.5711583365299621
0.4775397974867049	0.557420089587785	0.4865060448000449	0.5570982333506745	0.48710485077881	0.5577567765132757	0.4986621628001976	0.558213117369554	0.4790088663693178	0.5578963039578864
0.4808153581819724	0.5519512155848899	0.4741275490495196	0.5497093767838156	0.4594799665022369	0.5482917036346662	0.4855048771180504	0.5474665756630109	0.4613131571135178	0.547352667286453
