0.5949229971057056	0.5242525714579609	0.6034258244792106	0.5312349221725982	0.6052211293829091	0.5281122749268511	0.5992513162413259	0.526472756689972	0.5959917413218238	0.5208664064829494
0.6023928094303534	0.5154614881109787	0.6039476743022584	0.5125752741405143	0.612018639763573	0.5140207185303163	0.6158665244601418	0.51620630009721	0.597642350331801	0.5177741400691331
0.6052335084989434	0.5361592573007442	0.5940577011544134	0.5256171309930121	0.6213388508949195	0.5294526163825032	0.6132880545325248	0.5357348482097329	0.6134276277872208	0.5414091263260881
0.6098378105517036	0.564336986728281	0.5991998719863211	0.5631129629307142	0.604366475761341	0.5644132914944291	0.6079959931791024	0.564911092715721	0.6133790916880699	0.5644199432981539
0.6018746484624944	0.5266203738770879	0.6148402129075853	0.5224039128897031	0.6126503514560321	0.5248564908181483	0.5986124522164356	0.5279604240664428	0.6101438078823612	0.5295149431559786
0.4605409634055074	0.4981963946143433	0.47144169550368686	0.4931064692624128	0.4680796904650901	0.49498971934972463	0.471544437260138	0.4985940320997388	0.46090072122018233	0.5019530425036813
0.4605409634055074	0.5415835948997927	0.4658636605161492	0.534710033370147	0.4604582976671677	0.5371481218415602	0.4684105355285201	0.5429293884196682	0.4609943657190564	0.5483631583159977
0.4605409634055074	0.5313694726240317	0.4647836127727078	0.526057545377267	0.4708796843571969	0.5276732369119981	0.4614195319286774	0.532348110123187	0.46662039429264696	0.5378751308764028
0.46363051002751543	0.5682190589818275	0.4603945823513062	0.5643446140869309	0.4605210805512541	0.5672865876749056	0.47562502364029813	0.568250777644787	0.46829284682622957	0.5689671968833329
0.4745755709272472	0.529597021484947	0.4684577831760094	0.5211458302243107	0.4604295551264752	0.5243164939582178	0.4679050315121436	0.5297609473751701	0.47143401804620183	0.5357069715689151
0.4605409634055074	0.5045588545413586	0.4602557150851551	0.5012559793797265	0.46038747001311064	0.5028430570262208	0.46136733233068006	0.50462609378898	0.4609143864147429	0.5067611196842905
0.4605409634055074	0.5438443782902926	0.4603414115495056	0.5492644755459053	0.47038104671833275	0.5469442685004258	0.4614600278161686	0.5442523152981653	0.4609962719506963	0.5412127670599962
0.4605409634055074	0.4874796041917808	0.4602184498015528	0.4856052208414349	0.4603543246249685	0.48638425351515246	0.4711771662243591	0.4885164277157338	0.46088005491445205	0.4899141486819474
0.46956213714071376	0.5463125065215764	0.4603467965583433	0.5514630570026883	0.4699038903223779	0.5508164931204177	0.4707540911457876	0.5470585777381778	0.4660656385713158	0.5445950601144095
0.4605409634055074	0.5123040376703916	0.46851211050610203	0.5139758993122794	0.4604216058090151	0.5133926351663104	0.4733545472480022	0.5135884490291025	0.4731294591287928	0.5126273092179113
0.46742054820228957	0.4936002716705996	0.4737207123597022	0.4911024329190527	0.47243889654829657	0.4927955502341505	0.4613574422130533	0.4946781991527221	0.46091545081816615	0.4983149407845022
0.4655388221014683	0.5386118737731329	0.4603299839093859	0.5447262972718755	0.46978987382533643	0.5426248348083957	0.46145091122991144	0.5390065529956013	0.4609873492329433	0.5345435559746502
0.4605409634055074	0.4873459586557889	0.4667884314498915	0.48559612053219675	0.4687121981848052	0.48609559114687234	0.46133212074524843	0.4882286096524649	0.4663975212685802	0.4886582375782571
0.4696122179292842	0.552411954282779	0.46036011598990473	0.5511861284760771	0.4676932117673273	0.5517196136800228	0.4614700812256719	0.5529084633538772	0.46101689394583717	0.5536767867716621
0.4605409634055074	0.5196026391578213	0.4696014827967254	0.5266919052982246	0.4604412070410258	0.5237705540854996	0.46141123106151705	0.5210026858594087	0.4678525051224454	0.5183103814359533
0.47083158228768945	0.5673450770744076	0.4603926856796936	0.571976032306359	0.47107429108059895	0.5698385010841568	0.46861279790927846	0.5670126787304562	0.4647240098725522	0.5634453559591279
0.4605409634055074	0.5362541999135663	0.47266487597910617	0.526341282305468	0.4604405535862671	0.5307629792673169	0.46142641655176747	0.536880714103282	0.4729912168296973	0.5429594122186476
0.4605409634055074	0.5516172218264813	0.4690405511822778	0.5484420175328965	0.4604873735965624	0.5498496709310895	0.4614722223198516	0.551817123007593	0.4610273200051216	0.5534800537420798
0.4605409634055074	0.5497014244493403	0.4685857531335295	0.5486299255239814	0.47310942536067085	0.5491578541495811	0.46146467173979705	0.5500999051417284	0.4642504675507596	0.5511370191364425
0.46971233710716104	0.5205412597362422	0.46029056573032173	0.5166323407792471	0.46734906836027384	0.5182531844902295	0.46139877993364103	0.520724067558944	0.4609503853785924	0.523656663445134
0.46908696143874934	0.5477227353715768	0.4603498848731089	0.5466722461010393	0.4679106372894652	0.5472562899536406	0.46812922801332746	0.5486352145075185	0.4688217516706604	0.5493842945716012
0.4681117215055558	0.5362256352360422	0.46032478758085266	0.5278822029017808	0.4604438294837386	0.5302728762064219	0.4691918159842867	0.5364554235496851	0.4609856427774013	0.5434666129737922
0.4717079065738661	0.5386106915496685	0.46032999156169	0.5293052746479061	0.4604468449732085	0.5329825149547551	0.47513692125888857	0.5391768917733621	0.46797809967430465	0.5444388422109427
0.4605409634055074	0.556280584525485	0.47095631294396084	0.5550717364790306	0.4605014211145092	0.5557585158322952	0.4746474864408853	0.5566184642336188	0.4702362998876931	0.5574969129967853
0.47395371981087925	0.5087126659496577	0.46026477838931273	0.5068943580429193	0.47500305062028436	0.5078340409111942	0.4722194381366744	0.5085542796534664	0.47326410711228495	0.5100725037897034
0.4605409634055074	0.5458121787445743	0.4603457049338447	0.5519627145966394	0.471951382846679	0.549915617487497	0.4707581186958695	0.545604695590933	0.4610062978097152	0.5435808246438333
0.4605409634055074	0.5374034959385242	0.46962776241147286	0.532450629158771	0.46045352079575314	0.5351981190115893	0.4687332973528486	0.5380770410720992	0.46099832967710935	0.5424598034776136
0.4745485179177253	0.5145444177313109	0.4734086202325173	0.5135510320911945	0.4662735199863691	0.5145828850038299	0.471079716195042	0.5157541488628635	0.4609407122278077	0.5165538087227967
0.4605409634055074	0.5511819032622541	0.466524518604281	0.5478625731145509	0.47415872342588483	0.549724145936758	0.47145442079242095	0.5515471186064442	0.4610118080635104	0.5531192959477736
0.4605409634055074	0.520809808798436	0.4693644396116716	0.5172122878108789	0.4604212620568678	0.5192521782730274	0.46731536268456275	0.5221552143437224	0.4609540596888997	0.5248639475436563
0.4682498253187289	0.5567430304692121	0.460369543046101	0.5464574621410261	0.47283689866913997	0.550500560280342	0.46146750656366037	0.5563876543007037	0.46102193696490296	0.5626524888823635
0.4605409634055074	0.5414611277371295	0.46033619963987943	0.5306191958864056	0.4604496416223549	0.5353384318274754	0.46143563085729844	0.5414768221954841	0.4688832398645427	0.545042240829094
0.4701761869208654	0.5112916739147777	0.4709953706407534	0.5051696058759942	0.4604048431207964	0.5079664396403815	0.46139231566988154	0.5118653597779739	0.4665757166808043	0.5157932956960888
0.4645696971320027	0.5191962714029336	0.46873035540714414	0.5158390246163597	0.4748487883068137	0.518174051652993	0.46713998406918117	0.5207646759117712	0.46549223342599166	0.5229762595608805
0.4605409634055074	0.5473609042005254	0.46872162598989847	0.5442222938040389	0.46047844358832396	0.5458092031610289	0.46145712519868476	0.547669055987075	0.4684630811641105	0.5494789133187371
0.46916753806369615	0.5529824099512148	0.4603613378017807	0.5441787417956335	0.4687525356999664	0.5478023239716269	0.4690196067514836	0.5530160551710362	0.46101459616282225	0.5544588970044432
0.4605409634055074	0.5513146167736392	0.4603577217779571	0.548235459612144	0.46048692479516634	0.5497444225413349	0.4614663715266068	0.5518640416022256	0.4610224636687091	0.5535463067599572
0.4605409634055074	0.5491707528201056	0.4681109763843727	0.5566009443475874	0.4605045818741228	0.5529538019645268	0.4685827793790512	0.5492665840148494	0.4610091375224366	0.5463767357687235
0.48323219887536517	0.5472977059888995	0.4603559685239928	0.5389222951338354	0.4604672125206993	0.5431880917014053	0.47583231210118954	0.5489164936253874	0.4610129114284439	0.5527836750130866
0.4661462884662227	0.5339544367745771	0.46031983202891547	0.5295008425856207	0.4604473024593105	0.5315173679629438	0.4693729768933935	0.5347058262755578	0.47011718724204976	0.5373473546459315
0.47004343860319836	0.5571725853345265	0.46573249663138255	0.5545140737598075	0.4693715884199443	0.5557807566526356	0.4707442684210317	0.5574363554101907	0.4610240289092106	0.5580262057763005
0.4711880492572713	0.5499397306194324	0.46035471051513294	0.5452997659014885	0.4683683392523352	0.5470623678206461	0.47273366329393457	0.5508977615589826	0.4610182883293085	0.5567686716453795
0.4605409634055074	0.5262192919783821	0.4693075613835261	0.5193798490432624	0.46794350722258116	0.5213707238010737	0.4692637540252612	0.5273147641220934	0.47514194097237705	0.5333841636717047
0.4605409634055074	0.5471679785547522	0.4603486513614261	0.5385450680761119	0.46046643601933024	0.5423988243457566	0.47213989005383555	0.5479414276617727	0.47058480058360164	0.5497794943097117
0.4605409634055074	0.5329352998944036	0.4702355769450331	0.5385093683648233	0.4720972129860793	0.5362874640248003	0.4614375952636608	0.5337298508100796	0.46097614358570543	0.5296217301999955
0.4605409634055074	0.5493745377840545	0.46481640904442073	0.5459762492795809	0.46048216003327064	0.5476485157614888	0.47131101507771384	0.5497128377548162	0.4695136174653897	0.5514095830217166
0.4605409634055074	0.529030651006941	0.47078168693480066	0.5359083863811044	0.46046074113611246	0.5334732253220681	0.47032274168338345	0.5296756675613691	0.46964829550708603	0.5261747496141096
0.4605409634055074	0.5163610577982156	0.4602814372330355	0.5199134306354894	0.46042684042550674	0.5173108247074907	0.4716622867371048	0.5164618143895672	0.47055058365875035	0.5166353791505217
0.4605409634055074	0.5245102796763315	0.4602992257476541	0.5208383170680728	0.468813009836564	0.5228583081631621	0.46141131797545415	0.5250601809225386	0.4609673937331375	0.5286705754233172
0.466885633971699	0.5167744382843382	0.46028236864390953	0.5127752466095848	0.4671296094054149	0.5149112657363276	0.4664613578817	0.5179092896788634	0.46095507983121975	0.5200385784348087
0.4605409634055074	0.5300840419321242	0.460311387177777	0.5206280989814656	0.47000859275250123	0.5229939097169721	0.47711366633137803	0.5300371915297901	0.46096832163411994	0.5353540455438207
0.4605409634055074	0.5012831506257344	0.46024853018083817	0.5033422933722926	0.4603917302927814	0.502284740117539	0.4613660505229668	0.5017689065223151	0.46090825112415235	0.5012376243728601
0.4662709462369475	0.5284756601325364	0.4603078778364487	0.5226920717042074	0.4604328316052858	0.5244669729082874	0.46141277829231486	0.5288919079440013	0.46714557108453064	0.5346514317647761
0.4738760686669749	0.5534417537599716	0.4728297992687518	0.5507318851685994	0.46049224789743626	0.5528047100929447	0.4750737559121189	0.5542818999083404	0.4666192173772887	0.5560318616680259
0.4605409634055074	0.5182371444791258	0.4602855601810553	0.5145161965567666	0.4747876794006193	0.5164826995218583	0.4613991497878007	0.5196148456514644	0.46095839531263644	0.5215460308881228
0.4605409634055074	0.5771999168294487	0.4679268026140062	0.5752215710058501	0.47269215454245683	0.5769098235725534	0.4615227567992091	0.5772973389533744	0.4728906971788555	0.574360056440139
0.4605409634055074	0.5443018782285921	0.4672076090345058	0.5483754625368593	0.4604871991722365	0.546581593244103	0.4706203233050115	0.543275825474588	0.46603863496828296	0.5394235318082038
0.4690704150403496	0.5198676273270156	0.460289095931064	0.5168778985940744	0.46918967602129796	0.5186403446691069	0.4614111343024438	0.5206511591887875	0.47149388911515355	0.525489294105143
0.46962308673835557	0.554951838850362	0.460365634871821	0.5520449819124392	0.4689610362042358	0.5534823954543858	0.4722951285256779	0.5544582069626904	0.4610176881893143	0.5562216961295936
0.4605409634055074	0.5042458373272631	0.47131559779424315	0.5049367987040236	0.46847541071106336	0.503973611704407	0.46137303537316177	0.5046870432571536	0.4692884896756828	0.504275241558405
0.47747217481893206	0.5503262610229439	0.4707443282153072	0.5474982191026092	0.4703122719752612	0.5487735452694125	0.4684189187923166	0.5508165341160242	0.4707490604684212	0.5523770105766213
0.4674835455707775	0.5419923726583391	0.47366275274765235	0.532653992426772	0.4664655035425438	0.5376265652159515	0.4705690213432314	0.5428990301251839	0.4709152560413071	0.5447493259145547
0.46995811172128027	0.5782295414423593	0.46872972763383647	0.5801333114719771	0.46055451120106594	0.5810049936027072	0.46773759771757567	0.5787627466075561	0.46107403755021786	0.5765471826308304
0.4605409634055074	0.5345637467388273	0.46032116289035674	0.5415115203814658	0.46047262271374617	0.5393788421893713	0.46746023898845185	0.5348143404928919	0.4609771175633623	0.5330190099891124
0.4605409634055074	0.5319712150326776	0.4720397951378269	0.5376753717710544	0.4604645167700889	0.5335122116198069	0.47077538683302417	0.5313662860304876	0.46097337713503556	0.5296866374338136
0.4605409634055074	0.5140999116642269	0.4654728104855016	0.50850304840003	0.46894759520203233	0.5115008945960726	0.4712590484298663	0.5148042428299413	0.47084697307591555	0.5181829791745055
0.4692112219608723	0.5190915241767622	0.46495221504753864	0.5153421991733056	0.4604172677430385	0.5170095731928356	0.4613978605624277	0.5192643321384762	0.46095134543631	0.5224053845257508
0.472947450577875	0.5486373929144372	0.4717542330308561	0.5472010857515969	0.4604847108890395	0.5479157190762423	0.46716140923310767	0.5492357771235377	0.46847573577512214	0.5502714974448756
0.4710978424547622	0.5494930462303246	0.4603537244013551	0.5476960384767229	0.4650934455694033	0.5487338766897636	0.46786706831305386	0.5499462593465776	0.47216989377905816	0.5511140319666117
0.46656549391758834	0.5196386453186395	0.46625011363521107	0.5158868354355681	0.46808569675186723	0.5172828548971067	0.4613979420598515	0.5198483346911799	0.46095121578425363	0.5219074211575148
0.46538166780709356	0.5544825972311175	0.46036461104016335	0.5481739592066183	0.4734813794641355	0.552457901147505	0.4614716229169979	0.5546891983674678	0.4715058693774178	0.5559284907200994
0.4732800928550176	0.5689044572391884	0.4672818118499526	0.5611705957451357	0.4726004914971286	0.5649118529771611	0.46815906107025484	0.5691449316339926	0.46104916414501756	0.5703653235346223
0.4605409634055074	0.5128731682272797	0.4653046084144562	0.5099091733275279	0.46040581732506947	0.5115093887793534	0.4670557062958128	0.5129947660083208	0.4713718440910064	0.5142578714106452
0.4605409634055074	0.514202855707126	0.4602767359796668	0.5104218123027428	0.46040686221155763	0.5124960196307456	0.4710346128723041	0.5147954731938609	0.46809864316089544	0.5179610425757651
0.4605409634055074	0.5488712154404322	0.4702903124247308	0.551682962449461	0.4604942183399824	0.5520075627798462	0.46980325685104507	0.5483356810198233	0.4721021982378659	0.5457688002217312
0.4691147472443812	0.5485223408148594	0.46035160642998674	0.5455218784900375	0.46048119726998654	0.5468806467133723	0.468270741463976	0.5488526502018645	0.461018192020242	0.5506598175930603
0.4694005490591312	0.5573801451708371	0.46037094411157586	0.5561381151770929	0.46050364675527333	0.5568097866562788	0.4660101492469879	0.5578580911545441	0.47180141188839275	0.5575194018634316
0.4605409634055074	0.5009301993297058	0.4602477387977537	0.4961051364365928	0.4688812455394676	0.4984370952632135	0.4613601353390542	0.5017390533219589	0.4609165355934058	0.5049656178918183
0.46680259545782615	0.5473103334404975	0.4603489619640653	0.5411776546944284	0.4604720033095811	0.5453858376555502	0.46996725098096087	0.5476751375842666	0.4696811025768933	0.5494620165232196
0.47023812136221643	0.5573435767348313	0.4673920800364488	0.5547239654224705	0.4668649571113139	0.5559501561111968	0.46808204903733125	0.5577137985103713	0.4712552507662896	0.5592047228671647
0.4605409634055074	0.5138677504744454	0.46028843810593095	0.5108853772122262	0.4604078445259105	0.5123749176397492	0.47383986283786717	0.5144541207862523	0.4609551079786084	0.5161441873395183
0.4737529995364365	0.5259679944377104	0.46943202961045605	0.5177154110433901	0.47055638703665587	0.5191415364758897	0.47110307743171465	0.524772336889825	0.4609576511856959	0.5304439942888277
0.4605409634055074	0.5566083537647986	0.4603692718442258	0.5554723519003114	0.47127746860317177	0.5561235999084968	0.46147934264805096	0.5571313015711505	0.46102586175745636	0.5580248893784655
0.46894289184510274	0.5504780245335279	0.46035587351418045	0.5437019048436719	0.46047735197910655	0.547944263505923	0.46146213058349805	0.5509589160672262	0.47174396558099396	0.5524693395545404
0.4605409634055074	0.540750789799995	0.4603346610663588	0.5330516221101154	0.47148995579146846	0.53609034572646	0.47079150940062087	0.5421721878979937	0.46904053364109183	0.5475077090060219
0.46818495522693687	0.5310239567569225	0.4603134379862144	0.5237744779406492	0.4671500299798099	0.5257837383514441	0.47004106442956345	0.531462662494241	0.46097042175323644	0.5378136812212422
0.4682839635441303	0.5269627533922626	0.46030457681434916	0.5206715349863641	0.4604285500974025	0.5227756498885237	0.4614092318577718	0.5274347352567498	0.470158073442277	0.5337603235771174
0.4668776944842042	0.5528384822529248	0.4603610466043789	0.5499532020954802	0.4687641217682835	0.5513599596062068	0.4614693248857906	0.5533557577505506	0.4610155188554078	0.5544858587545148
0.4605409634055074	0.5027195512996304	0.4602516531346747	0.5036634081213897	0.4687311459087703	0.5026898390706399	0.4613682829678228	0.5028850553037546	0.4692598932771901	0.5015981115084344
0.4683597900342445	0.5481030498112878	0.4706436106103794	0.5449939223241504	0.4604800785870887	0.5465144758379528	0.46145912368980935	0.5483909524790797	0.46827212903705506	0.5502215756406724
0.4605409634055074	0.5314619505089061	0.47212889178905765	0.5250650529955054	0.4688978994628467	0.5269683151658436	0.46141837526395396	0.5326003890275707	0.46097373767294325	0.5379384672589758
0.47164885681797414	0.5272305910707206	0.46030515226513624	0.5334730907345107	0.4740924296282222	0.5298043576857833	0.47298594264486776	0.5270423804805866	0.47228645452545853	0.5243314221655203
0.4744706158403119	0.5299133919269791	0.46031101483508324	0.5203637477392068	0.4735257457809596	0.5252694766129742	0.46141511423411924	0.5307243546286216	0.4609696522365484	0.5377185460348982
0.4605409634055074	0.5205351637611741	0.4697499820077142	0.5166274846985798	0.46042798351646924	0.5186263823033085	0.4693922213906236	0.5204526406013892	0.46703629403165503	0.5225087153157556
0.4605409634055074	0.5545903702678617	0.46036484618864043	0.5518310299839052	0.4604945656835417	0.5533486210068405	0.4614734961300218	0.5538507051514019	0.46101887275654585	0.5556798568341781
