0.0001	0.0027014074923937415	0.0027014074923937415	0.005592915501487343	0.005592915501487343	0.008558094177815376	0.008558094177815376	0.011558777954530008	0.011558777954530008	0.014446745535354818
0.0001	0.0030438506261482195	0.0030438506261482195	0.005689578694659039	0.005689578694659039	0.008371064772413558	0.008371064772413558	0.011099831892045787	0.011099831892045787	0.012762868265843455
0.0001	0.0022802345911252784	0.0022802345911252784	0.0036741259010400935	0.0036741259010400935	0.005515450674694069	0.005515450674694069	0.007016186137809883	0.007016186137809883	0.008970615521326079
0.0001	0.0016265692765350523	0.0016265692765350523	0.00297807825222786	0.00297807825222786	0.0045884822061361364	0.0045884822061361364	0.006413478960015424	0.006413478960015424	0.008453993975258658
0.0001	0.002574196989791448	0.002574196989791448	0.004953058079510592	0.004953058079510592	0.006949345737862644	0.006949345737862644	0.008417935921254534	0.008417935921254534	0.009826459123692314
0.0001	0.00018625129549533481	0.00018625129549533481	0.0004992917044474043	0.0004992917044474043	0.00016993478660606468	0.00016993478660606468	0.0001706487837809775	0.0001706487837809775	0.00015649348260371966
0.0001	0.00011733794026851632	0.00011733794026851632	0.00011534460389307808	0.00011534460389307808	0.00011515424522787584	0.00011515424522787584	0.00012367701777688973	0.00012367701777688973	0.00010849769593440085
0.0001	0.00010408563925626419	0.00010408563925626419	0.00010444592422979413	0.00010444592422979413	0.00010573295190203016	0.00010573295190203016	0.00010924802209798767	0.00010924802209798767	0.00011161773495315432
0.0001	0.0001098775905683594	0.0001098775905683594	0.00011114947923909179	0.00011114947923909179	0.00011005985481868303	0.00011005985481868303	0.00010972827475176571	0.00010972827475176571	0.00010944723390050649
0.0001	0.00010709337992177155	0.00010709337992177155	0.00011192714373774487	0.00011192714373774487	0.00010507426366513289	0.00010507426366513289	0.00010576716681486935	0.00010576716681486935	0.00011993264963885641
0.0001	0.00011464185664459019	0.00011464185664459019	0.000142278319151948	0.000142278319151948	0.00010891905663401691	0.00010891905663401691	0.00010340492466711225	0.00010340492466711225	0.00010175768337895785
0.0001	0.00018479913527619316	0.00018479913527619316	0.00011933183370851458	0.00011933183370851458	0.00013978219967993803	0.00013978219967993803	0.00015293200673848652	0.00015293200673848652	0.00015496350903710374
0.0001	0.0003023366763715629	0.0003023366763715629	0.00045814352365501745	0.00045814352365501745	0.00021268319667113795	0.00021268319667113795	0.0002492853333235906	0.0002492853333235906	0.00022860180412235983
0.0001	0.0001709353281757266	0.0001709353281757266	0.00010637707201683502	0.00010637707201683502	0.0001249128743229265	0.0001249128743229265	0.00017901101332277918	0.00017901101332277918	0.00016049342555166473
0.0001	0.00037538711683005337	0.00037538711683005337	0.00045907525716317577	0.00045907525716317577	0.00028028147697189987	0.00028028147697189987	0.0002915465626591028	0.0002915465626591028	0.00018542439709883288
0.0001	0.00047437778004661134	0.00047437778004661134	0.0005325449857065569	0.0005325449857065569	0.0001750194372223757	0.0001750194372223757	0.00017120014545743967	0.00017120014545743967	0.00016607363924501077
0.0001	0.00021091258051398606	0.00021091258051398606	0.0002248501280276753	0.0002248501280276753	0.00019669729141684166	0.00019669729141684166	0.00017558947697723213	0.00017558947697723213	0.00016822272983818255
0.0001	0.00035220278440161693	0.00035220278440161693	0.0004820297585008627	0.0004820297585008627	0.00038803724555708805	0.00038803724555708805	0.00015291150384256558	0.00015291150384256558	9.586520643899767e-5
0.0001	0.00010696094106019453	0.00010696094106019453	0.00010650526549681688	0.00010650526549681688	0.00010854154499399674	0.00010854154499399674	0.0001311952043416475	0.0001311952043416475	0.0001208881859471591
0.0001	0.00026739755317251084	0.00026739755317251084	0.00015721701074547945	0.00015721701074547945	0.00016057259214737193	0.00016057259214737193	0.00017208932710086435	0.00017208932710086435	0.00017204828605349134
0.0001	0.0001607307046222838	0.0001607307046222838	0.0001063729290896509	0.0001063729290896509	0.00011999171279606131	0.00011999171279606131	0.0001384976136644648	0.0001384976136644648	0.0001598558736073915
0.0001	0.0001024889429650885	0.0001024889429650885	0.00010504331677251865	0.00010504331677251865	0.00010538471175127376	0.00010538471175127376	0.00010664460027907657	0.00010664460027907657	0.00010786151075123521
0.0001	0.00010846825236614313	0.00010846825236614313	0.00012508119426703462	0.00012508119426703462	0.00016450104103246153	0.00016450104103246153	0.0001535626981166536	0.0001535626981166536	0.00014226517064435773
0.0001	0.00010473102704689612	0.00010473102704689612	0.00010535092176707956	0.00010535092176707956	0.00010682509687233801	0.00010682509687233801	0.00010719063372818153	0.00010719063372818153	0.00010722907045527165
0.0001	0.00010028423156808433	0.00010028423156808433	0.00011283070657181213	0.00011283070657181213	0.00010366443148330779	0.00010366443148330779	0.00011086731872355193	0.00011086731872355193	0.0001061556339883619
0.0001	0.00011403747530795636	0.00011403747530795636	0.00010488653884249857	0.00010488653884249857	0.00012749080637524066	0.00012749080637524066	0.00018798872421294928	0.00018798872421294928	0.00012162586863696347
0.0001	0.00012405859198068086	0.00012405859198068086	0.000105382802488639	0.000105382802488639	0.00010955925127952391	0.00010955925127952391	0.00011184926682204423	0.00011184926682204423	0.0001100876653155737
0.0001	0.00010294500594963919	0.00010294500594963919	0.000150232600031804	0.000150232600031804	0.0001074113781415354	0.0001074113781415354	0.00011563910196300891	0.00011563910196300891	0.00011736897897756162
0.0001	0.00010582252918390383	0.00010582252918390383	0.00010636698903979116	0.00010636698903979116	0.00010694740385895654	0.00010694740385895654	0.00010885512460376382	0.00010885512460376382	0.0001074375074009665
0.0001	0.0001163262972478033	0.0001163262972478033	0.00010855883173692591	0.00010855883173692591	0.00010137147684841731	0.00010137147684841731	9.888195664594938e-5	9.888195664594938e-5	0.00010651352726657962
0.0001	0.00014543099160089818	0.00014543099160089818	0.0001339122949317824	0.0001339122949317824	0.0001442271618012121	0.0001442271618012121	0.00017085519050381417	0.00017085519050381417	0.00016358685348408377
0.0001	0.00010293549155953726	0.00010293549155953726	0.0001057953117526217	0.0001057953117526217	0.00011023636699411112	0.00011023636699411112	0.00011315110260181272	0.00011315110260181272	0.00010931579696067418
0.0001	0.0002621391006085056	0.0002621391006085056	0.0003000538325658331	0.0003000538325658331	0.0001918812203241988	0.0001918812203241988	0.00020118660647560195	0.00020118660647560195	0.00022976770059271348
0.0001	0.00010662918018074997	0.00010662918018074997	0.00010614794276474401	0.00010614794276474401	0.00010785111290526736	0.00010785111290526736	0.00010829313388034384	0.00010829313388034384	0.0001074878983681053
0.0001	0.00013697186265979123	0.00013697186265979123	0.0001391012582708406	0.0001391012582708406	0.0001241010397563159	0.0001241010397563159	0.00011000897206774854	0.00011000897206774854	0.00010660024761939824
0.0001	0.00010632316853589873	0.00010632316853589873	0.00011557679298991713	0.00011557679298991713	0.00010868322246704404	0.00010868322246704404	0.00010904722335909092	0.00010904722335909092	0.00010908584888118952
0.0001	0.00010334297109119376	0.00010334297109119376	0.00010445537243660918	0.00010445537243660918	0.00010499805289591016	0.00010499805289591016	0.00010700249322351526	0.00010700249322351526	0.00010617577826329838
0.0001	0.00016102932855620593	0.00016102932855620593	0.00014758704788538196	0.00014758704788538196	0.00014657496653984803	0.00014657496653984803	0.0001435593341555519	0.0001435593341555519	0.00013251759049831061
0.0001	0.00013145351433872763	0.00013145351433872763	0.00011304763579801594	0.00011304763579801594	0.00010954107979266432	0.00010954107979266432	0.00011368590559026054	0.00011368590559026054	0.00010670550255194651
0.0001	0.00010865890702350772	0.00010865890702350772	0.0001053239264120722	0.0001053239264120722	0.00010659740829101568	0.00010659740829101568	0.00010888931220621286	0.00010888931220621286	0.00010745702483872283
0.0001	0.00010988768813781455	0.00010988768813781455	0.00012291583403698092	0.00012291583403698092	0.00010660799593845865	0.00010660799593845865	0.00010700253612363365	0.00010700253612363365	0.0001130282733535815
0.0001	0.00010513019362436462	0.00010513019362436462	0.00011873631782392677	0.00011873631782392677	0.00012000673353253998	0.00012000673353253998	0.00012983185576992152	0.00012983185576992152	0.00012089508436298906
0.0001	0.0001624650276602546	0.0001624650276602546	0.0001533523631095668	0.0001533523631095668	0.00015100746647225304	0.00015100746647225304	0.00014616235737478962	0.00014616235737478962	0.0001486403246460102
0.0001	0.00011044637923372402	0.00011044637923372402	0.00010967156438850143	0.00010967156438850143	0.00012665511374726154	0.00012665511374726154	0.00010918828132137606	0.00010918828132137606	0.00011712510403226338
0.0001	0.00013998693922022187	0.00013998693922022187	0.00013347982063091502	0.00013347982063091502	0.00013091608531650518	0.00013091608531650518	0.00010807193189594266	0.00010807193189594266	0.00012613034811988032
0.0001	0.00010870085176066909	0.00010870085176066909	0.0001209050363460637	0.0001209050363460637	0.00013209552760127887	0.00013209552760127887	0.00011607307239593296	0.00011607307239593296	0.00010384644714999855
0.0001	0.00010592014009883901	0.00010592014009883901	0.00010804131615039515	0.00010804131615039515	0.00011209962795780227	0.00011209962795780227	0.00011742254290591723	0.00011742254290591723	0.00011448801919839186
0.0001	0.00012258767897271533	0.00012258767897271533	0.00010591961469291415	0.00010591961469291415	0.00010580864555775383	0.00010580864555775383	0.00010603807725842381	0.00010603807725842381	0.00010613577447317719
0.0001	0.00010438554808309682	0.00010438554808309682	0.00010553605455345952	0.00010553605455345952	0.00010600661380098683	0.00010600661380098683	0.00010693506717683756	0.00010693506717683756	0.00010782217569469684
0.0001	0.00020625114856142416	0.00020625114856142416	0.0001823665931270037	0.0001823665931270037	0.00014861450712073433	0.00014861450712073433	0.00019221414275756045	0.00019221414275756045	0.00017007607090184368
0.0001	0.00010614177063265937	0.00010614177063265937	0.00010561578193685726	0.00010561578193685726	0.00011240664121001044	0.00011240664121001044	0.00012298733058311909	0.00012298733058311909	0.00010722675322186366
0.0001	0.00019163241292141192	0.00019163241292141192	0.00024005690749483857	0.00024005690749483857	0.00020209226308752194	0.00020209226308752194	0.00018689604753085708	0.00018689604753085708	0.00014162035378532668
0.0001	0.00019560778328639312	0.00019560778328639312	0.0001502058343670052	0.0001502058343670052	0.00017820132217125168	0.00017820132217125168	0.0001808374339658597	0.0001808374339658597	0.0001961385741667943
0.0001	0.00010980256119191037	0.00010980256119191037	0.00010266314089904175	0.00010266314089904175	0.00010957015674176178	0.00010957015674176178	0.00011349868454122945	0.00011349868454122945	0.00011138577562864479
0.0001	0.0001218557705253805	0.0001218557705253805	0.00011429243835676978	0.00011429243835676978	0.00011128830360292047	0.00011128830360292047	0.00010715632447934678	0.00010715632447934678	0.000114507968528768
0.0001	0.0001011820900251056	0.0001011820900251056	0.00012065155735788472	0.00012065155735788472	0.0001048787701622989	0.0001048787701622989	0.00010532444581788231	0.00010532444581788231	0.00010681673735996547
0.0001	0.0002837380777535353	0.0002837380777535353	0.0005646613544249055	0.0005646613544249055	0.00016960207016775115	0.00016960207016775115	0.0002344567380515278	0.0002344567380515278	0.00018415327316474147
0.0001	0.00010621708513560403	0.00010621708513560403	0.00010417656632224015	0.00010417656632224015	0.00010626881952880383	0.00010626881952880383	0.00010701302360659846	0.00010701302360659846	0.00010666227304507771
0.0001	0.00011220988661668196	0.00011220988661668196	0.00010663791655351214	0.00010663791655351214	0.00010921023239739872	0.00010921023239739872	0.00011145013840449645	0.00011145013840449645	0.00015685517695088584
0.0001	0.0001322879938775761	0.0001322879938775761	0.00011329703310010348	0.00011329703310010348	0.0001161785601588309	0.0001161785601588309	0.0001138243522558757	0.0001138243522558757	0.00011608439544904835
0.0001	0.00011675055526033555	0.00011675055526033555	0.00012338280075759335	0.00012338280075759335	0.00014715749101181484	0.00014715749101181484	0.0001501455611887902	0.0001501455611887902	0.00017876599943244265
0.0001	0.00015377402544146696	0.00015377402544146696	0.00012179904815125884	0.00012179904815125884	0.00014518932015886654	0.00014518932015886654	0.00018973306262107318	0.00018973306262107318	0.00018297805393215034
0.0001	0.00019860039030724876	0.00019860039030724876	0.0001714100054409301	0.0001714100054409301	0.00013739169100744557	0.00013739169100744557	0.00010551927869502722	0.00010551927869502722	0.00012101898646415286
0.0001	0.00010603148807552112	0.00010603148807552112	0.0001346956453177469	0.0001346956453177469	0.00012550732007756676	0.00012550732007756676	0.00010754389400152633	0.00010754389400152633	0.00011935292285286375
0.0001	0.00045232875787158715	0.00045232875787158715	0.0003960524691338382	0.0003960524691338382	0.0003080402736149153	0.0003080402736149153	0.00019947504323401826	0.00019947504323401826	0.00022923858161810366
0.0001	0.00010511786726119289	0.00010511786726119289	0.00010580228390067504	0.00010580228390067504	0.00011385104153226728	0.00011385104153226728	0.00010689640220375777	0.00010689640220375777	0.0001097212722784907
0.0001	0.00010361954872920556	0.00010361954872920556	0.00010446571062633906	0.00010446571062633906	0.00010499667817197541	0.00010499667817197541	0.00010651480273359428	0.00010651480273359428	0.00010941759855221646
0.0001	0.0001467356554501717	0.0001467356554501717	0.0001389060166983851	0.0001389060166983851	0.00014959612708917008	0.00014959612708917008	0.0001624505671441135	0.0001624505671441135	0.00016345422371223867
0.0001	0.0002972371808211095	0.0002972371808211095	0.00015675322082859142	0.00015675322082859142	0.00018290126630552748	0.00018290126630552748	0.00025667952986982337	0.00025667952986982337	0.00014431660610008038
0.0001	0.0002381415119581391	0.0002381415119581391	0.0001912537655721691	0.0001912537655721691	0.0001533608222412442	0.0001533608222412442	0.0001903328613638	0.0001903328613638	0.00018347024186755843
0.0001	0.0001295965401109781	0.0001295965401109781	0.00011466604039255293	0.00011466604039255293	0.00010651285494514479	0.00010651285494514479	0.00011146705954485725	0.00011146705954485725	0.00012595075105522477
0.0001	9.917845897551122e-5	9.917845897551122e-5	0.00010591323053846301	0.00010591323053846301	0.00010328372406417234	0.00010328372406417234	0.00010524440766542423	0.00010524440766542423	0.00010648005349460832
0.0001	0.00010526478268248782	0.00010526478268248782	0.00010506861997448557	0.00010506861997448557	0.00012948700871148261	0.00012948700871148261	0.00013644540199259659	0.00013644540199259659	0.00010742556504758536
0.0001	0.00010508838104530769	0.00010508838104530769	0.00010699492839699752	0.00010699492839699752	0.00010736359696768742	0.00010736359696768742	0.00011056832148860818	0.00011056832148860818	0.00010955884118301663
0.0001	0.00011018318401387057	0.00011018318401387057	0.00010100844095626517	0.00010100844095626517	0.00010415494790891426	0.00010415494790891426	0.0001101213809521145	0.0001101213809521145	0.00010676739747878712
0.0001	0.00010726714278385921	0.00010726714278385921	0.00010605162098148285	0.00010605162098148285	0.00010945082686822511	0.00010945082686822511	0.00011086166616290672	0.00011086166616290672	0.0001086820088496601
0.0001	0.00010868061700493773	0.00010868061700493773	0.00010870329591415843	0.00010870329591415843	0.00010892107661465373	0.00010892107661465373	0.00011118036189834574	0.00011118036189834574	0.000109496169062733
0.0001	9.77962259540517e-5	9.77962259540517e-5	0.00012451559027938427	0.00012451559027938427	9.915681259707217e-5	9.915681259707217e-5	0.00010150489449276262	0.00010150489449276262	0.00010024692486981009
0.0001	0.00010144587645649637	0.00010144587645649637	0.00010076061681257563	0.00010076061681257563	0.0001145878327397712	0.0001145878327397712	0.00010447223060780489	0.00010447223060780489	0.00010542272412270166
0.0001	0.00015255971207614924	0.00015255971207614924	0.00011781362216521745	0.00011781362216521745	0.00012803749080635542	0.00012803749080635542	0.00015983331508970228	0.00015983331508970228	0.00012718387639722525
0.0001	0.00010788170354845024	0.00010788170354845024	0.00010565580482561084	0.00010565580482561084	0.00010793060557162023	0.00010793060557162023	0.00013398770337680931	0.00013398770337680931	0.00013920948035826705
0.0001	0.00010920256130036475	0.00010920256130036475	0.0001373779424686813	0.0001373779424686813	0.00011391486402979024	0.00011391486402979024	0.00016037508260609447	0.00016037508260609447	0.00012671602024892634
0.0001	0.00016343313997043953	0.00016343313997043953	0.00016328593990238782	0.00016328593990238782	0.00014746783985791838	0.00014746783985791838	0.0001430178071110687	0.0001430178071110687	0.00014982292294557191
0.0001	0.00010509321495690055	0.00010509321495690055	0.00010527370579047369	0.00010527370579047369	0.00010684412472285322	0.00010684412472285322	0.00010859569103641911	0.00010859569103641911	0.00010688590746762857
0.0001	0.00010828342763356116	0.00010828342763356116	0.00010726646850892973	0.00010726646850892973	0.00011315289974039717	0.00011315289974039717	0.00015548637303220894	0.00015548637303220894	0.00011998172501528177
0.0001	0.0001036649591578278	0.0001036649591578278	9.954576632408798e-5	9.954576632408798e-5	0.00010397364144594016	0.00010397364144594016	0.00010720499900283332	0.00010720499900283332	0.00010471554240187738
0.0001	0.00010008926820142705	0.00010008926820142705	0.00016749830023393583	0.00016749830023393583	0.00010783690286015188	0.00010783690286015188	0.0001135233347520121	0.0001135233347520121	0.00012526148008886872
0.0001	0.00010947232581609195	0.00010947232581609195	0.00010747415433224887	0.00010747415433224887	0.00010805754875929019	0.00010805754875929019	0.00010728356216946492	0.00010728356216946492	0.00010740274475060223
0.0001	0.00010495429931525947	0.00010495429931525947	0.00010601073519375675	0.00010601073519375675	0.00010632581239449924	0.00010632581239449924	0.00010710294262761322	0.00010710294262761322	0.00010764337187605373
0.0001	0.00010338024952181855	0.00010338024952181855	0.00010575364413415421	0.00010575364413415421	0.00011458573070700478	0.00011458573070700478	0.00011172358429953065	0.00011172358429953065	0.0001190077706036412
0.0001	0.00010146816690412642	0.00010146816690412642	0.00010854973054347987	0.00010854973054347987	0.00010593799784264277	0.00010593799784264277	0.00010652417264952438	0.00010652417264952438	0.00010630817816597054
0.0001	0.00011150659498100217	0.00011150659498100217	0.00010357796313108015	0.00010357796313108015	0.00010499089024094399	0.00010499089024094399	0.00010669585545228263	0.00010669585545228263	0.00010631322299652447
0.0001	0.00010704922953505318	0.00010704922953505318	0.00012591431152446345	0.00012591431152446345	0.00011482081107414833	0.00011482081107414833	0.00012609973375728184	0.00012609973375728184	0.00011918181208935237
0.0001	0.00022718115349163037	0.00022718115349163037	0.00031469995173611406	0.00031469995173611406	0.0002394080385606871	0.0002394080385606871	0.00018193579030131583	0.00018193579030131583	0.00018365754724318246
0.0001	0.00010452724233472562	0.00010452724233472562	0.0001054510265167426	0.0001054510265167426	0.00010595139633875045	0.00010595139633875045	0.00010852039044942285	0.00010852039044942285	0.00010785641325470805
0.0001	0.00010488672050126612	0.00010488672050126612	0.00011510774931294215	0.00011510774931294215	0.00010549089788690181	0.00010549089788690181	0.0001068878732523558	0.0001068878732523558	0.00010658103738117417
0.0001	0.00031309207985951397	0.00031309207985951397	0.00015466705205078075	0.00015466705205078075	0.00016837621604557973	0.00016837621604557973	0.00018556762511981318	0.00018556762511981318	0.00018481532924722861
0.0001	0.00010708088866241351	0.00010708088866241351	0.00010441822790414062	0.00010441822790414062	0.00010502677026818652	0.00010502677026818652	0.00010736138083438087	0.00010736138083438087	0.00010721156388872304
0.0001	0.00014322002886277147	0.00014322002886277147	0.00014238109669573938	0.00014238109669573938	0.0001354568564367839	0.0001354568564367839	0.0001167760721767664	0.0001167760721767664	0.0001318206150633625
0.0001	0.00010582325755111179	0.00010582325755111179	0.00012550417033322796	0.00012550417033322796	0.00011423927827372384	0.00011423927827372384	0.00011480541101852333	0.00011480541101852333	0.00013009100936436883
