0.602554731240939	0.5829635275394661	0.6049731913649441	0.5817529913654818	0.601244321616733	0.5801141324592392	0.604737462933564	0.5785795701988546	0.5986548034362578	0.5772632797041587
0.6039207299915103	0.6122904797007019	0.6117103083830949	0.6109979853649274	0.6039932026892207	0.6097166677695102	0.6143203109337757	0.6080474777833551	0.6015295669216713	0.6061765807779629
0.6020025490895393	0.6081307443597791	0.5940158555263502	0.6083759287455415	0.606964739529714	0.6089654557025507	0.6074563281533992	0.6078634127412768	0.6184053140025636	0.6063550375435786
0.610401036933768	0.6137970002133829	0.5987689530398611	0.6113847357075846	0.6006418515046731	0.610371213307512	0.6027445915091455	0.6090826535456327	0.6069987811191542	0.6074335555059471
0.6014443545913944	0.6146516972482916	0.618692023052778	0.6135006773188768	0.6086978278776968	0.6121036383497258	0.5947935204822473	0.610547336852066	0.6099944194022054	0.60775998310822
0.463276397743297	0.6001815671852542	0.4641072969362664	0.599086722875849	0.47158415432047796	0.5975006023791829	0.46766233917952815	0.5959502236885539	0.46047879947183773	0.5945258207887942
0.463276397743297	0.603603699374199	0.4684077283010242	0.603468308017084	0.461194440762636	0.602658966548827	0.47248535454212137	0.6008352851242073	0.46049005625927325	0.5977906087830013
0.463276397743297	0.6015414272118117	0.4691116356117664	0.6002738339205751	0.4717236341814897	0.5992776376853721	0.46223503143511474	0.5976193301047888	0.4679686375103443	0.5950677783708227
0.4727897534618917	0.6026641940395792	0.4603270082570174	0.6019319043061412	0.4611911628593218	0.6015092214091469	0.4729920961848392	0.6009044363087873	0.47216581985785344	0.6003128391028045
0.4688532775218268	0.6036894605102535	0.47145098892388343	0.6036878400357826	0.46119491021631115	0.6041194161129686	0.4772299595688039	0.6027748507714243	0.4662961499685014	0.6005021846355032
0.463276397743297	0.6109495463850162	0.4603448537119792	0.608539487601402	0.4612053024967419	0.6056641803128802	0.4622483905596659	0.6027470075430159	0.4604918549684552	0.6005246735080023
0.463276397743297	0.5863080250048534	0.4602918529910973	0.5853312336647092	0.4736894880432385	0.5855985251786795	0.4622064457696311	0.5842134405608285	0.4604542940119168	0.583388205264479
0.463276397743297	0.5802679567187657	0.46027899482307866	0.5804889556639872	0.4611453265454303	0.5779459342171105	0.468129587279705	0.5763681249916907	0.4604389445878403	0.5757857872160945
0.4696251512399911	0.5848134115221922	0.46028865607539043	0.5836515944400824	0.4667325454824527	0.5835140663954802	0.4739797085387156	0.5828558384836615	0.47391490331444275	0.5815886084019778
0.463276397743297	0.5923376828929487	0.4687708946562283	0.5917548703893823	0.4611780668774331	0.5911801442006075	0.47285530803614173	0.5908782559990676	0.4696180181037991	0.5916194227567347
0.47422081825728357	0.5927668567890774	0.4652733899052276	0.5909011961971793	0.470105695875022	0.5900775633601719	0.46222026662032484	0.5884805022834116	0.46046535297170266	0.5865407553501496
0.4730280305579528	0.606389255886703	0.46033495634150423	0.6055199412150956	0.4647575868406038	0.6044580168304642	0.4622457920377118	0.6029348490700198	0.4604921965585197	0.6020123217213764
0.463276397743297	0.5723327355493601	0.46820577487535825	0.5709252850807258	0.4696839847277049	0.5693614220506293	0.4621726807632834	0.5678276719347405	0.47010455010852414	0.5660902424775969
0.47032889673878403	0.5920213475974716	0.4603041444949877	0.5906869995519758	0.46841956632071946	0.589793012158823	0.46221523066264847	0.5881856263277774	0.46046121529474193	0.586955759743583
0.463276397743297	0.6097234242320072	0.46477258807363064	0.6081789259005208	0.4612044588994694	0.6088366643541624	0.4622549006661915	0.6078579449976665	0.4698486871612651	0.6091341940678798
0.4727555429015889	0.6091331483915318	0.4603408475305002	0.6079992883285192	0.4687311249195408	0.6066313460794538	0.4715725508144442	0.6053561987072176	0.4660582110271996	0.6042561536756117
0.463276397743297	0.5949489042639843	0.46672444833123444	0.5949811255713651	0.4611762914179687	0.5957462256169731	0.4622262230875482	0.5946166465517234	0.4702858968888287	0.5921661528228231
0.463276397743297	0.5941469949624202	0.47044376590513837	0.5938703682927152	0.46117391209826913	0.5936292216579805	0.46222587410965854	0.5932032514225886	0.4604724624331949	0.5927256303566991
0.463276397743297	0.587445355318443	0.46667830479254463	0.587629285585402	0.47087235031646935	0.5847047528044352	0.4622046166912555	0.5840011731923221	0.4693989632539605	0.5822799292776268
0.4684789175809502	0.6049352951128228	0.4603319019977339	0.6037528292362464	0.46844445002246554	0.6028265136251069	0.46223890497930803	0.6014095908638981	0.4604858084976861	0.599159315937259
0.4691928706026465	0.5823545642734567	0.46028338861463153	0.5809951101775772	0.4674208770658708	0.5792515288323399	0.4699816644780896	0.5774691404571627	0.46513843907503993	0.576012282601407
0.46980747620163127	0.6030738272737031	0.4603279126038192	0.6016060536153769	0.46119045845770545	0.6011375020790207	0.46892485711523013	0.5991747263921496	0.46048098236903484	0.5963151616132996
0.47448770610137236	0.6130166953941601	0.46034926134522947	0.6129450162076474	0.4612147058938645	0.6137743747763257	0.47432792654955036	0.6129312485380853	0.47289939941824777	0.6109408098223303
0.463276397743297	0.5938649133199724	0.465069540623093	0.5931143674268173	0.4611723076446507	0.591256430491303	0.4697485545017063	0.5901675393120405	0.4672208530040673	0.5887491506933806
0.47523598713462917	0.5958525391639207	0.46031244837244034	0.5951378329389013	0.46876717932087375	0.593488123924796	0.47236685285059565	0.5921710825421936	0.4681643239611826	0.5908680196149217
0.463276397743297	0.603518084256404	0.460328804274479	0.602038125784742	0.4672499162687297	0.6026516770836675	0.47227226329784927	0.6024795054488808	0.4604881893916892	0.6010155408707019
0.463276397743297	0.6083877645136389	0.46972367371459667	0.6061010624335459	0.4612000629311512	0.6051284316687996	0.4671326344411429	0.6030096240453304	0.46049093650084016	0.6010748607268221
0.4709987316738423	0.6089810755698143	0.47362452595040727	0.6082877106957808	0.46659491000008363	0.6082179444405549	0.47057089403627494	0.6078862169473177	0.46049832031986865	0.6074758204126978
0.463276397743297	0.588480837085815	0.47745336474593053	0.5874642061285714	0.46798669590290526	0.5881375038888902	0.4761041683500049	0.5881039800774303	0.46046192126749913	0.5882935474176121
0.463276397743297	0.6176870061949916	0.46739583585554956	0.6157590964142695	0.46122071639918305	0.6154871504145656	0.4736282785098123	0.6133617221206173	0.46050973153155333	0.6108871672625806
0.4719868144439636	0.6053016842886378	0.4603326836993374	0.6046764085495543	0.46845146810177557	0.6047201380190355	0.4622463920689987	0.6049813312786516	0.46049848260753623	0.603891609249119
0.463276397743297	0.5953352600221131	0.46031128435923213	0.5956757599359054	0.46117777686046446	0.5959080808831199	0.46222801027832155	0.5959765928842599	0.4684542795350834	0.5955437672979088
0.47420045012113826	0.6043097558357815	0.4707311425034708	0.6021723160633092	0.46119529570864076	0.6006236406704955	0.46224465537169684	0.5980057745574792	0.4744114139675739	0.5954172826766057
0.47448771479719515	0.6137421998524909	0.47256366266258254	0.6124916841572499	0.4672109983157527	0.6121897299115262	0.47094020722984575	0.6101489066028022	0.4727070649853953	0.6077747876108381
0.463276397743297	0.5944805038008898	0.46957323373502713	0.5942853613722754	0.46117481168265323	0.59344352071904	0.4622201435422099	0.5930220648725476	0.46909914634803296	0.5925566535671846
0.47468052991517135	0.5909988874402458	0.46030197346567187	0.591194681397793	0.47287645024935715	0.5917122506816856	0.47077159461502216	0.5920319055750537	0.46047094965838425	0.5923265516362294
0.463276397743297	0.5935173292552591	0.4603073687613893	0.5928283728917046	0.4611716839294561	0.5924562415961595	0.4622189529662181	0.5919342093591996	0.46046723173463816	0.5912188145070633
0.463276397743297	0.605704743715403	0.4699834075069549	0.6048296940064436	0.4611973221969376	0.6034466347323758	0.4715129522879298	0.6023285909991338	0.4604909221291449	0.601327920707047
0.47257111449565203	0.6208883421515723	0.46036426211331993	0.6205047952562972	0.46123087161584453	0.620797090945147	0.4726087748684129	0.6195123322743626	0.4605320206623973	0.6167614438652476
0.4768268113108974	0.6178903246291556	0.4603597317551498	0.616664292977604	0.4612226521233065	0.6157641595311202	0.4702456676423786	0.6140607186152188	0.46533079285398204	0.6118144714462191
0.4709351924868386	0.5905294218963707	0.4687463273313655	0.589779225633837	0.4721855943579621	0.5905560210866827	0.471240176637444	0.5893771070208437	0.46046455973518163	0.5885454685529734
0.47296031538453187	0.6114295282707654	0.46034586607468597	0.6097246852140658	0.4695167994127909	0.6087168535326463	0.47131602848028525	0.606587816932914	0.4604968775223207	0.6044124064060578
0.463276397743297	0.5990566933096682	0.47108069063549035	0.5988067526029388	0.47189100105442905	0.5978748276754071	0.47093833363457427	0.5959609430000781	0.47055093065926773	0.5939536335148863
0.463276397743297	0.593557582925158	0.4603074674043769	0.5932641236659453	0.4611726400383638	0.5939885067666234	0.4669153989389911	0.5941532116396169	0.473378856265785	0.5940739524588821
0.463276397743297	0.5818762660177267	0.4694471856368584	0.5810671049796826	0.4705159187599079	0.5807120915314812	0.46219625305423884	0.5797253168094179	0.46044706065373286	0.5790770708552009
0.463276397743297	0.5815880863692723	0.4701180573034915	0.5808036205764595	0.46114598231229365	0.5805312344369444	0.4702041483047805	0.5808741859800669	0.47107797393023315	0.580007871290332
0.463276397743297	0.6075564474453612	0.47012574096230536	0.6064789821258089	0.46120084885600515	0.6053800569968475	0.47379030637671965	0.6041338733571807	0.4714090968739225	0.6030006536641472
0.463276397743297	0.5849577933223313	0.46028895045214474	0.5839994321966829	0.4611527803752478	0.5881639009112732	0.4753830607960146	0.5873442406808707	0.4705844423944921	0.5888147605779834
0.463276397743297	0.6076844765569779	0.4603378050860051	0.6054727865104249	0.46942502762386507	0.6047406944260711	0.46224396959742897	0.6030322838427796	0.4604900576783811	0.6005509172680964
0.47304206036798185	0.6164996310813848	0.4603567456557517	0.614427417972458	0.47159436263398585	0.612931336445798	0.46927455093224035	0.6117451716690958	0.4605083581054442	0.6088996825649879
0.463276397743297	0.6002107292708267	0.46032176507355554	0.6002597948137534	0.4719030819216898	0.6006055227107546	0.4693410747780805	0.5994399147978174	0.4604848980622532	0.597143945972134
0.463276397743297	0.5965513721882277	0.4603138049818307	0.5968722913964065	0.4611802823756485	0.5967664781800585	0.4622297131418705	0.5974911989289977	0.4604807050455156	0.5980388948368188
0.47487458774068275	0.5999230931460727	0.46032114747144226	0.5995098799967082	0.46118595539453094	0.5984985345779907	0.46223340618417563	0.5971534438285273	0.4658994953420984	0.5952870376341788
0.47110177894713723	0.5999735368554858	0.4694468917503595	0.599624753935575	0.4611862293235745	0.5992397733241047	0.46873508150163345	0.5987974371970539	0.47170072925594586	0.5977636471083722
0.463276397743297	0.6205090239837042	0.460365367379321	0.6184757025332945	0.4701208596252193	0.617204074660771	0.4622697582501298	0.6149559874769235	0.46051494705208756	0.6125973944620025
0.463276397743297	0.611555288877335	0.47489194825705494	0.6114397662896662	0.4700745478740203	0.6112293863084443	0.462257686042195	0.6110528994944364	0.4693435601807259	0.6109630040867585
0.463276397743297	0.5882263132476854	0.47230616971903794	0.5877245734260866	0.4611607580507786	0.5875015348607615	0.4710450329871658	0.5867011544112029	0.46560825501423664	0.5854537621078112
0.47628512044044874	0.6187137205300188	0.4603615062468541	0.6177682152326294	0.46994556829231604	0.6154775011534037	0.4622750346491843	0.614838463935539	0.4740526697616432	0.6133197037799748
0.4725910975892693	0.5953042766935241	0.46031121783317624	0.5950887263646197	0.47158247488685745	0.5947266933119196	0.4685953705759848	0.594742373234512	0.46047590378753367	0.5952176382163783
0.463276397743297	0.5832440483136827	0.4696480677610589	0.5807674572654724	0.4715915340469696	0.5818807075412598	0.4621978127416553	0.5837138150000181	0.4681071749120063	0.5845671018080951
0.4704101636279139	0.5817558812915608	0.47094189236418765	0.5810768771893504	0.46715476397675015	0.5807402406371626	0.4706222536681649	0.5802391985044146	0.4687330928397121	0.5792280196530057
0.47122264039834855	0.594429514033476	0.47251368713018166	0.5946513248112766	0.47420917027439524	0.5947052260709251	0.47219732943006765	0.5950658769658258	0.4655443145666339	0.594979685151682
0.4662340679870701	0.6120491554306563	0.46985470997219986	0.6119564456605748	0.46121258628664624	0.6116773681401306	0.4677763894269707	0.6115495237866744	0.46050665871694996	0.6113823291026375
0.463276397743297	0.5862551256213591	0.460291727349004	0.5852947427656566	0.46115556219114096	0.5833581607301431	0.472138071112798	0.581810537387762	0.46044864026529697	0.5801939335826669
0.463276397743297	0.6013042336758784	0.4701979650145701	0.6009239594296698	0.46118898287759896	0.6010123320342283	0.47308862921938627	0.6004324376010194	0.4604831799458866	0.5996551163343594
0.463276397743297	0.6153877104675608	0.46859884103114724	0.6142942515489684	0.47189059488601043	0.6129977269263824	0.46913334890265673	0.6117027947244613	0.46935093997981	0.609341720105969
0.47070802484990415	0.6042253564035464	0.4747539576854773	0.6028925040139392	0.46119320144136067	0.6020133625924963	0.4622375688183404	0.6008072931254299	0.4604846033267086	0.598527962994298
0.46661872032999785	0.6083060096671304	0.47319413804505633	0.6071294960611658	0.461202252282514	0.6057374637065487	0.4752123375337924	0.6049277132121669	0.4722540281345013	0.6037576002968276
0.47202848374941975	0.5809119061581035	0.4602803029703842	0.5797553567056594	0.4693576969522646	0.5784503538010948	0.4708414598571686	0.5771569895443649	0.467651271306462	0.5760712834043752
0.47295112218124385	0.6086501515487225	0.46624171978730966	0.6066296249847499	0.4724797671374309	0.606305171457366	0.4622460720202329	0.604039086321807	0.46049102084124327	0.6017595360013374
0.4710789704528669	0.5849662379397093	0.4602890203196017	0.5848609656137601	0.4698654970931638	0.5844355508409462	0.4622040668242579	0.5842300177930634	0.47178910690043735	0.5841678804320433
0.46944023214419034	0.6047352448990583	0.46995900708109717	0.6044930328828261	0.47160922950414447	0.6038845931702254	0.46941568140636175	0.6034576518546942	0.46049536926216195	0.6027961553195708
0.463276397743297	0.6033034536677735	0.46753009081802566	0.6004819697284314	0.46118808350271717	0.5992767909785335	0.4709049429621606	0.5982019647359635	0.4676744233553574	0.5970931171066091
0.463276397743297	0.6045032461046449	0.4603309742928436	0.6031556618874159	0.4611937642046298	0.6019823687107329	0.47486820580357314	0.6002216125883141	0.4705049580310385	0.5984890685289997
0.463276397743297	0.5893948865431351	0.4717889561718818	0.5882673935910631	0.4611619308496623	0.5882158357684597	0.4729600030053258	0.5875890826690031	0.470463729747142	0.5868067997871513
0.47135745660042716	0.5929895971915824	0.46030624784722585	0.5927338825047263	0.4611714940199665	0.5923662617608408	0.472447994074344	0.5919691268861538	0.46046779613167677	0.5915319680072196
0.472153571119488	0.5899287536034962	0.4602996514322688	0.5895583191831594	0.4611646792558324	0.5877680567725505	0.4738055761559188	0.585452942604854	0.4726871786194652	0.5857993051539824
0.463276397743297	0.5511375740144583	0.46021624649208065	0.5518334334108506	0.46963890498362837	0.5516019687875106	0.4621349325843503	0.5511340473077089	0.46038270638592005	0.5502125504670874
0.4708903006709577	0.5926574652085702	0.460305534705835	0.5925905806063383	0.46117117934195945	0.5931002391955464	0.4713870612049997	0.5934437980345345	0.46604825250927023	0.5937441352491721
0.47035947834201686	0.5882132199769663	0.46725810569991344	0.5867323853848064	0.47324575956092263	0.5872179767221812	0.47217392333124036	0.5860404864784657	0.4663274514503502	0.584986473065787
0.463276397743297	0.61371526697626	0.4603490607796181	0.6124702530825019	0.46121368332398743	0.6110400388112114	0.471540746009661	0.6090609446489509	0.4605079075118866	0.6075591283547714
0.47474631013474144	0.6104451254752434	0.46670955225369065	0.6106138053812467	0.46788923702735896	0.609573770291332	0.4688852206201135	0.6081540494012195	0.4605011144171027	0.6063739137783484
0.463276397743297	0.6025150628293185	0.4603266880549271	0.6014259437710837	0.4692705666497835	0.6001342675903893	0.46223680206032197	0.598908222703443	0.46048375620232534	0.5980222416098021
0.4725207807644912	0.5902354953634305	0.460300334334753	0.5892933069936798	0.4611641367158824	0.5910605839799934	0.4622178984043588	0.5906247166427937	0.4743701349309323	0.590691897537604
0.463276397743297	0.6011608594631582	0.46032380515789806	0.6007239640120419	0.4736761410467761	0.6005319574539787	0.4718008718950133	0.5988715456901736	0.46629485764646766	0.5957776793246493
0.47453188182295797	0.5967003575613853	0.46031422771236863	0.5966109619378687	0.472786468465712	0.5954678585265037	0.47072266033733084	0.5940293698626691	0.4604759099041637	0.592019592625607
0.4686410670119202	0.5985353616380362	0.4603181677802638	0.5982590855246468	0.46118328058051755	0.5971389707055047	0.46223057005715923	0.5955536855574901	0.46870362435164137	0.5933840521982353
0.4760989761733516	0.5947166343927748	0.46030993159974637	0.5941016979100362	0.47523956071437373	0.5936288901638698	0.46222323216314776	0.593269277514828	0.4604726900227037	0.5925100856019359
0.463276397743297	0.5578444090315307	0.460230691319646	0.5581735381013951	0.4710150880156404	0.5581771975013734	0.4621481324624662	0.5576600417921557	0.47266620325782804	0.5596263611889076
0.47078870739052997	0.5911993593207736	0.47202594015633376	0.5907026416759358	0.4611671504313571	0.5899645979330935	0.4622156003779207	0.5894685079413073	0.4697180426969905	0.5886329799097615
0.463276397743297	0.5977856728786498	0.47018290195561346	0.5978644310997391	0.46831397868223107	0.5966436237345838	0.46222773834585806	0.5952844081070214	0.4604747845257209	0.5932750776353337
0.4706582041863019	0.5985682147924032	0.46031815960317746	0.5984452597467932	0.46711866641843053	0.5988684303928062	0.4694276640699423	0.5998058919416845	0.47238556482697	0.5993602010142309
0.4712849920640072	0.5980331859928144	0.4603170895240608	0.5982308256772622	0.4719666935955029	0.5986307579945793	0.4622321754993011	0.5974310939071138	0.4604794134661708	0.5954130924933917
0.463276397743297	0.6214391118607433	0.46737907002330015	0.620081707295556	0.4612367613241063	0.6187222831555927	0.46920747469290464	0.6164944587398751	0.4681010509165424	0.6141236019226916
0.463276397743297	0.5904297936289347	0.460300751525867	0.5900732847674279	0.4611658046177211	0.5895448254656752	0.4622147247377436	0.5896595304530887	0.46046432561212014	0.5900609201579402
