0.5977791269851419	0.5235320827061583	0.6040597723874555	0.5212765435108901	0.6015307603226866	0.5176619172656561	0.5993200712994847	0.5162094750331184	0.6016784511115673	0.5153145341532276
0.6045125483087037	0.562378211053558	0.6094903259342196	0.5577968907554313	0.602076269462271	0.5505479471687236	0.620046980878021	0.5444840315809453	0.604924269906059	0.5368545060083194
0.6029577467921275	0.560135452226675	0.599403113097869	0.560646470610457	0.612131226177855	0.5594978761039069	0.6098696729192608	0.5592000353887744	0.62019902696521	0.55751750084047
0.6163804702718875	0.5559302524759138	0.6036978348695676	0.5511539119547453	0.6069364326693324	0.5510659565636269	0.600243736715166	0.551996882245477	0.6114750648926807	0.5553125067604825
0.6019363620154861	0.5803318550240043	0.6188512399118121	0.5766437887001058	0.6059534936791646	0.5697470509636092	0.598849555413391	0.5628483095914474	0.6093432561135347	0.5544987588920293
0.46219699112727747	0.5465412245705351	0.47342373747986355	0.5450558580337623	0.46934688483062925	0.5420780346784866	0.46994595001483586	0.5355239308215245	0.46151728901013667	0.5285807462816349
0.46219699112727747	0.5804017328294775	0.4718463354461995	0.5769887369103509	0.46240312337669587	0.5723558932695866	0.46829208804688344	0.5691751356985713	0.4615875039448088	0.5653659477589922
0.46219699112727747	0.5728080488914962	0.46719023475882676	0.5692073963281604	0.47413337349695417	0.5645330522353362	0.46003334788837064	0.56093591279887	0.4715387616376092	0.5580198355966115
0.4721137498330862	0.5770012460557783	0.4626389536124962	0.5758892403966208	0.4624007410956778	0.5746908116279718	0.4677311538849502	0.5735743637892675	0.46592862502390564	0.57248280002515
0.47481563342546035	0.5605570862702972	0.46968986626949705	0.5583435818370707	0.46236276518054775	0.5559264036438868	0.4714393983384859	0.5543972927011154	0.4718294367258422	0.5524050935319097
0.46219699112727747	0.539980481207518	0.4625618046950039	0.5329414398045104	0.46230782513130064	0.5255068328726127	0.45994937709286837	0.5187665771178327	0.46148441789683226	0.5147157612846014
0.46219699112727747	0.5331366004842208	0.46254752251055836	0.5316772861114202	0.47026275129688727	0.529951135373489	0.4599588688166806	0.5294642680392248	0.4615044348889957	0.5319113727346304
0.46219699112727747	0.5055608514086279	0.46249008459956803	0.5027910634637157	0.4622425712212257	0.5005201633135642	0.46798960122415867	0.49925579909804435	0.4614430656620452	0.4972440654120217
0.4707783614120478	0.5331744572042818	0.4625476013990797	0.531416702469998	0.4744088450080092	0.5319201541969416	0.46795401361733174	0.531855513607876	0.46998850194384917	0.5344499680155796
0.46219699112727747	0.5350772837613351	0.46991344548048164	0.5300054299076115	0.46230450181628957	0.52537272268671	0.4669429154446315	0.5217416222306663	0.47312996092837717	0.5174339223496967
0.46997140133070825	0.5544408550062523	0.4694409298064785	0.5449280632459628	0.47415808480509364	0.5343446641591656	0.45996883633050434	0.5255092390044388	0.4615155406020984	0.5177751224455266
0.46837971309960535	0.5181752311349942	0.4625163346610658	0.5180432664846898	0.4746126942974365	0.5181394772097743	0.4599334358215316	0.5195645145228985	0.46148604579281527	0.5228924394606338
0.46219699112727747	0.5158519317829618	0.4724790628774608	0.5116338008333955	0.4742470187088224	0.5063920568508297	0.45990821754808053	0.5018508410576973	0.466412248711684	0.49849452696565383
0.46730237288909837	0.552917479579712	0.46258874331988825	0.553516551268947	0.4684329177399412	0.555372413426026	0.46001358388955427	0.5581655633823592	0.461566698053594	0.5580727455308448
0.46219699112727747	0.5298296408364499	0.4715804040054078	0.5238977191929696	0.46228813105187366	0.5211557668620523	0.45993990623060843	0.5200036990259108	0.4687401522219376	0.5192302328099273
0.4683134178240504	0.545588676120861	0.46257346014795875	0.5463807230767206	0.46915526654247847	0.5466162602236873	0.46761317142791403	0.5475728841525145	0.46865046817371075	0.5503041315625584
0.46219699112727747	0.5650551823378155	0.47451715080941553	0.5629507224486766	0.46237273756320785	0.5604380354802829	0.4600273343369189	0.5584194679741737	0.4701316158587243	0.5556863924021048
0.46219699112727747	0.5432816384879724	0.47232075437959103	0.5429705737317888	0.46232949006005875	0.5448742972753454	0.4599904563803099	0.5453771108208039	0.4615526122420528	0.5478269662690389
0.46219699112727747	0.5597527349022114	0.4751069865323522	0.5590171769611244	0.47519636217299	0.5579483370076239	0.460019128306032	0.5568809614772436	0.46892372682114264	0.5553882003732185
0.47021446300446335	0.565518335530373	0.4626150141757968	0.5621697791527297	0.47086573159209144	0.5587549452622087	0.4600220618686272	0.5563998585929596	0.46156234370292426	0.5499398788672855
0.4710539752789747	0.546998868959413	0.46257640970342123	0.546987745583325	0.4717097703423761	0.5468737097415575	0.4634154504616634	0.547231420488125	0.4721716626714757	0.5488680051895808
0.4754883148761791	0.5784898865126823	0.4626420463324445	0.5743521436629843	0.46239742842345627	0.5689437555002669	0.47295124008746203	0.5647243613280569	0.46158097753566785	0.5602150447560043
0.47076985813899913	0.5671472993744229	0.46261840887933353	0.5666992316053939	0.46238085137924667	0.5663575532080887	0.4674551670553427	0.5665198158820374	0.47317542848697414	0.5647447997577598
0.46219699112727747	0.5663165943906582	0.46914274425369246	0.5655457699152122	0.4623783532162253	0.5640043474130377	0.4671992354005833	0.562643550062403	0.47188939733470797	0.5615050027792784
0.46685296452711955	0.5242018010479862	0.46252893242326026	0.521800208676821	0.46865741396034843	0.5195621570720489	0.4712696246175403	0.5177029803936383	0.473298362785023	0.5159571437359892
0.46219699112727747	0.5497765084351464	0.46258219794551825	0.5462454536123109	0.4665602252889238	0.5435109845842352	0.468412884980937	0.5401322242506046	0.46153300550253185	0.5383753209347315
0.46219699112727747	0.5834081870704869	0.4722589785459815	0.5809667650109618	0.46241175813025465	0.5767235889211073	0.4731138874845973	0.573439875073514	0.461607925932222	0.5691063945636431
0.4728242786527573	0.5474950368835725	0.47306981313733965	0.540657990965924	0.47299718533770635	0.5341660373377202	0.47304383349169105	0.5292025830471712	0.46150741360651	0.5236713453688415
0.46219699112727747	0.5698154102290689	0.4699466234312108	0.5679359130545408	0.47009229430481914	0.5656264387521986	0.4664506536033366	0.5636861086596654	0.461574971961585	0.5612563206884715
0.46219699112727747	0.5794168274750098	0.47228088022216647	0.5719356641850548	0.4623922215489356	0.5625247731979801	0.46725514699325593	0.5552113552940988	0.461560556085468	0.5464039482377643
0.47593736643602064	0.5730717177290494	0.46263074368666246	0.5726791383716943	0.4750097949512958	0.5727236456159069	0.46005096608185575	0.5717009354178026	0.4615911146336252	0.5709367588999914
0.46219699112727747	0.5633164316812503	0.46261041423134774	0.5611887172792848	0.46236892361871035	0.5586704728700344	0.46002071729295796	0.5565357743773526	0.47324970278135675	0.5538383529630755
0.4714425929020097	0.5692280404999375	0.46877055027043457	0.5622357842496355	0.4623686567730681	0.5535356463963976	0.46001042736196807	0.5450787893926343	0.4710414648634179	0.5345289341567123
0.4706261876599346	0.5767257682333877	0.4674643584462434	0.5707031629771188	0.47580384070656334	0.562501751233756	0.4694461325827982	0.5548454097591873	0.46772442116364477	0.5462624978917936
0.46219699112727747	0.5596584635638627	0.46916027249748227	0.559866203441355	0.4623660493595566	0.5606621842192442	0.4600233541355544	0.5605689838302155	0.4706434566386005	0.5580275049324566
0.4681492103443178	0.5641663576426218	0.46261218543275867	0.5628120283387649	0.46930224857651154	0.5618973583218919	0.46940266666775443	0.5617635627805948	0.461571387969908	0.5602086376623938
0.46219699112727747	0.5434971775998568	0.4625691126275212	0.5440040128364485	0.46233172690527224	0.5457256965715601	0.4599900267010233	0.5462611734985359	0.4615486224231102	0.5489992192808488
0.46219699112727747	0.5299198617373685	0.46861652523235603	0.5293478944359868	0.462299960015821	0.5289962575496296	0.46650449225555163	0.5304444417419097	0.46150877788441963	0.5325525994436839
0.47076010984992644	0.5736120137284997	0.46264908229758084	0.5738478403270787	0.4623963248123338	0.5731912567382714	0.47547560388129795	0.573237636558151	0.46159936368189697	0.5729799231136874
0.47079732115078793	0.5817747560995109	0.46264889181743685	0.5813753256168047	0.46241264248458375	0.578036750133626	0.4724774540906814	0.5721982747989113	0.46783894309244145	0.562983301259244
0.4687135915280376	0.5474193893195215	0.4671804428987427	0.5463098800028092	0.47298676770172804	0.5447619700429462	0.4721530995874022	0.5460498066220355	0.4615386381748393	0.5492784619308391
0.46824469554650183	0.5875838684880755	0.46266099763264973	0.5862672469604284	0.4693533127402415	0.5831566762103021	0.4704523414879586	0.579628009331143	0.4616143137705633	0.5752657238634883
0.46219699112727747	0.5622257345207262	0.476033648631007	0.560064193055567	0.4705273737010542	0.5574651991637776	0.4636007344967892	0.555334609208797	0.4737298360380739	0.5525831023174521
0.46219699112727747	0.5672195755230212	0.4626185481730529	0.5651794754159526	0.4623775500780276	0.5627002749966127	0.46659933255460084	0.5606138393048057	0.4679372327243701	0.5581346332190814
0.46219699112727747	0.5299058660021969	0.47134063683300614	0.5284192449974076	0.4736359427665263	0.5258527188980229	0.45995004775573634	0.5235945159798066	0.4614944887184117	0.5226276264962999
0.46219699112727747	0.5684827759411604	0.46755005816501677	0.5665295929283898	0.4623804724382747	0.5642143275019185	0.46729288846973055	0.5623009245627537	0.4742716524568508	0.5596498907001003
0.46219699112727747	0.5163714276122396	0.47026941073774176	0.5158102649772321	0.4622706594896862	0.5146390695784104	0.4675051330045422	0.5144117836547877	0.4709171372537029	0.5150524631265869
0.46219699112727747	0.5290028472316202	0.46253889774147877	0.5244549898788803	0.462289369910855	0.5208644216675947	0.4666742795636948	0.5196420975287117	0.4726722816711163	0.5185835844136475
0.46219699112727747	0.5746224295862916	0.46263398674398704	0.5712629747804551	0.47353542358745887	0.5665184489735445	0.4600340371496059	0.562465674586115	0.46158180922385234	0.5556300504367826
0.4652943223604541	0.5725348415168824	0.4626296477374553	0.5651512032123074	0.4724804904029035	0.5552359996350786	0.469226250526428	0.5482373827905607	0.4615551181585371	0.5389478391084085
0.46219699112727747	0.5614061661245691	0.4626064445458496	0.5593202525620963	0.47084308548358705	0.5566742244849517	0.4650887051585383	0.5545377827364332	0.4615591518337263	0.5517495616316583
0.46219699112727747	0.5047848197814416	0.4624884453075375	0.5021853763379441	0.46224112854409666	0.5004839911690444	0.4598954055111407	0.5003208208119472	0.4614458290474449	0.49999877267382803
0.4748595585303578	0.5655055228690096	0.4626149874746495	0.5628948405517057	0.4623726283970365	0.5603902709648177	0.46002443064685344	0.5582987961091218	0.47480065089154044	0.5556589546864434
0.4720206521821692	0.5751627955585594	0.47162345411549084	0.5754300721024987	0.462399737666911	0.5725064436680828	0.4669998705289331	0.570707499023176	0.46994168239172074	0.566613812156536
0.46219699112727747	0.5733482537781958	0.46263134286914503	0.5663117819131079	0.46678123493677937	0.5565242141400086	0.4600133000414674	0.5482852996162723	0.46155514525664126	0.5381439594043904
0.46219699112727747	0.5547668170803761	0.47172778831897894	0.5571160967073482	0.4714796889777488	0.5592993674604755	0.4600191854492766	0.5611169614383353	0.46840476227818423	0.5654417865805469
0.46219699112727747	0.5296838036777497	0.47538431712186985	0.5285785131623446	0.4622983169994064	0.52753672993769	0.47007677047579094	0.5277363927254466	0.4738092951428035	0.5306823665657611
0.4812257122213229	0.557423833537915	0.46259814547622724	0.5560685659345368	0.4728083765683981	0.5555263233868258	0.46002344865816763	0.554690160345712	0.4754229442924664	0.5485644947652247
0.47085690782817285	0.5647131901966523	0.46261334664515324	0.563313704461577	0.4727769752051057	0.5629911890961687	0.4712498739565951	0.5626230181648761	0.4615726785654077	0.5610082728771973
0.46219699112727747	0.5161668424563817	0.46934919489952587	0.5128673410591571	0.46979854220158473	0.5101765252806467	0.4599148514413556	0.5086140516002329	0.4688169868417369	0.5068598728044126
0.4710946362846656	0.5665799750029437	0.47047535124273626	0.5668812622410266	0.47035923692525883	0.565107228028128	0.4657116123208102	0.563156746940802	0.4694348359455915	0.5604832791555235
0.4707707459006611	0.5633664568234328	0.47156467587629247	0.5613747818943445	0.4739205326212732	0.5586818627481441	0.46823214144644026	0.5565663740345143	0.47111144008524597	0.553837240920565
0.47092604932020704	0.5556207846105612	0.4732955728369249	0.5569702647027551	0.4623597919022141	0.559620410497496	0.47008960681464323	0.5618083399133517	0.46157627110752586	0.5650582934185114
0.46219699112727747	0.524959153496734	0.4625304712976687	0.5209411973319128	0.46228176473953186	0.5193390266780109	0.46807611964965207	0.5177549451777809	0.46148078157346556	0.5177355047747386
0.46219699112727747	0.5391497875234019	0.4705374388623992	0.5352168870442144	0.46231268525631375	0.5319756976218916	0.47059304717760764	0.5287700570219421	0.4615068717698994	0.5268721195358845
0.46219699112727747	0.5776378686438777	0.4732650096674799	0.5713650462237599	0.4734787019152658	0.5616674944201018	0.4708814283382089	0.5534442178818472	0.46856968171131874	0.5431235984328431
0.4696139519786791	0.5643211241362376	0.4720256215298025	0.5604104148065255	0.46236726231022374	0.5577157729974893	0.4600172541685213	0.5552162842603499	0.46156314984621855	0.5486073771119908
0.46884628573340537	0.5454146286804529	0.4691472214183795	0.5447118999423416	0.46233323650808805	0.5460491589266397	0.47047237580849305	0.547368051336407	0.47311584285732977	0.5505785191853775
0.4713463360323778	0.5662158988183394	0.46261647813662865	0.5653638488351379	0.4790146035481734	0.5623110679016807	0.4667024326970516	0.5597991571306643	0.4729659186834661	0.5574669050791369
0.47069581508754865	0.5717885518931353	0.4683369869538366	0.5678812285629791	0.47437626322056703	0.5625327651737443	0.4600280310292927	0.5565778415292472	0.4615645039692892	0.5468037048331756
0.47017170840832156	0.5657024214858258	0.46261540810254137	0.5638724244867452	0.4678542592577805	0.5624610639085915	0.46002886478021593	0.5613111883130764	0.470060979790725	0.5599680663955184
0.47343190886823794	0.5783782053205346	0.47107016559835124	0.5771656083880773	0.47463598947102936	0.5758578999452365	0.4678824634114567	0.5746868697617329	0.46159880421432825	0.5737605989123719
0.46219699112727747	0.5346905345076555	0.4709692298589251	0.5277156984974852	0.4622965132863349	0.525613097009777	0.46811654793208457	0.523092000825835	0.47018814373933027	0.5214765727962927
0.46219699112727747	0.559788619345817	0.46260307362531494	0.5575699879386551	0.4623611139442181	0.5548256624770656	0.46909185825281213	0.5514005317133098	0.47592149120093735	0.5432904437283498
0.46219699112727747	0.5332818355936567	0.469800429935873	0.5316692345210001	0.4623050176563471	0.5327322267362493	0.4645893692737057	0.5341094710844989	0.4726911311069144	0.5360842397764349
0.4684085492075893	0.5558009134660085	0.4625947743233708	0.5579939783032465	0.46236199687188023	0.5574084489228941	0.47121012508440646	0.5591553235447334	0.4615768031049852	0.5589100078919397
0.47122667793052686	0.5371958746230548	0.4625559815169489	0.5382699544404467	0.46231930455801246	0.5399165816113113	0.4660694070800943	0.5408825481536608	0.4690370353971263	0.5447980696759819
0.46219699112727747	0.5388396963793081	0.4625593864632464	0.5337432494845098	0.47170578866229057	0.5303198289757447	0.4599583369086787	0.5265355786359188	0.4615062214625551	0.5223078027225326
0.47184353284377156	0.5671417571555503	0.46261838600394073	0.5649332160819129	0.4623770170438333	0.5624665732117629	0.46768722984668437	0.5604543153142543	0.46844763036798875	0.5578737444994218
0.46743914205437886	0.5604506409681117	0.46998265075241763	0.5583045099042593	0.4721709051783131	0.5568283925466329	0.46849426578132786	0.5578577115722059	0.46966566711787744	0.558527434995997
0.46219699112727747	0.5594848514498223	0.462611044293361	0.5584551309038681	0.4623630299185833	0.5522589808161644	0.46884614670102875	0.5459905538494838	0.4615561712396206	0.5382344024763683
0.47088426160010255	0.5594898749817645	0.46717716762295874	0.5573440087189755	0.47278345268958916	0.5562792452558027	0.4695501961371829	0.5541172174701365	0.4615567371631148	0.5533187965262127
0.46219699112727747	0.565579641777599	0.46261512954363	0.5662808834756281	0.47030358316012544	0.56474358112272	0.46003375435921345	0.5634758062838574	0.46157778221870566	0.5621378823896002
0.4758379172901085	0.5703426355073741	0.46262505644867713	0.5675225781073955	0.46238262177597395	0.5650742419263752	0.4600345011300363	0.5631190819752154	0.4694557952461879	0.5605823047227723
0.46219699112727747	0.5777358875516108	0.46264047503796296	0.5742165552022068	0.46785634615719	0.5692493557693382	0.474120340124782	0.5663271000473897	0.4672813796716363	0.5625420700517496
0.46997177733593254	0.564124635574604	0.46261210975153383	0.5620185499350687	0.47300070546632333	0.5594800297405892	0.46836200523959326	0.5574015417753276	0.4615632441735988	0.5546196303355496
0.47304004868953076	0.5632149068682885	0.46261021390608653	0.5611631484600094	0.4623688800306649	0.5584913108978662	0.46002034317367557	0.5564207172312725	0.46913342279770387	0.5537932693739259
0.4739626440894091	0.5419515197785536	0.46256591342910675	0.5408049619932416	0.4707653302319031	0.5411374206298305	0.4599829444435372	0.5427234922144591	0.46153180089360574	0.5460341882291834
0.46219699112727747	0.5248090254884722	0.4625301606386238	0.5208309187012274	0.4710740465016468	0.5166297780881757	0.45993003096169605	0.511726049596941	0.47393110107686	0.5072420519434848
0.4740301643305533	0.5625904935196653	0.46911156417911787	0.5642310801627601	0.462375497253511	0.563146615884903	0.46003034038662016	0.5614036724919997	0.4749254193622763	0.5586950205017102
0.46219699112727747	0.5672846061616887	0.4709685065569271	0.5637971735700771	0.46861290812552664	0.5609124974415398	0.46002813323511277	0.5588442238922592	0.4615662983248105	0.5562631074408232
0.46951122286271396	0.5238259052729995	0.46252812251318487	0.5228709411223171	0.46823604138329705	0.5230024752548652	0.46611889487688957	0.5227535847203623	0.4706133023334296	0.5223015547598278
0.47374865000717176	0.5625472530279614	0.4626088225363473	0.5604193752333965	0.4729201878267958	0.5578175619110096	0.46002190299610873	0.5557353388965545	0.46155977084641925	0.5529004527425827
0.46219699112727747	0.5637791142618654	0.4740409585573437	0.5579955151595767	0.46236141963259425	0.5510224884010331	0.46790549747105026	0.5448661862632992	0.46741708475178173	0.5363941566981743
0.46219699112727747	0.5655570379261555	0.46261510513805854	0.5639931392509008	0.4623749822244833	0.5626203332532207	0.46002920759724225	0.5628496513197655	0.4615764851873988	0.5611134212831317
