0.6530418518109614	0.5465956077632991	0.6574707291676842	0.5559142309381957	0.6562985637449008	0.5643484312941045	0.6576461263777846	0.5746236710729548	0.658856039305692	0.5618459314846491
0.6605637704509221	0.5291766229520315	0.6631656833674492	0.5391447873585126	0.6591596034184516	0.5545573144159205	0.6549264352483427	0.5766416392837922	0.6548177645691022	0.567850613804042
0.6551137067258469	0.5410465376655105	0.6619657752795302	0.536586335058174	0.6575528583635502	0.534155933085489	0.6553948059550917	0.5345998343330218	0.6555779101470394	0.6009124267884813
0.6624226568673764	0.5773393114234854	0.6663160663713822	0.5767572531661811	0.6690321284295182	0.5752008983548599	0.6526756613218284	0.5720492990879954	0.6623823831051524	0.5847332588324718
0.6559010753609265	0.5497840485288823	0.6615224676240002	0.5494151717140859	0.6584009949251972	0.5514285056905974	0.6552440517506696	0.5521715962478363	0.6631193644549468	0.60636779596431
0.49513072182313217	0.543101736442247	0.4799440378589667	0.5473961618917043	0.4835525641330188	0.5550595176592302	0.47976270337035215	0.5673238112378098	0.46923286251699475	0.5938438242602582
0.4987756000086204	0.5602154890135534	0.490745314198302	0.5655995753129236	0.49689482119653783	0.5685849415526312	0.4944279669105281	0.5727658510642523	0.48302819300978495	0.5747602720798866
0.4963136916537793	0.5141058888981309	0.48343739674478575	0.5222368692497786	0.4745954558966453	0.5404788229785384	0.48178654617255706	0.555295373058458	0.4786832490007127	0.590671698113019
0.4833219793553457	0.5579705194814079	0.46206020213966587	0.5581987272365848	0.46922340608228824	0.5575891129669993	0.46894984474315576	0.5609563933299935	0.46025315969498803	0.5962094879094408
0.4797675680491607	0.5576807535478919	0.48793173677924545	0.5649717089368504	0.4686062016739852	0.5780548563121737	0.4941787017713271	0.5808771078441105	0.4734415828999919	0.5953826590400454
0.4642471466815201	0.5772678339450419	0.48660663752591	0.5781051799639586	0.46595600418640615	0.5784503545732553	0.4819700974435341	0.5831000529336464	0.4819322396736884	0.5800240005941014
0.47147654514680204	0.551144495463247	0.48361907690599143	0.5594727384068954	0.47772330986480477	0.5777617742024521	0.47047383057380776	0.5915230018999285	0.49255612933143156	0.5831790936076793
0.47892964699407725	0.5570879015037397	0.4773992736039732	0.5591330776603507	0.4881497719759686	0.5636632378240575	0.46206873261693854	0.5742856690339144	0.4645860009521059	0.603822986976831
0.4952466546294287	0.5498336498439284	0.48395661325887124	0.5607490576496701	0.4905374910061178	0.5803040233084076	0.4681263466763451	0.5941840167259006	0.4990793212891596	0.5505504769127916
0.4829993852753028	0.5289620768275238	0.46200079700854374	0.5401770236528605	0.4961656293633575	0.5569430563999552	0.48779477912008734	0.5756217097215552	0.4702362572308772	0.5662489195732088
0.4797580746834155	0.5806879689231745	0.489281877393511	0.5814281874099844	0.46089052571293665	0.5840591550945001	0.48277385529375927	0.5860123003603356	0.47579747177277804	0.5855146639339135
0.49013238697299066	0.5225036049067121	0.47751074840792024	0.5334331651056556	0.4810288308925342	0.550645062219526	0.49956365616979503	0.5666743262330843	0.48058331059866655	0.5712510524353492
0.4723672637687549	0.566570827851394	0.46906287898576754	0.573390024919166	0.46582685457407796	0.5745222232084375	0.4795394537891862	0.5765162341984666	0.47860005057753313	0.6012434587770922
0.49966371760834505	0.5652773047396042	0.49588229955689267	0.5688951250752199	0.4917474514278121	0.5731711531993591	0.4783181072758676	0.5809985632498453	0.4843958746035854	0.5866538876675805
0.4836871362612318	0.5480487505821265	0.48943366282815526	0.5529595179755623	0.4833849281621247	0.5602425163131646	0.5030687370904825	0.5694758909877364	0.47399563738923317	0.5940988386502813
0.4887616300109477	0.5458918153970445	0.49609020306816903	0.555253229420015	0.4901590576793033	0.5682265902072621	0.49327579653679743	0.5863418446256796	0.4681887638900445	0.5533185315648248
0.49933032318285003	0.5448630942747701	0.46203260686009867	0.5535862471318314	0.47290227696481824	0.569406370871097	0.4920794423335917	0.582507232447782	0.46922163932837796	0.5805963429607811
0.49398678307905547	0.5501408367319164	0.4992981782935522	0.5618852908726435	0.4724356154445592	0.5793797199830627	0.49370951914918393	0.5855866491424114	0.47456095169857	0.5723225131827636
0.497807914123193	0.5532401777695592	0.4674112970747986	0.5574543693582449	0.4907964059144055	0.5715086123829017	0.4961809747271562	0.5824375881706297	0.4602917935263509	0.5606305430344234
0.5001932757901246	0.552915095307878	0.48292184392282866	0.5550767971765288	0.48094722804766527	0.5562657371083426	0.4890909876946713	0.5618685650786791	0.47669474199678025	0.6032191853719452
0.5049263033404807	0.5391093086514896	0.48766490866361173	0.5449757949163542	0.4777522849096958	0.5605837677671479	0.5021778791222488	0.5768157741234453	0.4857598031285438	0.5734382048606499
0.48851323321384005	0.5256652646461052	0.47357184012980524	0.5381340537051281	0.47101626476094555	0.5560089608182378	0.462053202588684	0.5730258429459247	0.48180799154990367	0.5697191430751405
0.49260508099685724	0.5475551712263182	0.4930849129110579	0.5514491339121662	0.47526578402114367	0.5591153805782612	0.47836059847677376	0.5687460354090103	0.49294252146986833	0.5950672669118503
0.48036350060557387	0.5681082366721741	0.46207632636584783	0.5678845541684436	0.46598775549117516	0.5668245612014053	0.49917040234762344	0.5682263955470792	0.4912235963981299	0.5787677334000243
0.48745586618570375	0.5353182655999215	0.4919836584780984	0.5447188225166374	0.4791431705163835	0.5649724034178691	0.469008509640298	0.5829752344548934	0.46628614867621015	0.565204448303594
0.4919684246218517	0.5773280200446705	0.4884201789698244	0.5784313536228213	0.48045774021028587	0.5814586056955909	0.4888897266035966	0.5812810722396133	0.47640125238912107	0.5909227946753215
0.506930722837101	0.5445220537520195	0.4712577681571857	0.5516599101936198	0.4740426863861625	0.5673012027484109	0.48912097962914103	0.5808268437225325	0.5002722127698895	0.5815642549614627
0.4792018880298877	0.5390425957008712	0.4694488735082394	0.5427591634585439	0.4873204994072269	0.5536766667650231	0.4965203189090049	0.5712380938106013	0.49118562399888843	0.5822533329915547
0.489770396754647	0.5364457988234271	0.47280194696983036	0.5462479126975863	0.4880956510484213	0.5613436786774787	0.4958802742387316	0.5807964467211189	0.46029104791161135	0.563337445580177
0.4734620188123555	0.5562326909238295	0.490900158835398	0.5585376036854799	0.491909662055217	0.5632537840955834	0.49149139380214296	0.5685155179099536	0.49715117937000447	0.5986531450346236
0.5028520231238248	0.5786859218973297	0.4952264809911874	0.5791002329367677	0.4914396993355351	0.5820017210195768	0.47819427804191483	0.5805844434996368	0.4819845062423884	0.5877335937232032
0.4754980233877701	0.538238859470341	0.48343496407172676	0.5424232616027996	0.47494143850605136	0.5484925712684691	0.4882207099371282	0.562778191802767	0.47555595269456497	0.5680407709552526
0.4700864701714996	0.5535823963024277	0.4656524540757826	0.5570974077093871	0.49955985654101226	0.5698102376577394	0.4818949721493489	0.59031234355467	0.49145090645928624	0.5627476262544445
0.476716619977941	0.5530682785217398	0.46204897076176416	0.5650590815418731	0.4768835404069258	0.5825500224997888	0.4814210861039766	0.5970664461039775	0.46758482560511744	0.5532055573108091
0.48055888190741863	0.5756531750979111	0.4716925372412758	0.5772767249710887	0.4868461849088583	0.5841628847318718	0.4929720424604329	0.5898797892621672	0.48944806112711015	0.5839940494673044
0.508571315796994	0.5803755533586202	0.46210596102287527	0.5839924566642446	0.4899947791018899	0.5864572658353621	0.48915491185883886	0.5904296318670771	0.48776848368169734	0.5767130550632655
0.4949495781666686	0.5378070192432023	0.4620185141244895	0.547206370417666	0.48803493697993217	0.5625889183655284	0.48638195295177117	0.5805999045868969	0.478795504840315	0.5619569122892168
0.4761270518307833	0.5804174839100131	0.46986859449488955	0.5830373303679766	0.4939333913940996	0.5858371852597178	0.47673227849461025	0.5894601172524228	0.4602994548184556	0.582294720914542
0.494809220742829	0.5450061287951006	0.48283017198996014	0.552965628898206	0.47152863356541347	0.5681457848011576	0.4659240422532887	0.5757353400203613	0.48525299386142073	0.5750791175048645
0.4872637202602452	0.5824239375750709	0.47803823407162543	0.5854498072213467	0.4701917827801827	0.5871240419446863	0.4621176057722072	0.5897834847676435	0.4697960302878976	0.5938670105338146
0.4861194370440174	0.5478570932632965	0.46957324808829587	0.5540666891093318	0.5004663879961534	0.566716375605102	0.4913013669846848	0.5818658623901073	0.4904630026706369	0.5839643448636589
0.4740856269461982	0.5521118019057913	0.4793523164916793	0.552437414649755	0.49502032165905413	0.5564139645341654	0.49220300996852157	0.5669699028244397	0.4668050286104348	0.5784644733641227
0.4864467036127218	0.5325885724985975	0.48293734951055883	0.5354735234374876	0.5026860258726873	0.5506017528515587	0.497775819299403	0.5673252080143446	0.4979522400953759	0.5807686129585458
0.4814484170877779	0.5328423733982026	0.4848331520641892	0.5379004009145005	0.49452786179338315	0.5541254479154137	0.47881775061909715	0.5720761032077945	0.5004617941576002	0.5854819420810151
0.48218352327986064	0.5574063230982779	0.49023392882941835	0.5587035050191439	0.47210379217177756	0.5632620388031444	0.4677849126053539	0.5678825433411423	0.4772143077735328	0.5811431796402385
0.4718601917704889	0.5580515995577051	0.4996778814029971	0.5677806281958311	0.4752851095050478	0.5755039345203457	0.4908947502624351	0.5775569073687812	0.4966497992267002	0.5663338707836638
0.47540174028665333	0.5522701367485444	0.47361497778359696	0.5619612738884762	0.4811437103553139	0.5736368801395862	0.4671502766305269	0.5835946959424719	0.4920062712720083	0.5782482099707515
0.49150051397885586	0.5709732883657511	0.49072636503921035	0.5706265289728377	0.49481514147662725	0.5696675592960421	0.5048972890023362	0.5726999626998662	0.5020838239346447	0.6095468283849576
0.4939572192643691	0.5387444777675284	0.4969012132824234	0.5444393252168348	0.48620322201585514	0.5594277833425327	0.474350786059677	0.5733536373575887	0.48642662200860226	0.5883256018909058
0.4971800007714406	0.5537670259205241	0.4620549643017551	0.5557811388844986	0.491922035739272	0.5602788225978479	0.4816763288268551	0.5670050597294534	0.4789187916514722	0.5743530960447855
0.47373566455683597	0.5436501341571919	0.4930439305405616	0.5544349908106867	0.47686402321130167	0.5704920844774319	0.49131368336415354	0.5774616524538683	0.490063828940769	0.5826834448836746
0.48646866732932637	0.5389512926433621	0.4899930172154656	0.548947380761852	0.47854436742579737	0.5651487035412871	0.49610231123796195	0.5771563791675887	0.50150802106675	0.567242928984099
0.49154806664322753	0.5514487088021386	0.4684587629121305	0.5576208620965594	0.4926427867692816	0.5651790081940792	0.4906356714089314	0.5753894884016036	0.4843041133535858	0.5578610593497662
0.4939138934831189	0.5211345161725467	0.4819939714979065	0.5302778402073631	0.46813624011878474	0.547765553137236	0.4694158937400903	0.5635080323599423	0.4943610994599991	0.5889378648277063
0.500562054467011	0.555450931121108	0.4932241872973976	0.5683475364456929	0.46087426142095356	0.5779400536201291	0.4777119156849813	0.584518126644811	0.4703897112794713	0.5700512261771638
0.4900833891377679	0.5700709921588362	0.46208529630453854	0.5692285416884211	0.47169442048342886	0.5678576581126462	0.4852481297443349	0.572820722258349	0.47866786224386043	0.6127886029669201
0.4642471466815201	0.5509057934635962	0.49112169130450056	0.5646564697604929	0.46086790390331833	0.5752898702658825	0.4960528474292017	0.5802180693613476	0.4877650404721962	0.5668704166751967
0.48669447909734853	0.5432658221029326	0.4757964342970907	0.5476826236126597	0.4608326720525509	0.5634604604915614	0.48045904324714644	0.577934764270566	0.4812581112113025	0.5774743512348578
0.4780174949040558	0.5224082074958016	0.4951504332953351	0.5228691203788041	0.4665794846211805	0.5300791614399551	0.4735138143819669	0.5425512398403177	0.48913909656107407	0.6011827841173338
0.47563410699979847	0.5407135631226071	0.46914559987287874	0.5490118069196996	0.4733647309947098	0.5660037148641822	0.4719420072277169	0.5758735547546378	0.4805760590364377	0.5815192521049773
0.4845950245870747	0.5442548367134808	0.4797345760076843	0.554872756781944	0.4732119826737662	0.5683283756393988	0.49494332249566286	0.5802148483956594	0.48276600127922964	0.5817598860140469
0.4842691409185143	0.5355473868502382	0.46860339494675335	0.5340700996440398	0.4957772669418141	0.5417696772693297	0.47631347273183383	0.5490092489770165	0.4797525681309854	0.5828307154308265
0.49168927464324075	0.5628338507189171	0.468825926767696	0.5680344603101307	0.4796930429703617	0.5774446247390014	0.46209498110838	0.5848492932431643	0.46029726184177955	0.5671067910050805
0.49978720033014423	0.5761500409710889	0.4807890795293695	0.5768645590321891	0.49431887031565763	0.5759471656514215	0.5020244685519911	0.5731823210564716	0.4968364461995848	0.5861558830748633
0.48617575822784065	0.5348841689026467	0.49983102054969847	0.5456330018705275	0.488790003083513	0.5644518137812834	0.5032414179815174	0.5800554915029085	0.4952717586859526	0.5701935646704787
0.48996064131436723	0.5427125956553436	0.49471549248852675	0.5527673513479834	0.4773174541556266	0.5627484586068622	0.48841373412731737	0.5728452558336566	0.4702008468870085	0.5785998717944397
0.498255928982634	0.5543346815086516	0.4678178580370184	0.5608726525640483	0.47012864240867924	0.5747453374949787	0.4749571062172526	0.5838384512444973	0.48894311988165834	0.587448040427104
0.4932563302201969	0.5485027267985291	0.49695270437447703	0.5616802134048238	0.47425598271850417	0.5680494361547156	0.5079049542603713	0.5721724745768058	0.47468951998635556	0.586789605914031
0.4642471466815201	0.5559137839110488	0.5077394902979667	0.5631168327982009	0.46086143354871884	0.5792031296780926	0.46894673681807536	0.5960581458511309	0.48232990710885804	0.5632751738865575
0.473320203731586	0.5302977245163514	0.47783176487000384	0.5415944715066228	0.46081824522079246	0.5582506890992234	0.4620567251249395	0.5759666448969201	0.478165414813165	0.5697387370077597
0.4938899089398737	0.5382119560526442	0.4717573761183785	0.5467933159813824	0.4743664736616015	0.5622736561110493	0.46206393713911653	0.5737962591050403	0.49784499378688896	0.5808271888462629
0.4822942453889268	0.5641703348197439	0.47451371251547253	0.5644151831772027	0.4608632385401629	0.5647542559742543	0.4724497800222451	0.5695578059740867	0.48921133241543163	0.5925557835034932
0.4642471466815201	0.579709046867503	0.462103441240971	0.5840180262778787	0.4994753917299757	0.5867323301341366	0.4858566572464368	0.5883487870591328	0.4975480097084797	0.5883984046692317
0.4957907818112511	0.5492112162219348	0.48448885878432935	0.5598235728481038	0.4855589215915758	0.5745735245292432	0.4815372100024195	0.5796929944615273	0.4602941329339939	0.567245268409419
0.5025136703726686	0.5454865665947881	0.49346292499226135	0.5470067064990803	0.4808078049865688	0.5526199431382692	0.48702810540379543	0.564885446198131	0.5003588064764856	0.595834930344557
0.4958790265994133	0.555633547589104	0.4856052342896374	0.5550498404026292	0.49316491311454336	0.5588008384273556	0.4884852816504609	0.5642824787239531	0.4793223318116911	0.5830303451032848
0.4898614428246067	0.5393842790362127	0.4675465046635497	0.5503362571303089	0.5044768244290284	0.5705001416699499	0.49831175514304504	0.5888830290380452	0.49396627624561795	0.5555830367753314
0.4911029684880098	0.575247218112802	0.49379790372200366	0.5697314260225079	0.471448743700413	0.5642253182360057	0.4917814409376743	0.5646070896857277	0.4768831511011321	0.5836841250574026
0.4923061597826661	0.5359061764383702	0.47001641324184923	0.5370317507052472	0.48546893257941187	0.5488257160163701	0.4980785687941394	0.5650146004142522	0.5009935704427632	0.5848974442035899
0.47374947102767984	0.5791852651028904	0.46954211751689817	0.5798152590567066	0.474918095430259	0.5827752747091741	0.46210830336904557	0.5817294360950602	0.48879113954859593	0.5895099965589482
0.48303545729258474	0.5522264546598996	0.5002400395197487	0.5602606916965998	0.4791393713710328	0.5735725533831729	0.47750996628533837	0.5772492020392216	0.4818125672203645	0.5966037207783202
0.4993974119102837	0.537392497085348	0.5005657050699719	0.5480578590930132	0.4684657546906975	0.5651389741101728	0.46207335828024615	0.5810633866309665	0.4943252293363759	0.5573032089149315
0.49464494279564875	0.5658974975935465	0.48240420472325996	0.5779290587270839	0.48388541349130787	0.5842252062628152	0.48603560125183526	0.5909172583811995	0.4921278976500639	0.5760741891893112
0.48165934936439625	0.5332499432368144	0.47116049894921025	0.5388633497149996	0.46774662598982525	0.5545999927331992	0.49105502275301965	0.5714052330541189	0.47318725322750255	0.5868703687898466
0.47590873339885204	0.5469110366171079	0.4725446073347901	0.5547918933271789	0.4941185524153009	0.5698984100149386	0.4775555993102031	0.5837317901806166	0.49937374488123815	0.5747502991180976
0.4879463713858829	0.5569364897379866	0.47656604993202006	0.5631369699715862	0.48719082232681743	0.568720695679115	0.47853542929038656	0.5749393645411423	0.4896303035298051	0.5894311612870652
0.4791282501177043	0.5800433004118467	0.47424507473553357	0.5833391897581758	0.4836852144654054	0.5860470078496987	0.486830725598163	0.5898246058462726	0.49234175144803943	0.5778588840302499
0.48894914173831183	0.5678132085656187	0.4730688813194507	0.5719270830313079	0.4711103895337627	0.5725195600192937	0.47507975502192373	0.5749974160230931	0.49154872941255257	0.6041607379321839
0.48631011631713666	0.5490969402519846	0.49526962785074086	0.563658258241645	0.49403593799959805	0.5893713752826608	0.47328349654921487	0.6012227340201396	0.47004212861470274	0.547914601781536
0.4832987363263786	0.5826994581886275	0.4904702718879322	0.583198161249634	0.47973203179561635	0.5861177676803534	0.46211522185807535	0.5885128197850624	0.47339808046984594	0.5784333718499446
0.4887872419766526	0.5355014808504724	0.4620178367378258	0.541066180762467	0.49206082679009355	0.5550059713638404	0.47841211778254816	0.5695664081078632	0.49985069650197494	0.5904337015707807
0.48080493933821883	0.5542986714773677	0.49402358858224343	0.5572856780729657	0.479630411710104	0.5653010845317548	0.4935693234595681	0.5753813171235284	0.4919827304426749	0.5646395594689326
0.4791165500386369	0.5553872382190693	0.47667684698439594	0.558021395688221	0.46978592513648043	0.5670273220052595	0.48092238552898564	0.5754739215323816	0.5013355273558195	0.6084450028454884
0.4768665797411715	0.5519221592422235	0.48590073049894034	0.5594386155258335	0.47997888076146794	0.5690942702332422	0.4887861620176157	0.5828463163167605	0.47617817896071	0.578121260247626
0.47660140586889027	0.5493044493795413	0.4718855236006661	0.556788674129906	0.46085298475188585	0.5661875544353779	0.4972296466767358	0.5702901246684123	0.46027591026928605	0.5768382760608053
