0.0025	0.0025637539575449324	0.0025637539575449324	0.0026479835449495647	0.0026479835449495647	0.002741544430022318	0.002741544430022318	0.0028511501061117377	0.0028511501061117377	0.003021839394147997
0.0025	0.002502776868391379	0.002502776868391379	0.0025227290113658337	0.0025227290113658337	0.0025697600734238867	0.0025697600734238867	0.0026736358478429926	0.0026736358478429926	0.0027465704956409344
0.0025	0.002498698355075664	0.002498698355075664	0.002501609009242508	0.002501609009242508	0.002561124686896649	0.002561124686896649	0.0026215324996445703	0.0026215324996445703	0.0027484179204988503
0.0025	0.0025149466545820146	0.0025149466545820146	0.0025153200559629215	0.0025153200559629215	0.0025595849411053175	0.0025595849411053175	0.0026633893705310485	0.0026633893705310485	0.0027590407018839723
0.0025	0.002485356615141478	0.002485356615141478	0.002522207222787727	0.002522207222787727	0.002546948647874042	0.002546948647874042	0.0025580270712396223	0.0025580270712396223	0.002605387887321549
0.0025	0.002167527123587244	0.002167527123587244	0.0018683654428432062	0.0018683654428432062	0.0015810369030984524	0.0015810369030984524	0.0012765509688837783	0.0012765509688837783	0.0010419800736990899
0.0025	0.00215785422340901	0.00215785422340901	0.0018725934840335362	0.0018725934840335362	0.001566640260317406	0.001566640260317406	0.0012834790382754127	0.0012834790382754127	0.0009560248352733442
0.0025	0.002165759095184791	0.002165759095184791	0.0018691154198760284	0.0018691154198760284	0.0015765244708001403	0.0015765244708001403	0.0012594324961424394	0.0012594324961424394	0.0009682517079821778
0.0025	0.0021744679898677123	0.0021744679898677123	0.0018458719830374017	0.0018458719830374017	0.0015469290051310688	0.0015469290051310688	0.0012535002573193163	0.0012535002573193163	0.0009607317214983957
0.0025	0.002163768763047599	0.002163768763047599	0.001855456417040833	0.001855456417040833	0.0015432035208064556	0.0015432035208064556	0.0012499036290715896	0.0012499036290715896	0.0009985674629304382
0.0025	0.0021535090761034973	0.0021535090761034973	0.0018218867100808969	0.0018218867100808969	0.001518347639798253	0.001518347639798253	0.0012479154659568539	0.0012479154659568539	0.0010139604980276824
0.0025	0.0021943708600280277	0.0021943708600280277	0.0018893963045229195	0.0018893963045229195	0.0016125960736056528	0.0016125960736056528	0.001365210891377706	0.001365210891377706	0.0011643186087125776
0.0025	0.002213906034346188	0.002213906034346188	0.0019493282203397085	0.0019493282203397085	0.001716643842411569	0.001716643842411569	0.0015385910359277505	0.0015385910359277505	0.001373006765019684
0.0025	0.0022269028184074367	0.0022269028184074367	0.0019297049637372356	0.0019297049637372356	0.0016723694459274646	0.0016723694459274646	0.0014666236942483851	0.0014666236942483851	0.0013007967349032382
0.0025	0.0021764121848910525	0.0021764121848910525	0.001853793065095244	0.001853793065095244	0.0015159301128860466	0.0015159301128860466	0.0012375207427696153	0.0012375207427696153	0.001019972872247193
0.0025	0.002208188050008525	0.002208188050008525	0.0019261980074142637	0.0019261980074142637	0.0016262738968229344	0.0016262738968229344	0.0012991785615251823	0.0012991785615251823	0.0010006063904323085
0.0025	0.002174530220809809	0.002174530220809809	0.0018395696964319122	0.0018395696964319122	0.0015557927517266573	0.0015557927517266573	0.001327831130068029	0.001327831130068029	0.0011536722484804323
0.0025	0.00223866706457382	0.00223866706457382	0.0020214447295376875	0.0020214447295376875	0.0018294099794454006	0.0018294099794454006	0.0016134484388690025	0.0016134484388690025	0.0014505247979083352
0.0025	0.0022042062799973957	0.0022042062799973957	0.0019053191225417208	0.0019053191225417208	0.0016675606906572495	0.0016675606906572495	0.00142590105917644	0.00142590105917644	0.0011863226244530531
0.0025	0.00213157896850237	0.00213157896850237	0.0017868963118960373	0.0017868963118960373	0.0014525476148635125	0.0014525476148635125	0.0011831122137557688	0.0011831122137557688	0.000992647354342834
0.0025	0.002155236831922318	0.002155236831922318	0.0018126244208046395	0.0018126244208046395	0.001525690975925564	0.001525690975925564	0.0012727477849154543	0.0012727477849154543	0.0010589365779273853
0.0025	0.0021730579508709765	0.0021730579508709765	0.0018784129476669402	0.0018784129476669402	0.001582039779282587	0.001582039779282587	0.001285063713527315	0.001285063713527315	0.0010364919375068509
0.0025	0.0021722274558056477	0.0021722274558056477	0.0018670635410556397	0.0018670635410556397	0.0015895706569234466	0.0015895706569234466	0.0013535181672060751	0.0013535181672060751	0.0011307749020187082
0.0025	0.0021963028903140528	0.0021963028903140528	0.0019274969641282023	0.0019274969641282023	0.0016888143311198191	0.0016888143311198191	0.0014435874564375363	0.0014435874564375363	0.0012057109944060384
0.0025	0.0021733801189215106	0.0021733801189215106	0.0018439041632141069	0.0018439041632141069	0.0015393212534568785	0.0015393212534568785	0.0012304440580817439	0.0012304440580817439	0.0009371942982639124
0.0025	0.002221259968257027	0.002221259968257027	0.0019435643671614458	0.0019435643671614458	0.001722407133076363	0.001722407133076363	0.0015197484061052256	0.0015197484061052256	0.0013254479946745667
0.0025	0.002187974542470354	0.002187974542470354	0.0018786084485619872	0.0018786084485619872	0.00160303608900517	0.00160303608900517	0.0013413455530580816	0.0013413455530580816	0.001015895562072201
0.0025	0.0021521374898087575	0.0021521374898087575	0.001796743240030675	0.001796743240030675	0.0014570023661154253	0.0014570023661154253	0.001148660369786095	0.001148660369786095	0.0009047900232983154
0.0025	0.002182689974096559	0.002182689974096559	0.0018897896496050913	0.0018897896496050913	0.0016220888380841726	0.0016220888380841726	0.0013835966962977475	0.0013835966962977475	0.0011253573213074225
0.0025	0.0021997770309842048	0.0021997770309842048	0.0018933636971924968	0.0018933636971924968	0.0016370447980981976	0.0016370447980981976	0.0014168061833054444	0.0014168061833054444	0.001245727888233254
0.0025	0.0021507743563979943	0.0021507743563979943	0.0018015582968879122	0.0018015582968879122	0.0014787422654938063	0.0014787422654938063	0.0012128179231595793	0.0012128179231595793	0.0009735748926905915
0.0025	0.002151358709659873	0.002151358709659873	0.0018521342973095442	0.0018521342973095442	0.0015398335429906952	0.0015398335429906952	0.0012369159720830823	0.0012369159720830823	0.0009192750831766356
0.0025	0.0021509021887962908	0.0021509021887962908	0.001799732859156002	0.001799732859156002	0.0014582502606902098	0.0014582502606902098	0.0011572029058068412	0.0011572029058068412	0.0009024309265888754
0.0025	0.002183851688460177	0.002183851688460177	0.0019081179302161391	0.0019081179302161391	0.0016588348153092167	0.0016588348153092167	0.0014166887862060258	0.0014166887862060258	0.0011241102357014295
0.0025	0.002125780046686915	0.002125780046686915	0.0017923821358174523	0.0017923821358174523	0.0014508048427081075	0.0014508048427081075	0.0011570020574071783	0.0011570020574071783	0.0008412111657202173
0.0025	0.0021652313908023493	0.0021652313908023493	0.0018224128313081046	0.0018224128313081046	0.001533389016728639	0.001533389016728639	0.0011927998074237412	0.0011927998074237412	0.0009118263921839141
0.0025	0.002165232527220783	0.002165232527220783	0.0018562289969677914	0.0018562289969677914	0.0015781114241764235	0.0015781114241764235	0.0013052478273590006	0.0013052478273590006	0.0010563299024431044
0.0025	0.0021806620303781825	0.0021806620303781825	0.0018797369390402933	0.0018797369390402933	0.0015733090989554805	0.0015733090989554805	0.0012561964703904274	0.0012561964703904274	0.0009779296898211312
0.0025	0.0021608075647170395	0.0021608075647170395	0.001833668918644148	0.001833668918644148	0.0015278974033860577	0.0015278974033860577	0.001239280498959433	0.001239280498959433	0.0009474676138041074
0.0025	0.002173634358303885	0.002173634358303885	0.0018890920744419647	0.0018890920744419647	0.0016104293633147702	0.0016104293633147702	0.0013640274323690649	0.0013640274323690649	0.0011362609228145974
0.0025	0.0022046125061886044	0.0022046125061886044	0.0018952698905689775	0.0018952698905689775	0.0016337390254804714	0.0016337390254804714	0.0013762273046982816	0.0013762273046982816	0.001102556142014864
0.0025	0.002176115113560453	0.002176115113560453	0.001857605241763837	0.001857605241763837	0.0015725299074619771	0.0015725299074619771	0.001328150757016353	0.001328150757016353	0.0011163665077923077
0.0025	0.0021509649792387656	0.0021509649792387656	0.001843571218950132	0.001843571218950132	0.001535783144341557	0.001535783144341557	0.001307405621591902	0.001307405621591902	0.0011115013805519948
0.0025	0.002143693561164821	0.002143693561164821	0.0017723240068658927	0.0017723240068658927	0.0014126753372434766	0.0014126753372434766	0.0010863209467402125	0.0010863209467402125	0.0008016974117365562
0.0025	0.0021397750428401928	0.0021397750428401928	0.0017832326136054256	0.0017832326136054256	0.0014340134520063935	0.0014340134520063935	0.0011250208376658987	0.0011250208376658987	0.0008422613157919078
0.0025	0.002203009273980198	0.002203009273980198	0.0019022210941589276	0.0019022210941589276	0.0016441351827432163	0.0016441351827432163	0.001413300342670273	0.001413300342670273	0.00117635942404403
0.0025	0.0021653164676586796	0.0021653164676586796	0.0018275247233831224	0.0018275247233831224	0.0015314106098715794	0.0015314106098715794	0.0012310740166952521	0.0012310740166952521	0.0009078360999156299
0.0025	0.0021688484045496613	0.0021688484045496613	0.001867595478114503	0.001867595478114503	0.0015862470074109495	0.0015862470074109495	0.0013213444624212405	0.0013213444624212405	0.00107308577818421
0.0025	0.0021686230267365467	0.0021686230267365467	0.0018587655566098215	0.0018587655566098215	0.0015763430422506743	0.0015763430422506743	0.0013315446181643683	0.0013315446181643683	0.0010674598207304376
0.0025	0.0022066221872840005	0.0022066221872840005	0.0019397080712418844	0.0019397080712418844	0.0016681028666959443	0.0016681028666959443	0.001420930204877008	0.001420930204877008	0.0012315598695358603
0.0025	0.002202505031525587	0.002202505031525587	0.001930956062796733	0.001930956062796733	0.0016776605523858975	0.0016776605523858975	0.0014315934400782287	0.0014315934400782287	0.0011650736476864552
0.0025	0.0021460562806038964	0.0021460562806038964	0.0018320003938545968	0.0018320003938545968	0.0015209077250622214	0.0015209077250622214	0.001305234774829023	0.001305234774829023	0.0011649370793711024
0.0025	0.0021858642090453683	0.0021858642090453683	0.0018586880451068922	0.0018586880451068922	0.0015312273224242373	0.0015312273224242373	0.0012641644637346285	0.0012641644637346285	0.0010945494958470338
0.0025	0.0021513896994060614	0.0021513896994060614	0.001819121894486231	0.001819121894486231	0.0015171921444043822	0.0015171921444043822	0.0011960082265856657	0.0011960082265856657	0.0008809877284356603
0.0025	0.0021472390228971573	0.0021472390228971573	0.001794694101413139	0.001794694101413139	0.00148620467626512	0.00148620467626512	0.0012033589627278734	0.0012033589627278734	0.0008869074974594234
0.0025	0.002160982357779156	0.002160982357779156	0.0018412212436279844	0.0018412212436279844	0.0015525485307989002	0.0015525485307989002	0.0012799390822620157	0.0012799390822620157	0.0010125296683714852
0.0025	0.002160415419285887	0.002160415419285887	0.001812916371321371	0.001812916371321371	0.0014917198383778971	0.0014917198383778971	0.0012176230489182244	0.0012176230489182244	0.0010665449987868215
0.0025	0.002194648909690322	0.002194648909690322	0.0018766845590248143	0.0018766845590248143	0.0015663838414608526	0.0015663838414608526	0.0012589251162239059	0.0012589251162239059	0.0009944188914332412
0.0025	0.002180518729149552	0.002180518729149552	0.0018869662827724052	0.0018869662827724052	0.0016027706642843726	0.0016027706642843726	0.001365098887085421	0.001365098887085421	0.0010767893544583061
0.0025	0.0021216521090274736	0.0021216521090274736	0.0017619002224834352	0.0017619002224834352	0.0014372782535118083	0.0014372782535118083	0.0011256009918635015	0.0011256009918635015	0.000814331930222444
0.0025	0.0021270079639757553	0.0021270079639757553	0.001780305866146727	0.001780305866146727	0.001485311209819962	0.001485311209819962	0.0012270131077669593	0.0012270131077669593	0.0010074336038122782
0.0025	0.0021900748167418102	0.0021900748167418102	0.001900812639668958	0.001900812639668958	0.0016104329726126078	0.0016104329726126078	0.0013853431562063426	0.0013853431562063426	0.001216653454523835
0.0025	0.0021494884078333185	0.0021494884078333185	0.0017884481668416622	0.0017884481668416622	0.0014649894152669006	0.0014649894152669006	0.0011582598894196172	0.0011582598894196172	0.0009218185146403272
0.0025	0.0021837860967511007	0.0021837860967511007	0.0018615517798163507	0.0018615517798163507	0.001600160707336957	0.001600160707336957	0.001363323478489447	0.001363323478489447	0.001094276411659098
0.0025	0.002189573034013752	0.002189573034013752	0.0018837269462020293	0.0018837269462020293	0.0015809496903161936	0.0015809496903161936	0.0013089149464343888	0.0013089149464343888	0.0011629930418672405
0.0025	0.002228339252673192	0.002228339252673192	0.0019681873906830572	0.0019681873906830572	0.0017400575806157893	0.0017400575806157893	0.0014967875882383854	0.0014967875882383854	0.0012455596214973126
0.0025	0.0021927810373949296	0.0021927810373949296	0.0019027980303963623	0.0019027980303963623	0.0016372669358246782	0.0016372669358246782	0.0014078986588554508	0.0014078986588554508	0.0011494197350027419
0.0025	0.0021498732987202335	0.0021498732987202335	0.0017976006354650737	0.0017976006354650737	0.0014632511286141639	0.0014632511286141639	0.0012092259772392001	0.0012092259772392001	0.000971577575906386
0.0025	0.0022045085943854657	0.0022045085943854657	0.0019146833919087846	0.0019146833919087846	0.001633516321635186	0.001633516321635186	0.0014051204729577074	0.0014051204729577074	0.0012221662399116448
0.0025	0.00215699901929717	0.00215699901929717	0.0018451100945077014	0.0018451100945077014	0.0015119542731865325	0.0015119542731865325	0.0012676808579564411	0.0012676808579564411	0.0010433210707307045
0.0025	0.0021296496677045986	0.0021296496677045986	0.0018062410446085617	0.0018062410446085617	0.0014954434955454959	0.0014954434955454959	0.0011972178350790098	0.0011972178350790098	0.0009152863252983214
0.0025	0.0021714456297662736	0.0021714456297662736	0.00186658136896804	0.00186658136896804	0.0015456895855870468	0.0015456895855870468	0.0012415567068449376	0.0012415567068449376	0.0009507013043124282
0.0025	0.0021782466641154237	0.0021782466641154237	0.0018604807987958165	0.0018604807987958165	0.00155969902066663	0.00155969902066663	0.001342733503105259	0.001342733503105259	0.0011403783696358825
0.0025	0.0022374990897892706	0.0022374990897892706	0.0019563718822217086	0.0019563718822217086	0.0017259585279588924	0.0017259585279588924	0.0014991877701500905	0.0014991877701500905	0.0012520013787798718
0.0025	0.002165422554031356	0.002165422554031356	0.001845911578444858	0.001845911578444858	0.0015320733070073702	0.0015320733070073702	0.001218497361308845	0.001218497361308845	0.0009078865400150664
0.0025	0.0022095992910264014	0.0022095992910264014	0.0019161992883000843	0.0019161992883000843	0.001676297600986653	0.001676297600986653	0.001397212150246995	0.001397212150246995	0.0011482330460968679
0.0025	0.0021792413103577947	0.0021792413103577947	0.001868238360648362	0.001868238360648362	0.0015833425785452505	0.0015833425785452505	0.0012708906169016448	0.0012708906169016448	0.0009563836565184953
0.0025	0.0021619413634866077	0.0021619413634866077	0.001851880119678917	0.001851880119678917	0.0015581936792849144	0.0015581936792849144	0.0013174201690233907	0.0013174201690233907	0.001115058499110655
0.0025	0.0021572453456315654	0.0021572453456315654	0.001831102800213726	0.001831102800213726	0.001510204444339649	0.001510204444339649	0.0012435747493668033	0.0012435747493668033	0.0010116937262220906
0.0025	0.0021883611736425437	0.0021883611736425437	0.0019102708685763716	0.0019102708685763716	0.0016202791871357085	0.0016202791871357085	0.0013957250499585306	0.0013957250499585306	0.001228024288121077
0.0025	0.002202544983459895	0.002202544983459895	0.0018900404910864297	0.0018900404910864297	0.0016168571457871785	0.0016168571457871785	0.0014079443016661523	0.0014079443016661523	0.0011577691834838435
0.0025	0.0022120271506268843	0.0022120271506268843	0.0019143632703609963	0.0019143632703609963	0.0016497990625980639	0.0016497990625980639	0.0014236617515470563	0.0014236617515470563	0.0012414913750101095
0.0025	0.002277249734651083	0.002277249734651083	0.0020484671793404934	0.0020484671793404934	0.0018311416323770113	0.0018311416323770113	0.001523988876582604	0.001523988876582604	0.001307039529340001
0.0025	0.002194642902921038	0.002194642902921038	0.0018854583609128695	0.0018854583609128695	0.0016080167901482221	0.0016080167901482221	0.001377383452499594	0.001377383452499594	0.0011201854110538473
0.0025	0.0022133867501840697	0.0022133867501840697	0.0019256421226944273	0.0019256421226944273	0.0016740158971778457	0.0016740158971778457	0.001428607555145436	0.001428607555145436	0.0011896505099839422
0.0025	0.0021358290442850788	0.0021358290442850788	0.0017935514988105601	0.0017935514988105601	0.0014602884418822967	0.0014602884418822967	0.0011872950143554804	0.0011872950143554804	0.0009256279222098556
0.0025	0.0021637710382099904	0.0021637710382099904	0.0018373079332465905	0.0018373079332465905	0.0015289929039996408	0.0015289929039996408	0.0012421671992341782	0.0012421671992341782	0.0009791838664582084
0.0025	0.002159965927978276	0.002159965927978276	0.001830008725572852	0.001830008725572852	0.001575936103241718	0.001575936103241718	0.0013074264153010854	0.0013074264153010854	0.0010333231294015351
0.0025	0.0022078105925630947	0.0022078105925630947	0.0019035536849626405	0.0019035536849626405	0.0016219770390606047	0.0016219770390606047	0.0013455203166959338	0.0013455203166959338	0.001068876790057643
0.0025	0.0021630683581538436	0.0021630683581538436	0.0018488732101350107	0.0018488732101350107	0.0015677904748594908	0.0015677904748594908	0.0012943436400895865	0.0012943436400895865	0.0010116450360083725
0.0025	0.002201670901576264	0.002201670901576264	0.0018916160596609169	0.0018916160596609169	0.0016105739230417083	0.0016105739230417083	0.0013415558633345667	0.0013415558633345667	0.0010569787458440058
0.0025	0.002185977517950923	0.002185977517950923	0.0018714736558852112	0.0018714736558852112	0.0015676359177569856	0.0015676359177569856	0.0012675215150954918	0.0012675215150954918	0.001010169969273258
0.0025	0.002200526001253594	0.002200526001253594	0.0018734997803464182	0.0018734997803464182	0.001613858956941319	0.001613858956941319	0.0013727850943378252	0.0013727850943378252	0.0011631901328905418
0.0025	0.002257012446188833	0.002257012446188833	0.0019882104814204753	0.0019882104814204753	0.0017240435910185242	0.0017240435910185242	0.0014251609829821132	0.0014251609829821132	0.0012578165971252318
0.0025	0.002198682764471502	0.002198682764471502	0.0019061791818047941	0.0019061791818047941	0.0016300466470937447	0.0016300466470937447	0.00137556082633478	0.00137556082633478	0.001145760279962393
0.0025	0.0021701623680363165	0.0021701623680363165	0.001883960315077305	0.001883960315077305	0.0015956555099881477	0.0015956555099881477	0.001292747937665959	0.001292747937665959	0.0009968194352247728
0.0025	0.0021797039131700134	0.0021797039131700134	0.0018471486713554474	0.0018471486713554474	0.0015519864938788044	0.0015519864938788044	0.0012948461881299683	0.0012948461881299683	0.0011535332964550974
0.0025	0.0021726935319629683	0.0021726935319629683	0.0018579229383931487	0.0018579229383931487	0.0015873912126427067	0.0015873912126427067	0.001289425876152985	0.001289425876152985	0.0010194089502057547
0.0025	0.002119061753523197	0.002119061753523197	0.0017780838187865524	0.0017780838187865524	0.0014377318827045623	0.0014377318827045623	0.0011500350328585574	0.0011500350328585574	0.0008895684105864167
0.0025	0.0021788034827056883	0.0021788034827056883	0.0018678497471234553	0.0018678497471234553	0.001591678371317042	0.001591678371317042	0.00132054238393332	0.00132054238393332	0.0010486740351155972
