0.0873169221234322
0.3485304833312587
0.35009241083924986
0.45910842020102816
0.17249688889143006
0.40396480360859494
0.2793059492184637
0.29013115154363456
0.4610379822961309
0.13361096560245117
0.40351854350263355
0.23877014660592194
0.2728356081763782
0.15796279185941126
0.3136655683934415
0.3099018388379049
0.09086213181494546
0.08185864978835705
0.2231412553935975
0.5315796681593304
0.42129917815006024
0.16225930227157984
0.19705397369450384
0.29313965151791727
0.20029960040979175
0.3339830415451808
0.21912539632574352
0.2898754249298724
0.5403850501177467
0.25372921334998194
0.3915120729929586
0.09612416518860388
0.1205817862654698
0.2908577362712948
0.13431626134113012
0.31405955479009945
0.4636610486313742
0.33831982751648687
0.30912009414766134
0.22496074692937362
0.3233651967396409
0.21109893334484953
0.26827075519323085
0.24513679199395097
0.11974425169065304
0.500025976099681
0.43946331965905533
0.39069441672596994
0.4607401857487242
0.20906172642590548
0.30999804580948764
0.08461446360928326
0.41701713746072233
0.2387470322835673
0.506648040014872
0.47263394595608843
0.193531440392416
0.2982161710327288
0.5160891599515023
0.0874731398882245
0.3407112000809066
0.488495423076123
0.3945427445111907
0.2520246496109827
0.3560167821350133
0.3332295875683641
0.2659642270931499
0.24889727875962814
0.09557555626900155
0.36028240681155815
0.20643427140745296
0.33337539672234445
0.36485124119739676
0.31901985540847533
0.26075307671915454
0.38057010254333207
0.4224997531310787
0.16995649872265886
0.21226246473185353
0.2693565783548781
0.39969129345353205
0.24550377046603766
0.4240375906786054
0.2281792352145728
0.40952746297888365
0.43715581640770895
0.388155270779652
0.2779539576383019
0.2419299952785185
0.25250166083356007
0.23164962747545637
0.47519756486084985
0.32494353006624416
0.20574993868286767
0.28291099040244305
0.2866253023476821
0.5213778497864828
0.21427665121019457
0.35426581212644587
0.40284788987071424
0.4776367208563326
