0.0
0.0
0.0
0.0
0.0
47.81072417310274
0.0
0.0
0.0
0.0
0.0
0.0
0.0
0.0
0.0
0.0
0.0
0.0
0.0
35.39823008849499
0.0
0.0
0.0
0.0
0.0
0.0
47.19138997905257
0.0
0.0
0.0
0.0
0.0
0.0
0.0
0.0
0.0
0.0
0.0
0.0
0.0
0.0
0.0
0.0
0.0
0.0
0.0
0.0
0.0
0.0
42.474468125271144
0.0
0.0
0.0
0.0
0.0
43.10016986537503
0.0
0.0
0.0
0.0
0.0
0.0
0.0
0.0
0.0
0.0
0.0
0.0
0.0
40.44289092387201
0.0
0.0
0.0
0.0
0.0
0.0
36.583938187777804
0.0
0.0
0.0
0.0
0.0
0.0
0.0
0.0
0.0
0.0
0.0
0.0
0.0
0.0
0.0
0.0
0.0
0.0
0.0
0.0
0.0
0.0
39.58293106777427
0.0
