0.6565671029706338	0.5226096512941308	0.6537693214116332	0.5245784618799402	0.6582654816792758	0.5268316945567352	0.656540671982382	0.5291520403042219	0.6648597667071274	0.5311667117736598
0.6610455395648537	0.5022037503769617	0.6593971513273331	0.5039849999151192	0.6609256018578985	0.5066524505691402	0.6573257196890178	0.5091677214327691	0.6625507722245997	0.5130952141295031
0.6618959554533812	0.5559050428613735	0.655711052073546	0.5533802469816703	0.6584916321725323	0.5499681151000185	0.6633900998284601	0.5467840399074098	0.6594714044733389	0.5427491163755265
0.6574681491764119	0.5641975444826345	0.6594707164745762	0.5652781300008456	0.6624526869302989	0.5663525328765161	0.6555876896332231	0.5680149510294829	0.6642434497322509	0.5711069597618867
0.6590097383808883	0.5627565263386758	0.6634463909868673	0.5578613650940547	0.6638291602252395	0.5572551579399815	0.6579375312638371	0.552213247046375	0.6615143484823102	0.5500292113911363
0.49558887390860584	0.5252645296549717	0.4871826913951949	0.5256954686031943	0.4846355721604304	0.5269870171558991	0.48055273910140667	0.5284571126038219	0.46749910067688105	0.5319816588295518
0.5076369540893985	0.5283582527913943	0.4925228985740673	0.5356551201366814	0.4999504142628062	0.5387917153591595	0.5037905594214441	0.5448049037529537	0.47557643085551277	0.551168277035456
0.48058553620884925	0.5010908730111451	0.47238570589815754	0.5013823914406341	0.4701543869062649	0.5019325870122864	0.4896769260630571	0.502645951142275	0.49023757150965475	0.5046791794048642
0.4882697380497781	0.5512815958738291	0.4611775210859758	0.5525973411158239	0.4723283929688934	0.5538503113046651	0.4696036633291562	0.553727846270585	0.4638484253399141	0.5547417851754257
0.47240221536730537	0.5680482474115943	0.4858231087431305	0.5657877853052158	0.47245349862955544	0.5639747750930777	0.49544371640897716	0.5627839787398042	0.4839762325106524	0.56070562012345
0.4600614905561028	0.5711771576199579	0.4803328850387351	0.5717307690942021	0.4698196150231263	0.5724317100166952	0.4884339135323746	0.5734083261724833	0.4885218293241219	0.5747756710508731
0.4695939058387317	0.5411361797904044	0.4852010850697463	0.541858304333808	0.4796180387413662	0.5425105678559234	0.46910498861845196	0.5432992144506463	0.4958602382670324	0.5457268279885709
0.4735826122335184	0.5471518612646183	0.47533492991620246	0.5488406112591371	0.4898118004264425	0.5505829305868708	0.4618276254191638	0.5528385966525864	0.4710663436501723	0.5542630132083708
0.4950152939366164	0.5218340882964733	0.4826519800805462	0.5241715525800332	0.4994663466131737	0.5272206411728237	0.47552578878225604	0.5295237155825643	0.5004648581664577	0.5348786748591595
0.48041569432144743	0.5041088294018519	0.4610835929470612	0.5067195169442371	0.5024038381758709	0.5089648027550151	0.48782293655350134	0.5117071957973678	0.47261512776912895	0.5153644125455495
0.47381782757502117	0.5645928082131161	0.48593108331836504	0.5651118529643206	0.4620665099138382	0.5670656824145325	0.48131819279618304	0.568160302249037	0.48219790155372183	0.5731939784705563
0.48340932614741483	0.493250932852782	0.4782674212947174	0.4962631611709087	0.48570999156226474	0.4996269984021315	0.5012065068519376	0.503493561530371	0.48538824026224814	0.5080699142473488
0.4665202284368575	0.5709709538475226	0.46931666358364865	0.5723556650931496	0.47028336776361507	0.5708680862612474	0.4805544667029609	0.5704474043313965	0.48372985916945127	0.5706779165017596
0.4984678271188494	0.5529438587391338	0.4886636045503038	0.5586545749517043	0.49729998064968933	0.5602496973645772	0.47765765535043586	0.5637490089419862	0.4892192196648137	0.5654784787606913
0.4781130873207878	0.5289546767410858	0.4898832027320427	0.528984595824941	0.483047317309112	0.5320170096167611	0.5059571626417326	0.5347759346258426	0.4797442053073514	0.5371079894076709
0.488169254659248	0.5157011996763363	0.4930251387880456	0.5172892520016455	0.4918190558498099	0.5209914960959477	0.4870559123101339	0.5244236094083062	0.4716780811330809	0.5290394589376732
0.4993806454143749	0.5448030475482715	0.4611645106501748	0.5458390758285071	0.47820510543999767	0.5434467511895806	0.48902759642595756	0.5441508052662914	0.4696494072899687	0.543221335653295
0.49683653435262637	0.5376483658512514	0.48405807803567436	0.5390289937241787	0.48093164305082164	0.5400129905192422	0.4944709445336586	0.5417511028479158	0.4784995592614848	0.5439455431855801
0.4937227599824258	0.5331273816344057	0.4730889980551254	0.5345474254758084	0.48293875346780624	0.5370408072757518	0.49056473814579077	0.5392210577611017	0.4638220378431361	0.5420992845988447
0.5033156161042159	0.5480644924724078	0.47680031431962	0.550056582513826	0.4866949270451096	0.5506268995710978	0.48471201471296554	0.5518122781360338	0.4846304933623126	0.5524445054367619
0.4950577187411913	0.5153187263276515	0.49397921904182746	0.5176438034483951	0.4815380793847104	0.5199811349948998	0.49881893795570986	0.5237954117494988	0.49851483507822486	0.5269876529469902
0.487559240197188	0.49782573531274116	0.4668540291003032	0.4987481232027813	0.47262539565571193	0.5010123518906118	0.4617223661053307	0.503491006073117	0.48178989293308144	0.5097435397480122
0.49422864294288593	0.5284786203049213	0.4864112411075459	0.5290268776509124	0.4711070816993066	0.5315530936925885	0.482387301122582	0.5338135482696701	0.4896342045577526	0.5369094947336219
0.46794219482502064	0.5480532926066728	0.46117177040018026	0.5487166329761194	0.46908735111139466	0.5524639001529186	0.5007418426394198	0.5543885815966281	0.49608910853287475	0.5574329803427103
0.4854220088622821	0.502655913518316	0.49957551393355154	0.5052680770028466	0.4850939404854754	0.5093471604105907	0.4725998145733267	0.5134253490756349	0.4734391222303614	0.5192420607126289
0.4927723733695362	0.5596238996630651	0.4936262652049966	0.5596961143003232	0.47984267649458867	0.5612600624709396	0.4862163274227554	0.5618346827628782	0.4793495982624425	0.5656801268786508
0.5032408390389755	0.530118270277645	0.47001547259756066	0.5311468558911986	0.4717415662952214	0.5324760689368788	0.48116556405841243	0.5341562182547338	0.4999140734729531	0.5361472067216732
0.4770625793610584	0.5145629016675081	0.47126640230578587	0.5174331793787317	0.48034848784674006	0.5200121251476801	0.48504783109014804	0.5219293377800635	0.4885117665670421	0.5252125096604344
0.4818426373407329	0.5083571982499969	0.47080632019119606	0.5110352466999959	0.4977008922202749	0.5134654197044437	0.48770008756509503	0.5170897360418992	0.46377584716757997	0.5209588836377166
0.4662327990347111	0.5396477125946926	0.48603410217424187	0.5415697921549621	0.5083315635048421	0.5434809252945098	0.4954409432623465	0.5457322177162137	0.5027728677354424	0.5487203648796793
0.497871520840932	0.5646717086434823	0.48555072020277273	0.5656157317181113	0.49421758469026117	0.5670902583809835	0.47644849790168925	0.5686150197227736	0.48983530991984064	0.5722451244215656
0.4690711021133159	0.5332034942695655	0.48109024086670105	0.5347181185863553	0.4724256285642312	0.5374623068050229	0.49214647377590065	0.5389934947338165	0.478944603953993	0.538534126077947
0.46797825587312364	0.5323974643159144	0.46667528198469166	0.5343610273628744	0.5022833200992676	0.5361835946869812	0.49513310893707896	0.5383425145278973	0.4960872435265274	0.5407546732044147
0.46850954086002705	0.5244153998088992	0.4611233816909328	0.5279588772273355	0.47743730129783696	0.5294272261199008	0.49005496845243607	0.5329862859385591	0.4720541880348852	0.537488587489071
0.4824637062076629	0.5720825085886312	0.4740541940542641	0.5737443808748324	0.48790209672231516	0.5752824381297632	0.48422894317830817	0.5773049169431905	0.4915658270136228	0.5787976442739047
0.492330509370546	0.5628086705765704	0.4612020272894954	0.5677627266884963	0.5010673900282406	0.5694855658746361	0.4989768282923999	0.5725212176275837	0.4969977705885813	0.576985206054889
0.4914095597820144	0.5088358666299203	0.46109250803591173	0.5106615058570918	0.484557513389872	0.5137202344759964	0.49325730369988463	0.5166473602361389	0.4772987571324542	0.5224181209150289
0.4745814484171505	0.5588426630389023	0.4669477783857996	0.5609045568133565	0.5024202637514131	0.5631224241510968	0.47187305543434194	0.5669733571771071	0.46387996847697127	0.5729195378691785
0.4918574008506037	0.5266113922480097	0.4849792473313173	0.5278795940931482	0.4798651804574296	0.5300383162812653	0.46787064408071855	0.531927756074324	0.48478404350217036	0.5337539753422474
0.48200197451200405	0.5676225976900444	0.469738061454202	0.5708585140131692	0.4725781299474436	0.5723161500552277	0.461868457955596	0.5759442338002742	0.4753150996371867	0.5797582482354388
0.4897233573071694	0.5414433171693868	0.4670203115253202	0.5413097496114332	0.5012547298078271	0.5393068922405052	0.4943205247811696	0.5396772369811877	0.4819370009927175	0.5413313725171097
0.47285786485633174	0.5318929153369416	0.47952419290433473	0.5337437118200502	0.503376351582961	0.5365703700663819	0.4961786243431904	0.5379133241535669	0.47236907357541114	0.5410559631279459
0.48642075281997543	0.5111430720908184	0.4887822715172216	0.5129296447273541	0.4941940493999003	0.5153574229514518	0.48730977150455596	0.5173819624113423	0.49547615101798426	0.5207771673258345
0.48072201096903694	0.5112455726344747	0.4917219585335678	0.5129212543122763	0.49827831848527976	0.5155092868569979	0.47895961303611273	0.5182603742148193	0.4925687482521559	0.5218380202165108
0.47750077299441573	0.5404503834079455	0.48483630695405777	0.5424428863704189	0.4714773814950825	0.5450576144272513	0.473225965531613	0.548190477240746	0.4817574378934824	0.5512379656667775
0.4672162762499158	0.550586908037808	0.49465101591685623	0.5537791029411311	0.4827379980390515	0.5545025008981348	0.4860822056914111	0.5563131552261569	0.49947045679235175	0.5581992437416172
0.47388683085013905	0.5330635290549961	0.4699879139313193	0.5340582557751014	0.4772061998678198	0.5347516780329625	0.47387634312571236	0.5372505976481868	0.5031656809929625	0.5411855340624571
0.49184881567659755	0.5786204871664633	0.4890582925927995	0.580817633400648	0.4901031358069841	0.5787358012013989	0.497819828246464	0.5780659083530938	0.5039506189547197	0.577407959763362
0.501727283425263	0.5184258501785067	0.5037208005987304	0.520541042421075	0.48865972489806	0.5227537736522241	0.4723016393909212	0.524954305957357	0.4900439034169206	0.5286863700350394
0.48985720899227814	0.5313330464239276	0.4611429536876016	0.5325005908840049	0.497105199422341	0.5357825793525252	0.4752895731045319	0.5371943287655402	0.4949923381920607	0.5399126674188969
0.46958008924594263	0.5415194373108367	0.4899088860171609	0.5395714800146013	0.47907870917995143	0.5377661848215018	0.48766850184572746	0.5381199815017857	0.49535858637412217	0.5380238765509705
0.4824083985251233	0.5162895146705059	0.48675390657312034	0.5184320459598986	0.4814753838426877	0.5202802717710605	0.4885130956336631	0.5227776664706981	0.502350438638855	0.5270151568829718
0.4839538410733616	0.5264505859090074	0.4696572894345934	0.5284171939620204	0.49343345135466515	0.5307840923393939	0.4999656783804785	0.5331940492722673	0.49336679722769927	0.5356500336612047
0.47195545290733615	0.5121796618341782	0.4776806529818429	0.51340602555566	0.4770816479937464	0.5141662115031657	0.47166646520500893	0.5145567388488971	0.49298950240867984	0.5160001341695798
0.4940340553370681	0.5340378476377345	0.48659105935767294	0.5377062717870854	0.46200699655075833	0.5400635929440968	0.47345606541031776	0.5444350022950775	0.47250471065565375	0.5492335192834463
0.4952925520515185	0.5801330716636864	0.46123671231037544	0.5804830625508131	0.4711873487231799	0.5790762980570894	0.4763209957964	0.5789956583729525	0.48257787487485265	0.5772993304282985
0.4600614905561028	0.5208787010105395	0.4923521455389254	0.5245128605976352	0.4619806048577511	0.5272800114040576	0.49504367122395504	0.5304530558894971	0.4861185186503759	0.5360103232833845
0.4824574238406758	0.5195466822823168	0.47242993964933017	0.5215956045143828	0.46197434310060376	0.5232726438203728	0.47230501941400865	0.5268567948688291	0.4925872453609221	0.5302314576153012
0.4784605888241642	0.5131816775745146	0.4880520972956011	0.5126591029078336	0.47076508247789073	0.5131985500940416	0.47249005892874263	0.5140850906420158	0.49472846972354534	0.5146708599524026
0.46620476359050744	0.5241673988552744	0.4693721172997002	0.525693034363018	0.47242903105308137	0.5272928100327138	0.4720764456749238	0.5290726507005957	0.4808844418601137	0.5314044884763457
0.4802429479339299	0.5289184474057862	0.4886093066722683	0.5277231583748906	0.48158328336170186	0.5321330982830267	0.4976603060765943	0.5325768394459731	0.4877451956428949	0.5357208331187082
0.48409456778280957	0.5235197114070115	0.4728313906817116	0.5256311481969675	0.4879462550643741	0.5272681035569188	0.4789763312218619	0.5295353157263021	0.47909562685561774	0.5300634923237663
0.4829268628428305	0.5477001092814474	0.47199583744702744	0.5509207533409014	0.48353283436534994	0.5508148978385002	0.4618265310601102	0.5527139194484051	0.46384947901253176	0.5528979283855584
0.4832331369544681	0.5580279160866138	0.47837585848654085	0.5590899894774922	0.4933228166913803	0.5601052108497048	0.4971844399548245	0.5616790372388504	0.5063361987021633	0.5632727311637448
0.4794715882565531	0.5056043297965503	0.49752055703782294	0.5083806173110442	0.48500241445978226	0.5105902135425965	0.4965517811582578	0.514969471399711	0.49010146770721047	0.5201237060524667
0.4886009669907441	0.5227095867761086	0.49500220586542093	0.5237793576348369	0.4710927021253352	0.5260000845261465	0.48988976969717407	0.5282431561553845	0.4767041627621088	0.5317361744523135
0.4920802657867426	0.5582460423150727	0.47070007223780863	0.5573582739555276	0.4689024320923568	0.5540953940636254	0.47257810700129205	0.552049795298137	0.49808119607880236	0.5517228024974714
0.4896695566355055	0.5272863614532003	0.4955169509025838	0.5305722735613307	0.4721046026271384	0.533017798559665	0.4997902477305028	0.5354462242467529	0.4732449581554581	0.5401312070690482
0.4600614905561028	0.5327275965625247	0.49363501528203846	0.5358265934375434	0.46200318522775524	0.5385864143492077	0.46747087668518666	0.5405699950213315	0.4833212327323496	0.5449285163470421
0.4700310602700283	0.5069447076461862	0.48297602786191307	0.509149218485857	0.4619482628341809	0.5112552198328805	0.4617446528881785	0.5138573186294816	0.47964663123661166	0.5178647784287681
0.48943757605524313	0.5182856202598399	0.4662526119644744	0.5202635673543476	0.483001954448963	0.5226968068098454	0.4617695651783909	0.5250444596244385	0.5014472459402323	0.5280604428970977
0.4761517623150663	0.5523033841967598	0.4760005137026543	0.5564742827616828	0.46204385609036747	0.5580345980433433	0.4687600511443128	0.560553977222505	0.4894409602169665	0.5612616689944421
0.4600614905561028	0.562801169803638	0.4612005281040697	0.5641560985127386	0.5063629819589388	0.5665794152372671	0.4950707128592482	0.5670837758845817	0.4965142761012603	0.5699685776289004
0.49596114422826953	0.5215583125834227	0.4835848558020211	0.5247403453447375	0.4934280752033251	0.5265276196066505	0.4867997562801047	0.5298028851614623	0.4638026720121731	0.5345889081902238
0.49664780860402424	0.5262452085635916	0.49456470972801203	0.5277185375038731	0.47662483625875934	0.5294840479426293	0.4891791885850415	0.5322126372531328	0.4956573137150962	0.5346308199082944
0.49304924135790557	0.5301938456996076	0.4794243642427148	0.532538534781608	0.4975328125668503	0.5361513235112704	0.48019127805648837	0.5399427943829899	0.4790616238907556	0.5440881435696171
0.4846208588654119	0.5144150625403907	0.4687340019543496	0.5162994741617821	0.502102364934667	0.51930375393366	0.4933329884564025	0.5206571642030273	0.5012411003877861	0.524321227309662
0.5025219024500162	0.5611047101229265	0.4824306360399049	0.5628963906698908	0.47024915379741733	0.564925601328869	0.49507073644241034	0.5669395382799461	0.4836497116381253	0.5692011306511667
0.4923058217217419	0.5138533992137436	0.47140037771794174	0.516115243563375	0.48845671597769535	0.5187093775141833	0.4940049390908106	0.5206733437035403	0.49886491729570265	0.5235698497882973
0.4661281011929639	0.5635073633893922	0.4717654038642366	0.5641894909300573	0.4767955703876906	0.5660736713012484	0.4618601631095919	0.5671323308969448	0.48706712107457006	0.5711128685694179
0.4729589621455112	0.5456948472911481	0.4861483803879797	0.5462008033807481	0.47767537232790963	0.5467816772957865	0.4761645832524076	0.5469869133666814	0.4845062546707503	0.547592368303029
0.4893233101358359	0.5068184999377162	0.4980705466135342	0.5106403935386544	0.4731087437597205	0.5146270002053926	0.46175115165569564	0.5191323292285166	0.48851331326621394	0.5242453238958268
0.4807361710521366	0.5426218139542156	0.48760028255584104	0.5466668223271787	0.4836531521286746	0.549283268184989	0.4881847929708054	0.5538988777604619	0.4964212972273966	0.5585233946676735
0.4749978670667693	0.5186663682840872	0.4686886644606796	0.5203728506995142	0.4722733505862697	0.5219814425605067	0.4929828875269514	0.5239685272385568	0.4741657961670225	0.52650456868373
0.4657553220808351	0.5496264068857335	0.4638695657083498	0.5489343345191511	0.4871689422436658	0.5482212426519051	0.47429749435429935	0.5473363532708664	0.4976032430949457	0.5474916214117796
0.4894094937493988	0.5554198884437093	0.4772651592981004	0.5528636569256482	0.48492311338859095	0.551587709699486	0.48077627441421733	0.551370074848589	0.5001839066952679	0.551746409645969
0.473958958098818	0.5537237984977383	0.4711676128504709	0.5571767863035018	0.49182172715527783	0.5580764773486013	0.47719153601101294	0.5610168719395681	0.5008083179396876	0.5667685245325793
0.49399806628947235	0.5688225573118608	0.47357752287794813	0.5699713501638178	0.4700080277051177	0.5684134362597301	0.4826090498959887	0.5679032310268312	0.4870719974530614	0.5672315592804972
0.47973537892845614	0.5169206726786748	0.4962123528522498	0.5200003078917798	0.5001141756890266	0.5227987158518141	0.46953473870925816	0.5272052762925926	0.47206473963993323	0.5325842036819616
0.4868441938455785	0.5646204576766992	0.48910703454543963	0.5663695634087261	0.48572168169578	0.5675425554152984	0.46186324736530215	0.5712912073612307	0.4864712296856598	0.5762673152438289
0.4927624091440874	0.5155676908272829	0.4611097883037698	0.5174845349700613	0.49522667352792116	0.5196059073545569	0.47654335088310623	0.5216183439017295	0.4964070677455793	0.5242204363853447
0.47798162186786425	0.5327045897994429	0.4960193751468172	0.5348644515112033	0.4783233744069302	0.5371493846711218	0.5039739039111453	0.5391069837345123	0.4992236547102276	0.5415409335821716
0.4698627439532275	0.5557021863448744	0.4729386824728163	0.5545002307461883	0.46964133643620626	0.5532121639495381	0.48632662080774963	0.5539253063007755	0.4984119734521586	0.555416487542337
0.47869836586429787	0.5566807997958639	0.4725677763686211	0.5553012225657535	0.48545132412736025	0.5528284386345326	0.49089735873523294	0.5526901241175476	0.4783189329544228	0.5538820535526262
0.4773163376433939	0.5546172893543182	0.46504396689543626	0.5552923758068875	0.46204467048895376	0.5564169711304389	0.49986353339312734	0.5552907536631986	0.46385381509644175	0.5549242110684021
