0.6007061278576394	0.52476387674685	0.6063604261425728	0.5176097179794074	0.6059661499184384	0.5146477401819851	0.6002878845751268	0.5116427193516055	0.59044659779876	0.51384942318576
0.6064342560972684	0.5155683998839171	0.6076899366221743	0.5188132673311431	0.6100378349989043	0.5245995234397562	0.613517535460385	0.5331398743348742	0.5976487397380477	0.5391753382370053
0.608967491383602	0.5354449135144053	0.5980431469830831	0.5450585773474443	0.6187991653597774	0.5551190700486494	0.6067180471481416	0.557613110864793	0.6101971786052922	0.5585765155013169
0.6105154368888368	0.5642113350752617	0.6009947084155259	0.5610118193403704	0.6153338127064185	0.5575532629691331	0.5983596410592898	0.5540633803185535	0.6028089306988967	0.5532575825364027
0.60464739086565	0.5272118522050426	0.6205813856229824	0.5306021652256155	0.6158088315336888	0.5395722470923751	0.598056800567662	0.5493690328404649	0.6065314827660354	0.5558018461450658
0.4596170533053469	0.4977514070739336	0.4697675718904396	0.5066566323005739	0.4708676352451623	0.5167180481194242	0.4703715004921033	0.5252467869894538	0.4613128361038552	0.5311619322756356
0.4596170533053469	0.5414641559322299	0.4648004308881753	0.5522010563927456	0.46085245897161387	0.5591871583122652	0.4724546454838067	0.5624571665046484	0.4613872548413044	0.5656477445921736
0.4596170533053469	0.5311677518189528	0.46763037624262577	0.5423397437559881	0.47396693903394593	0.5514412492274889	0.46230593453795854	0.556133897725244	0.4743643284383587	0.5582705247843788
0.46608142901892385	0.5676070278585522	0.4594156385119751	0.5688411314017054	0.46088780604497265	0.5704393689905823	0.4696599198841779	0.571641277833111	0.47434809704020253	0.5727479004704195
0.464999441702902	0.5287851327661637	0.47199507179204286	0.5404667583866367	0.4608275123429399	0.5484530348958407	0.47613614921767455	0.5523787734882556	0.4669003807274437	0.5531781834059506
0.4596170533053469	0.5043239493189733	0.45928128385634587	0.5073570711340257	0.4607572062915877	0.5110913363331533	0.4622217445383979	0.5138460869415141	0.4612761409784056	0.515895234051595
0.4596170533053469	0.5449409434881165	0.45936749602441374	0.5394540387432958	0.46681125141305746	0.53472724718212	0.4622710309082752	0.5313810227674345	0.46132650309072487	0.5302533676725197
0.4596170533053469	0.48739680020862286	0.4592453470741797	0.49013448061807535	0.4607206172063526	0.4934509827147906	0.4712621839849338	0.49579118192806493	0.4612516305104676	0.4979642496681512
0.4702052606273195	0.5473653755849734	0.4593726442687157	0.5415211958935443	0.4670197035946257	0.5379019908252787	0.46667312105417286	0.5341473679564386	0.4697750626934135	0.5321003257212955
0.4596170533053469	0.5129254628253836	0.4666377938624217	0.5115923406860913	0.4607655622504107	0.5123645933054697	0.4696754604688796	0.5150150054821367	0.46749370802472745	0.5183045705334796
0.46777299028978175	0.4934088429581147	0.46477973242092	0.5003847925682922	0.46630461579081456	0.5074471505583334	0.4622163848892557	0.5136407039750555	0.46129575636819814	0.5186930008537678
0.46876243137998674	0.5392676739170996	0.45935541583949907	0.5321528124082094	0.4675488581801433	0.5269447437175627	0.46225476797382065	0.5233292074870692	0.4612962333834402	0.5211364934932418
0.4596170533053469	0.48696160133617644	0.46885159298109846	0.4882151903774694	0.4753494656204224	0.49206841831617665	0.46218205763354697	0.495037339975763	0.470452079263097	0.4985633735965344
0.4696735984932207	0.552054603535332	0.45938261299922345	0.5537441570459488	0.4702212090312294	0.5555933517045314	0.4623145450432982	0.5570998004954516	0.46136787094942006	0.5579971696118446
0.4596170533053469	0.5203363847640082	0.4664164649752211	0.5170109217323754	0.46077764679340283	0.5172880394005362	0.46223458687017605	0.5172818134359464	0.4722288056154102	0.5179729762611722
0.46635029880855783	0.5666110981922835	0.4594134889177135	0.5592725512886597	0.4679691941128765	0.5559365026271919	0.46966675580018724	0.5515517349965579	0.46626162209906924	0.5493071295518918
0.4596170533053469	0.5358072936677397	0.4672459744614549	0.5469924534011277	0.4608413794500487	0.5516581872255695	0.4623132762914057	0.5543449267494911	0.47223662696472074	0.5563455577244439
0.4596170533053469	0.5514920001724155	0.4669509801154179	0.5544229823209247	0.4608571919671084	0.5521690535309194	0.4623092248377028	0.5476115719331818	0.4613658186589106	0.545444582133507
0.4596170533053469	0.549359021026395	0.4662686607866693	0.5511641161354168	0.46642362913518226	0.5530436967053748	0.4623092347574991	0.5546398297203545	0.46782307863714717	0.5561510693676441
0.46628236451021765	0.5202808350731112	0.45931513859970924	0.528354530119121	0.47141294181564247	0.5374997012356014	0.46228369399051406	0.5468102284490347	0.4613562680521366	0.5521047697128241
0.4631566045319405	0.5474992714110923	0.45937292859438306	0.5490548359684949	0.4714921222104542	0.5514105160267673	0.46975662904172233	0.5494648323985593	0.4676353468162035	0.5477481704965611
0.474727604004011	0.5368988243660007	0.45935045147710657	0.5478594900019876	0.46084323305894304	0.5531318980028569	0.47050631232644613	0.5572052218151196	0.46137685701458286	0.5607164224543087
0.4705607044917667	0.5381643555338369	0.45935313889148754	0.5491909715597859	0.46084605130068873	0.557575927882671	0.4710809594757903	0.5644280547611804	0.46661254611692804	0.5659317020867608
0.4596170533053469	0.5558486091561483	0.4710962731466162	0.557558050022879	0.46086383063281705	0.5593527606470199	0.4709729632295612	0.5606525626693757	0.46762691168467196	0.5619002213126821
0.47266896838246913	0.5082519602610148	0.45928963584571353	0.5096700632045496	0.4698639249791483	0.5125986970175679	0.4704600705053593	0.5147567358760043	0.4750047501923729	0.5161332040934334
0.4596170533053469	0.5472597289239958	0.45937241992968636	0.5424565005092004	0.47141922698482824	0.5373231367402302	0.47205425366910075	0.5366768381037096	0.4613339114096762	0.5378329774503136
0.4596170533053469	0.5383411311841441	0.4667963706839934	0.5471379300486906	0.46084171099929583	0.5585839315155208	0.4682430666002694	0.5660925653202462	0.4613936872590999	0.5698261058629986
0.46740643501386536	0.5155413748271922	0.467919879171738	0.517442902250209	0.4723135881278938	0.5199382177496676	0.47006454913692036	0.5220809354992813	0.4613047866867171	0.5249445500512157
0.4596170533053469	0.5512278036945961	0.469029888539562	0.5541920565718053	0.4702169195714127	0.5573306430089792	0.46970773666261756	0.5599241905756486	0.46138496149557623	0.5617903707952313
0.4596170533053469	0.5217080132873	0.46892223364739627	0.5266883649733832	0.46079826556626935	0.5320978056356095	0.4676888371049027	0.5420282978640869	0.46134600834567824	0.5485413121785496
0.46540408009201784	0.5565887461648186	0.4593922525813783	0.5663719951830283	0.46763019175711457	0.5688192059178399	0.46234218271007105	0.5708938998414737	0.46140667732543617	0.5716103807820374
0.4596170533053469	0.5409260930371677	0.4593589925626336	0.5460611955668521	0.4608394005268805	0.5495616837346311	0.4623020005416021	0.5523284328965141	0.4676446558451043	0.5543587620867598
0.4677990487124273	0.5112348002526054	0.4691573339254243	0.5180584352350279	0.46078266858445815	0.5245622101859259	0.4622501104528068	0.5303526831217238	0.47225410793830486	0.5380604026536396
0.47349830364590967	0.5197111354242486	0.4680514442338477	0.5236647504168113	0.46814627064042025	0.5322912419299679	0.4685788524056279	0.541052360863311	0.47068993401304404	0.5486233995888545
0.4596170533053469	0.5474240693712609	0.46534699943322305	0.5506350503606244	0.46084913111363485	0.5539186648735266	0.462316587904246	0.5567560101861826	0.47333541527280126	0.5587373103879396
0.4706043647812012	0.5527159881199267	0.4593840286979817	0.5561060680010195	0.47239886885979215	0.558696476458165	0.4734275708043202	0.5606714250909635	0.46138558006799035	0.5614427942210253
0.4596170533053469	0.5513133344603982	0.45938103891240784	0.5544601186553515	0.4608572595869063	0.5534471018548296	0.4623149883550616	0.5491621518115598	0.46135921149293924	0.5480789348440999
0.4596170533053469	0.5497157992069401	0.465293151371268	0.5434319931361136	0.4608338044514445	0.5370645310685733	0.47017171900855725	0.5331062253135671	0.461316970087944	0.5326277440044719
0.469440092930706	0.5477241305960435	0.45938547829739296	0.5576175639986319	0.4608639577857217	0.5652638988762995	0.4762686276455512	0.5732017330264543	0.461409248519966	0.5726614302221414
0.4710290504505841	0.534597806425427	0.45934555288148005	0.5404513671849008	0.4608275127811017	0.5490059335166366	0.4749406637422982	0.5584500044651232	0.46976064375909043	0.56582150795769
0.4717300022631808	0.5571659849978922	0.46982587516542074	0.5572335073952673	0.47163496266603694	0.552482811428777	0.47669619241787264	0.5490970586112034	0.46136273783069454	0.5474089725074451
0.4688334397339837	0.5498628302417617	0.4593779811402693	0.5603245089019834	0.4667126060243492	0.5696971021670444	0.4718209169468694	0.5727704844459546	0.4614085343392952	0.5758438781090272
0.4596170533053469	0.5258982549576682	0.4719672457357752	0.5372134997105446	0.4704952078346626	0.5470192911326883	0.47186426951122723	0.5511140041255125	0.4715122886612675	0.5532101690875052
0.4596170533053469	0.5466530489732266	0.4593711539016655	0.5509508493219624	0.4608497910392118	0.5541007609009778	0.47194379634328854	0.5567418129112321	0.47076882871867887	0.5587378958931544
0.4596170533053469	0.53263340001618	0.46802941284070393	0.526624563473693	0.47373400280580236	0.522475372427095	0.46224544072012924	0.5208415886927295	0.46129966139277123	0.5212929633073505
0.4596170533053469	0.5493905740963694	0.4665483013721166	0.5523895952484026	0.4608528593970153	0.5556550792759354	0.46902726345454043	0.5583031009565605	0.4708858263082386	0.5602399918933305
0.4596170533053469	0.5296500322790134	0.47177809575170065	0.5230372732017963	0.46079044833592053	0.5185642137047168	0.47301597559958725	0.5142668293572592	0.4656065158985998	0.5133755487884317
0.4596170533053469	0.5167681910582936	0.4593076399757292	0.5161230199667751	0.4607757572742218	0.5170390506238586	0.472624046436733	0.5173401869554931	0.471412628248899	0.5180751833274387
0.4596170533053469	0.5249362014596721	0.45932502468415015	0.531684008584106	0.47479960927315223	0.5415956107362607	0.4622905766174126	0.5508450122750448	0.461362714812533	0.5575567051728828
0.46557046019620507	0.5175964793889206	0.45930944867302886	0.5220233028344833	0.4680876403902241	0.5269394115349741	0.48028910930547386	0.5338666566070353	0.4613270494813043	0.5418513811727269
0.4596170533053469	0.5285975478537697	0.45933281258252884	0.5402380413029556	0.4676009395368687	0.5481190717278013	0.47263698448427816	0.5506406018193369	0.4613541711026586	0.552453617993967
0.4596170533053469	0.5011240764070457	0.45927442562410836	0.5002836854070877	0.4607420971399965	0.49979030269348834	0.4621980732651438	0.5001229383699819	0.46124699361074467	0.4997540130392687
0.4704928267609486	0.5281329213943327	0.45933183668432004	0.538983379745576	0.4608243711370735	0.5484592642268221	0.4622997105769202	0.5542917910298136	0.4702030787502268	0.5562001189105213
0.47165758108373823	0.5540114458839158	0.47029148697359086	0.5567348672199679	0.4608620707230254	0.5602471444981324	0.4683343661332616	0.5632680334746628	0.4705446356785815	0.5671967485392474
0.4596170533053469	0.5192448473785038	0.45931294915658677	0.5236354699476423	0.46710796786370345	0.52878025848452	0.4622633634136524	0.5332562717479159	0.461325820984446	0.5405379710502867
0.4596170533053469	0.5774067031246023	0.4683878701176017	0.5719410569052812	0.4717159700297795	0.5672400471714399	0.4623424310840014	0.5648385595352462	0.46961838232426584	0.5630622065413935
0.4596170533053469	0.5445035683852574	0.4667965410894265	0.537780386973673	0.4608218068607605	0.5326633382072676	0.473529695060885	0.5296609369569943	0.4732218054760331	0.5284406645920535
0.4677607468262115	0.5202923565401254	0.45931516306654335	0.5293085449312979	0.4786079375130448	0.5384906491607855	0.4622918932269292	0.547340039184766	0.47675463000675533	0.5514212291007359
0.4743511642885682	0.5546328846325811	0.45938809926945345	0.5580505006857801	0.4757756997309866	0.5599050899127744	0.4675854503525688	0.5612984875929337	0.4613879296303657	0.562772057262901
0.4596170533053469	0.5047037766855288	0.46652631970269604	0.505358584393008	0.46889209722240927	0.5050510954910539	0.46221482182172013	0.506328353833996	0.47244300372159825	0.5063901581693502
0.46918463810124406	0.5505162947003089	0.4676675326340196	0.5535359019408689	0.47510019257363045	0.5564466278558584	0.47335319309979706	0.5592579016652194	0.4714121182209509	0.5611013668488034
0.475707963094136	0.5423762550466221	0.46645534768453956	0.5460927434230817	0.469054990346074	0.5494848431744931	0.47071324313339524	0.5524326431881799	0.47048142570846857	0.5544712944269378
0.46653145149549485	0.5796917772278323	0.46404088688628314	0.574361700879262	0.4608995470303114	0.5697515622863807	0.4770406794092247	0.5660582945626086	0.4613949254994372	0.5630018623625866
0.4596170533053469	0.5358946237563863	0.45934826432666453	0.5277975146331041	0.46080058430569126	0.5217415944020978	0.46891446765117073	0.5181624923091558	0.4612989605576212	0.5175998620031275
0.4596170533053469	0.5321315593243346	0.4693910569323193	0.5262520876874677	0.46079731130201984	0.5239758491791883	0.46975102600920404	0.5239638130087364	0.4613084501189374	0.5258970228625961
0.4596170533053469	0.5143448368615189	0.4689064508928228	0.5208513009164016	0.4707186537850396	0.5276790981811408	0.47099567378033175	0.537894889799938	0.4691811242063209	0.545822365887101
0.46565769459863954	0.5194208035316813	0.4682126025047902	0.5261385606833094	0.4607970972005231	0.5362844492275484	0.4622804009759089	0.5449837667941984	0.4613512800563102	0.5507586380122009
0.47345142747305075	0.5485392091894304	0.466951346680951	0.5504191756876183	0.4608486620269503	0.5524795672482311	0.4741945089206259	0.5511615761991484	0.46976227504266377	0.5493781101323008
0.4743931438258857	0.5494106678591165	0.45937699859357556	0.5508084383652765	0.4692427574631154	0.5530380215304461	0.4704603952326756	0.5551554478341577	0.47145875010051713	0.557216792123041
0.46837904713909073	0.5195175090003645	0.47017712138587553	0.5241791499308072	0.4692820629424451	0.5337372821285646	0.4622753364128001	0.5425997922849007	0.4613466047757425	0.5497923457960575
0.47319387489788023	0.5542302739788089	0.459387244317162	0.5559355429052384	0.4682935308981127	0.5576361615314787	0.46231884215848307	0.5590114895717484	0.46694212260293727	0.5603686066587645
0.46891633556084683	0.5682655480966085	0.47020164099526074	0.5701584383725454	0.47170749120936906	0.5716485218178208	0.47099383231594005	0.5728854915336153	0.4614086720585126	0.5740110047744198
0.4596170533053469	0.5125418452588408	0.47279862964245	0.516008175498622	0.46077559060934764	0.5185286810468633	0.4697022529046639	0.5208460385449029	0.46703410229021985	0.5218750914973526
0.4596170533053469	0.5145626513937096	0.4593029955550192	0.52151008124248	0.4607872614243335	0.5318336145995819	0.473688685546786	0.5404711436722269	0.47570288312191183	0.5472304934643488
0.4596170533053469	0.5493636035722818	0.47195183415632985	0.5431367174044721	0.46083318810807955	0.5390039804885792	0.4731814226381985	0.5364621351316587	0.4699149719481409	0.5348065322105319
0.46553015251409674	0.5485794831469709	0.459375233569556	0.5518537077689759	0.4608517206743145	0.5548983803114914	0.46830528028486634	0.5576785040870754	0.4613765622897568	0.5590540496208531
0.4749577303727023	0.5569455828019623	0.45939298766474623	0.5555530147092504	0.46085958181323317	0.5502741683245111	0.47329282839738995	0.5454251511624851	0.46888314798763425	0.5430894805001797
0.4596170533053469	0.5019369954750726	0.4592761312711861	0.5085450398679353	0.4673998432506231	0.5139057989076611	0.4622339742049747	0.5198645928398884	0.46129886648898566	0.522849119077992
0.4706566514063258	0.547357636460707	0.45937265011085787	0.5505705599006642	0.46084897171348793	0.5538470761787324	0.47251086523076835	0.5564814228077816	0.47501314882393	0.5585505335014398
0.46663964434167593	0.5573883754942124	0.4707213330753787	0.5602711474507855	0.4681568090556855	0.5624840821182227	0.47205435830083886	0.5596928406856575	0.4714297908236784	0.5577771841746171
0.4596170533053469	0.5137196679904765	0.45930087958190463	0.5173854407786119	0.4607784963498706	0.5260110665602691	0.471785842086603	0.5346410542540344	0.46133777464770365	0.5406711639448258
0.4706855992918691	0.5237315983963438	0.47432483852702223	0.5346188239024502	0.4688898267696005	0.5445059375630644	0.4701847899383744	0.5525212645237256	0.46136863395785244	0.5544704418488409
0.4596170533053469	0.5562893371280017	0.45939159414084946	0.5579740413305686	0.4696709058785334	0.559731080901079	0.46232318082622204	0.5613982010701538	0.4613769877630038	0.5625335730396424
0.4728231165223442	0.5506820710668853	0.4593797096284235	0.5536844605893692	0.46085559995742525	0.5567772889541152	0.4623170607044289	0.5592185833961527	0.4715028224862705	0.5612255245892839
0.4596170533053469	0.5413693478604943	0.4593599448422344	0.5513543511967088	0.4709425533883614	0.5564007157785938	0.47389573469071866	0.5591087518276074	0.467717348538524	0.5617739151126911
0.47162710088743287	0.5303432093073801	0.45933653032841815	0.5417367885372846	0.4663312473721794	0.5503854099028875	0.46992545628736365	0.553311542393411	0.4613684420454269	0.5553206992328005
0.46944586160033563	0.526235445738493	0.4593278073129038	0.5372295915040377	0.46082064429967096	0.5473512016693398	0.4622973978420329	0.5522355858048951	0.4680181761282661	0.5543214551056673
0.4664379361058832	0.5529101769029576	0.45938442981113153	0.5537398750284837	0.4753065858394205	0.548866690275613	0.4623005059216854	0.5461888132452272	0.4613568233992067	0.5437352548327605
0.4596170533053469	0.5025656450321974	0.45927748651002165	0.5023064679608027	0.4674092427705853	0.5024364228178951	0.46221067132692895	0.5054058101630219	0.4671773313094037	0.5085033293127049
0.47000607309103065	0.5480606681340604	0.47125748350439023	0.5514707252739124	0.4608508956345721	0.5545515839044396	0.462312404201346	0.5573268324290961	0.470182339331452	0.559301159128756
0.4596170533053469	0.5309425691379561	0.4681770422821527	0.542640009279656	0.46974511907381533	0.5512369050735567	0.4623123524062859	0.5549116584345213	0.46137368900268877	0.5567839890787848
0.4698005094477415	0.5279817966298657	0.45933145114227336	0.5228741653250167	0.4678696656167696	0.52267838443184	0.47102741045997465	0.5220725995816416	0.4734610107084335	0.5218878570779169
0.4674147386212398	0.5298148177817515	0.4593353974842522	0.5418685893490418	0.46757996639385707	0.5485942538800597	0.46230707352466627	0.5514700108560556	0.46136671616286484	0.5535823540593716
0.4596170533053469	0.5211839928187574	0.46911155647571995	0.5256606495766823	0.46079673434295176	0.5294678130346728	0.468200844629515	0.5330360395590269	0.47017787530626726	0.5396261143096649
0.4596170533053469	0.5545057401258228	0.4593878179918761	0.5578488584140493	0.46086445993192887	0.5589774417991501	0.4623216416011188	0.5612467512008711	0.4613766665414518	0.5623503705304042
