0.5927748343508992	0.6260407233715048	0.6049531102248463	0.5721305467128107	0.5945895413420466	0.5156104115481864	0.5965534252453053	0.5138349163320048	0.5968617768654967	0.5162950294996597
0.6064384777429024	0.6345719895803149	0.605628946041745	0.5972284221016294	0.6085253437175407	0.5469781943741509	0.6180183317889419	0.5390131973564456	0.6027950864865684	0.543101851577659
0.6087362585136269	0.6418234362652706	0.5987308543276995	0.5959200157528549	0.6092642610294984	0.5596098493194792	0.6027743905589075	0.5583027216620594	0.6122243726259424	0.5590483710383267
0.6106983432679076	0.6276644414611331	0.6043827352576739	0.6019282827682667	0.5975267177973106	0.5514124235829055	0.6009397587167935	0.5519161657702953	0.6048530258289506	0.5523911268059595
0.6064154283550262	0.6374231568956978	0.6198974159268222	0.5992809631661629	0.6070957028035383	0.5647369906915083	0.5951379124900568	0.5556597543588879	0.603236290827305	0.5607071158028697
0.4591953877247275	0.6308748162516596	0.4680636955533096	0.5843596995074606	0.4701105316679567	0.5381859440393841	0.4697485730880747	0.5317597191883564	0.4613903882992441	0.5344247859481613
0.4591953877247275	0.6368581360455485	0.47092810624209513	0.5869673102973187	0.45965389876415036	0.569657497595172	0.46600834938253605	0.5650203199279076	0.4614592659864056	0.5671686511702039
0.4591953877247275	0.6341620890606964	0.4707417556239549	0.5854920201656308	0.46971259713396135	0.5613387734485253	0.460279145950193	0.5580031688486076	0.4696584766063951	0.5599927049352186
0.4707731479380071	0.6422821972941942	0.4608920197380756	0.5912399825675165	0.459663072848501	0.5741626917068051	0.47430820067509377	0.5730646901515952	0.47222403778047	0.5738166909956682
0.4686720840375549	0.6389510648735055	0.46864586187477714	0.5900002081090203	0.45966042818247455	0.5547521392984912	0.46825108131394116	0.5536782243945835	0.46852609615038104	0.5540306926270792
0.4591953877247275	0.6282392147704418	0.4608625673709839	0.5937729716468737	0.4596686118918214	0.522009685063609	0.4601943262586038	0.5162261730472537	0.46134778143072264	0.5176694882695122
0.4591953877247275	0.6229981108320789	0.4608515056080885	0.5815762365192441	0.4632575606964736	0.5292906710774465	0.460209951507014	0.5305356157810085	0.4613878256857043	0.5305583342207139
0.4591953877247275	0.6302450638444543	0.46086680460110396	0.5673552076016981	0.45961172483387586	0.4994738022508652	0.4714915710132253	0.49787830267219574	0.461321335683672	0.49848096379519047
0.47167435984665657	0.624700362500749	0.46085509223446414	0.5784023059579392	0.46430191900372686	0.5312962286402874	0.4644590119235191	0.533077481088468	0.4729292123027865	0.5321957179400247
0.4591953877247275	0.6362239496512798	0.46489671735018995	0.5947156573469143	0.4596673930969548	0.5227602902275398	0.4690432931759404	0.5182881204897295	0.47396562691287447	0.5205914889477916
0.47155915592729886	0.6339517042044132	0.47003419741721647	0.584880544090515	0.46723974234022037	0.5281855613365106	0.4602075596321684	0.5176745064749958	0.461359571529059	0.5221680764315291
0.46645668983811506	0.6343600660201676	0.4608753482539785	0.595534991572341	0.46705507675330815	0.5188910580153308	0.46018748472885496	0.521915248174799	0.46135963248703704	0.5205683796352448
0.4591953877247275	0.6252423678399407	0.4698209097400197	0.5570603388831428	0.4718262848614441	0.5023091512563517	0.46015184188846703	0.49855226657005497	0.4711256341896045	0.5015651260858681
0.4681885840536361	0.6413990731076783	0.4608901655570464	0.5798871468877796	0.4687065709843213	0.556720681205042	0.4602691250567753	0.5586822408777109	0.4614369732256768	0.5586351717562011
0.4591953877247275	0.6331473271598594	0.46929284993655673	0.6053419608046565	0.4596933639653032	0.5192738731795751	0.4601882698447793	0.5186884555283743	0.4750040837129795	0.5196428420318528
0.46935794738501707	0.6337085058537965	0.4608739930242498	0.5980404164265773	0.4675312511353782	0.5469839865739041	0.4697752597438594	0.5493035555641236	0.4706454837446059	0.5491113937117509
0.4591953877247275	0.636689967953747	0.46722943571031705	0.5803241334728152	0.4596395968341527	0.5588462541616931	0.46028213286251474	0.5561242741176883	0.4680513473484093	0.5574195921037877
0.4591953877247275	0.6270478253226547	0.466728994336218	0.5886460136282398	0.45965748850040467	0.5435056161633007	0.46024085732260916	0.5463780287054174	0.46142039040561045	0.5467033321027605
0.4591953877247275	0.6423087410234988	0.46731119219120754	0.5744514070269229	0.4683927761361648	0.5575505671099966	0.4602709269138406	0.5560701781385471	0.4667620325463984	0.5571037388342363
0.46806883337460914	0.634559822778272	0.4608758442551706	0.5898375523577608	0.4736661634273272	0.5570706352259069	0.46027776384481134	0.5521114238948616	0.4614306307019439	0.5553371362401655
0.46960302537270576	0.6332210497549307	0.4608729823176412	0.5702558011867728	0.468023657962944	0.5460268752254114	0.46894324957561623	0.5473944046074546	0.4677155433866538	0.5474653255739639
0.4660852983847561	0.6358542100976492	0.46087854923490673	0.5838583530545981	0.45964721762402094	0.5648944285079148	0.4656559704146258	0.5597010502175908	0.461445565124542	0.5621275250810814
0.46960124817584226	0.64187931660792	0.4608911996911704	0.6000850684617117	0.45968213935676683	0.5669713587665133	0.4676564006944376	0.5658411994335723	0.47009594381098213	0.5661048592515795
0.4591953877247275	0.6423454214880239	0.46850761167069876	0.5817187353677167	0.4596425752436443	0.5634662962356876	0.47200819249212095	0.5621517412924592	0.4728388185069703	0.5631691663525771
0.46494340169524434	0.6311076975088808	0.4608686159487806	0.5843833139195167	0.46655639170846175	0.5187257301261857	0.4692284514499074	0.5166626960310631	0.4715339520661154	0.5180829643364717
0.4591953877247275	0.6232512265017043	0.460852049591697	0.5983938051380284	0.4693696013893898	0.5398392363839085	0.47147494489768915	0.5374527531222474	0.4613992252088237	0.5384646864517958
0.4591953877247275	0.6383523386112446	0.46941218012844554	0.5895831047259498	0.45965954237980045	0.5733319891877305	0.4680105571430396	0.5690103997162588	0.46146218821847484	0.5711182999344747
0.4726878545782253	0.640852627883584	0.4708782008891739	0.6095782263575218	0.4727887949612828	0.5309757182528141	0.46985404992632235	0.5245795018963871	0.4613734474309945	0.5274608182373364
0.4591953877247275	0.63548591784574	0.4696371064567981	0.5797992427187095	0.46872114875864757	0.5642777343216941	0.4682159866876142	0.5616075976930502	0.4614514976998356	0.5629673404009858
0.4591953877247275	0.6370981388753792	0.4697059681018957	0.6044651594489239	0.4596916065928046	0.5572318279211836	0.4713200018497125	0.5479646810775264	0.46142177047527017	0.5528786219839851
0.472260630062825	0.6420717472882186	0.46089159080211256	0.5947750803928351	0.46925436712346225	0.5723713289313149	0.46030292409004164	0.5713762842957614	0.4614726882690661	0.5717752719979237
0.4591953877247275	0.6379890544312767	0.46088301878692095	0.5828624895578514	0.4596450616084945	0.5571500126363621	0.46027009750173303	0.554244310786635	0.467405955550104	0.5554551431138675
0.4702881684959115	0.6232319982011244	0.46886792496355256	0.5894377325420828	0.45965475006556605	0.5476382841969375	0.46024758560789086	0.5377114123591477	0.4729835725347369	0.5421867696564577
0.46710114479783127	0.6361391608525444	0.46552971127204273	0.5999080277093962	0.4663126347018815	0.5575122591634004	0.46868091025188896	0.548004332743658	0.4709838628225426	0.5525936977961626
0.4591953877247275	0.6374501821090612	0.4676472864439038	0.5843542449591154	0.4596482611165691	0.5606800038022576	0.4602826774381565	0.5585052328387443	0.46908924613505515	0.5598100296172761
0.4628864600497673	0.6411267856527073	0.46088960676898677	0.5824351174815398	0.4669585238601135	0.5624745991160499	0.4712801186443628	0.5608109233803865	0.46145023861344653	0.5613896300018869
0.4591953877247275	0.6290510387547297	0.46086423963215206	0.5872250770975979	0.45965442947324375	0.5454086154880912	0.46024865325037967	0.5474158941786016	0.4614191919974021	0.5463385601082468
0.4591953877247275	0.6330581740638083	0.46807982440855794	0.5946383626041919	0.45967033978842975	0.5289504157386956	0.4654978535617821	0.5320260774735696	0.4613808882741112	0.5321927925276174
0.47802731317176184	0.6418856761408421	0.46089425438279275	0.6065249226945851	0.4596960032369753	0.5737440321384015	0.4730508773415617	0.5726760131120741	0.46147833553429296	0.5726676948822016
0.46386916711146586	0.6397422595776403	0.4608867078270706	0.6029377564859953	0.4596883182685297	0.5745939343869942	0.4728691963961327	0.564759923779967	0.4701953090077993	0.5689622728119029
0.4744241522570541	0.622701074486295	0.4730234459821401	0.5862694607553962	0.4703504549997046	0.5447932480399701	0.4702581395615659	0.547493944723652	0.46142249251901635	0.5464406318677245
0.4710217686310945	0.6408332738764134	0.46088900340688127	0.5932689583706394	0.4675445818749489	0.5799374156078976	0.4672801393793468	0.5762223808786385	0.4614792937822161	0.5779855039196411
0.4591953877247275	0.6364901445370844	0.468998336937657	0.5832181131605179	0.4722329832324847	0.5558648531162749	0.46866503914286467	0.5530804072329046	0.4675121357827367	0.554447566187229
0.4591953877247275	0.6361199749252964	0.46087909444567926	0.5824014381132998	0.4596440690213268	0.5612399104880745	0.46505588527458896	0.5585512657849264	0.47027757552658533	0.55981332374381
0.4591953877247275	0.6243028028067905	0.46743270085289196	0.5756927050726658	0.46806074587132857	0.5227159727667653	0.46019574650316675	0.5221508021724146	0.4613716457576806	0.5236387773576271
0.4591953877247275	0.6380967726174063	0.4714240839389952	0.572579910077027	0.45962291257041865	0.5626999032825689	0.47534034349622134	0.559846998682239	0.46853338388723	0.5614327036204408
0.4591953877247275	0.6345537675091483	0.4690404202675675	0.596558973594451	0.4596744823454064	0.5143365730713515	0.46840041948012506	0.5141134593890568	0.4713719697572069	0.5144027221215165
0.4591953877247275	0.6210498373455395	0.46084740249295564	0.5900838928040184	0.45966052306474414	0.5191701175648106	0.46651437134341206	0.5179905436614609	0.4701940069087946	0.5190238418458993
0.4591953877247275	0.6359112894947392	0.46087868187560793	0.5911795655724716	0.46969349387187725	0.5625748916368982	0.46028498823173236	0.5571494229544243	0.4614393270737091	0.5605666794845033
0.46882555111193597	0.6348103907045733	0.46087636515855324	0.6015399327034161	0.4651270847960965	0.5498667951833534	0.4712518006490196	0.5410141734278472	0.46140504520766473	0.5455379283113114
0.4591953877247275	0.6383863637927643	0.46088386582461216	0.586431072452067	0.46674167544054107	0.5550312463634139	0.46851962829940474	0.552250984937876	0.46142349634831026	0.5535487996093453
0.4591953877247275	0.6360779953500946	0.46087891664360875	0.5999615472392561	0.4596817697542954	0.5005461540432091	0.460147874593928	0.5006031482792584	0.46131480376658274	0.5003597558194365
0.4661587276401052	0.6346721805697542	0.460876067398829	0.585425582249439	0.45965059170191175	0.5588563579265273	0.4602737903309315	0.5560339913744508	0.47629838993935714	0.5574034722369773
0.47281818432443573	0.6374915737456868	0.4676609737796806	0.5879463788257049	0.4596559944391315	0.5708387629119503	0.46913592089253203	0.5657505345022542	0.47331746011388903	0.5689808034985605
0.4591953877247275	0.6354413519741903	0.46087769000612316	0.6050927511606472	0.47181977426753896	0.549938952119935	0.4602572277525238	0.5393209926742781	0.4614015416140111	0.5450231132471407
0.4591953877247275	0.6275639140885847	0.4672209242884561	0.6094861974307223	0.46679684219760675	0.559906400806803	0.4602782465046724	0.5639733271701909	0.4692501209806256	0.5628028423158576
0.4591953877247275	0.6256469533431304	0.46536276671386817	0.5822599480587731	0.45964370428332235	0.5271247667176684	0.4674775100745904	0.5279688930994803	0.4687372558416098	0.5275567659622963
0.46778069308059733	0.6411150305043017	0.46088959498708276	0.6029872333857005	0.46872023477991137	0.5556483976327351	0.46026737551025676	0.551565483296884	0.46911732730848316	0.553694144076887
0.46393859090991885	0.6419578932909105	0.4608913517554719	0.5877410519474031	0.4682696575008003	0.5639769499897652	0.47031105633314757	0.5625795701737911	0.46145357174031554	0.5624890732819732
0.4591953877247275	0.6254255057952802	0.4663416124392621	0.5899772317561298	0.4692870934808286	0.5085502479671138	0.46017003176144444	0.5065516626189862	0.4695802006126668	0.5072520111171122
0.4670614652405015	0.6381116475739355	0.46657499955173376	0.5730842507668648	0.46806380206633585	0.5634759502434813	0.466903542202969	0.5607333642582583	0.47019908708628666	0.5624176447928898
0.47114172562390877	0.6377946505833237	0.46684133056843546	0.5818584455658052	0.4680865227296271	0.5570822559259277	0.4687789933710131	0.5542417087020057	0.4670339036814238	0.5555876875270293
0.4684223335791931	0.6238022202067224	0.4691421762008025	0.6098876300713788	0.45970321734355496	0.5595034249663429	0.46772156034231405	0.5633442658932496	0.4614528833174651	0.5620769166536902
0.4591953877247275	0.6279264019361047	0.4608618530458291	0.5757439024066512	0.45962966478624084	0.5172417920448322	0.46511977372878754	0.5179299029085062	0.46136162430475536	0.51867449049043
0.4591953877247275	0.6210242164847319	0.465836069023777	0.5962460248124868	0.45967381294084636	0.5287070528901063	0.4681196753997073	0.5255648165123399	0.46137539388246784	0.5273833656102367
0.4591953877247275	0.6367898580706514	0.47103278106273566	0.6000413887695822	0.46702184977637945	0.5555996287302186	0.46505029954446914	0.5446430075494876	0.4744013473387342	0.5505406411012581
0.4669274515051188	0.6345135871117603	0.46882165830796735	0.5889466763325821	0.45965817222366134	0.556044403921062	0.4602730027147629	0.5507702299492396	0.461426949611096	0.5539442363115821
0.46536200916319587	0.6381037183481337	0.46919421847805814	0.5971570159004285	0.4596757740687187	0.5460738698056017	0.4700165837987457	0.5491489520534207	0.46948698668641325	0.5490288305718461
0.46955162252969296	0.6387146166702257	0.4608845293309401	0.5709698377714135	0.46859855344563445	0.5599066003239861	0.46639436460581285	0.5572740596103303	0.46721897635481396	0.5594412689559252
0.4694243514953877	0.6348098714423458	0.46719614970494855	0.5927231607234594	0.47106336753236905	0.5577933337424519	0.46027730805515304	0.5487940643874843	0.4614230377156979	0.5537315679548228
0.46696238224338205	0.641365182453296	0.46089010730519764	0.5760441082316272	0.46505320393050026	0.561815598667792	0.4602801514333762	0.5607587004067869	0.46668129563590444	0.5615225302779012
0.4659417564705567	0.6422497861815888	0.4707203860698378	0.593070212830716	0.4704877763632122	0.5752629467390994	0.4690570278209039	0.5742594718661361	0.46147815247489743	0.575030173632172
0.4591953877247275	0.6334992651978396	0.465106731491376	0.5901295761664389	0.45966074717374056	0.5244007239849614	0.4716482094820709	0.5218801646660491	0.46879141974481225	0.523312572217336
0.4591953877247275	0.635796517271745	0.4608784408932843	0.5885732855241637	0.4596573683563401	0.5530907223217322	0.4690136368692009	0.5463230693034711	0.46538330917992415	0.550395422615816
0.4591953877247275	0.6237760934631591	0.4683978291521709	0.5835128578474839	0.45964641355192537	0.5314423865665406	0.4693427509725485	0.5341181124002489	0.4713164506547755	0.533598283061741
0.46767573264069157	0.6343915943806405	0.4608754655040265	0.5833175488847491	0.4596460292610964	0.5577973424496949	0.4709660716631568	0.5585471593765892	0.46144152379607734	0.5591364542781389
0.470522017355119	0.6313648009084039	0.4608690849523277	0.5786860922361238	0.4596360225016192	0.5394302261107522	0.4731307363471918	0.5432371883345752	0.4704835156700721	0.5418763753786422
0.4591953877247275	0.6179802288958185	0.4608408890158772	0.5501536405742818	0.472074202488002	0.5277716844080534	0.4602123009052599	0.5220886955770591	0.4613672995309521	0.524593968389012
0.46593188434736693	0.6358027266490907	0.4608784283459575	0.5822227182380263	0.4596436842592458	0.5610736063995139	0.4727060005142714	0.5582525214661436	0.46903735629305626	0.5595598134193309
0.46758816989079743	0.6282689186085215	0.4697428147485923	0.5801169087363778	0.4678156246211024	0.5557781137161599	0.46896548349345113	0.5575546451336975	0.47212858877510194	0.5577100502272043
0.4591953877247275	0.63593510153845	0.46087445920762454	0.5967246565059607	0.4596749295504278	0.5484522233179071	0.47317439697920366	0.5405633397946987	0.46140474820617744	0.5443045198446361
0.4690631069852526	0.6399197731381726	0.46803678313004704	0.5954076354941136	0.46669941231685397	0.5558908045591491	0.4753038977603614	0.554355464153746	0.4614357557337368	0.5541975838630127
0.4591953877247275	0.6424685723833948	0.46089241104514833	0.5924325107093603	0.4667618994974389	0.5643356887833679	0.46028555305534935	0.562845498498293	0.46144572624306796	0.5638992471173427
0.4657611305388422	0.6350318395734409	0.4608768097768836	0.5802109305034879	0.45963935312152604	0.5635639775903022	0.46028392334907087	0.5610161144318304	0.47202919897614554	0.562259824161237
0.4591953877247275	0.6368116343189306	0.4608805594763058	0.5840743970858144	0.46712831000744826	0.5658370900319744	0.47008674793098026	0.5622878313968409	0.4685801992673194	0.5641578167017028
0.466743452884637	0.6356670852053758	0.46087815634046	0.581907234779857	0.4669109230455433	0.5578429913672592	0.47088898468643975	0.5551492294595182	0.46143903813133896	0.5564784196675812
0.4695954741195834	0.6357711502114045	0.460878374839273	0.5836670760870483	0.4596468058246849	0.5569265859414425	0.4602696269938583	0.5541036453297079	0.47233682665671173	0.5555315430599572
0.46787192611012146	0.6259184116836692	0.4608576622687355	0.5902710563544723	0.46458790354078877	0.540775366057935	0.4602347258217682	0.544688472741218	0.46141678170290046	0.5441393751104092
0.4591953877247275	0.6283522185334842	0.46086269643859423	0.5679432663603251	0.4696639730843345	0.5132869300235875	0.46018238200781736	0.5088554974324789	0.4685995250596596	0.510564581625779
0.4670099066516469	0.6380448988977784	0.4685711113008912	0.581588840875706	0.4596423075999488	0.5617858325661917	0.4602800756025243	0.5591253373679205	0.46787485788742167	0.5604060648039025
0.4591953877247275	0.6345501193969502	0.4691213900803669	0.5836180068770352	0.468174814092246	0.5593659237560115	0.4602831828548634	0.5567393959183711	0.46144068812707634	0.5580859970190829
0.4674453050299812	0.6327672681683522	0.4608719785603142	0.593949187057187	0.47245886912264345	0.5225732562315291	0.47241360637668633	0.5223307410890831	0.4696924667072779	0.5227832712260697
0.4686962895077025	0.6377908606539541	0.4608826154900098	0.584218294689856	0.4661822366693304	0.5561495850238377	0.4602764825155873	0.553352876710306	0.461433859616737	0.5547469765313621
0.4591953877247275	0.6343152451662155	0.47054970067823493	0.6063487222193987	0.4596912651780755	0.5477757332441257	0.4700794159642251	0.5387444724740358	0.4707001174302226	0.5424012913162553
0.4591953877247275	0.6414349874003117	0.4608902538671166	0.583151790898142	0.45964567240811716	0.5631884476620417	0.4602831131890048	0.562349113569111	0.46144470528189074	0.5620342626398223
