0.0005	0.0037641423244800126	0.0037641423244800126	0.007608443913482226	0.007608443913482226	0.009153982383052801	0.009153982383052801	0.01068528442215881	0.01068528442215881	0.013040740229931408
0.0005	0.0066864999314265065	0.0066864999314265065	0.011654849079136801	0.011654849079136801	0.014990527770815422	0.014990527770815422	0.01975781792784913	0.01975781792784913	0.02367055922125352
0.0005	0.0063103381069718805	0.0063103381069718805	0.011714497640989195	0.011714497640989195	0.01991262166340506	0.01991262166340506	0.02852707471639423	0.02852707471639423	0.03684946656417708
0.0005	0.007215884817465806	0.007215884817465806	0.012263002028799999	0.012263002028799999	0.01683374904505739	0.01683374904505739	0.02196397316292684	0.02196397316292684	0.025693127082573444
0.0005	0.006546543645613708	0.006546543645613708	0.009959948023211701	0.009959948023211701	0.010750115398088978	0.010750115398088978	0.011812988753765985	0.011812988753765985	0.014398488155567032
0.0005	0.0004811092622287395	0.0004811092622287395	0.0005206090091555807	0.0005206090091555807	0.0005252965661801791	0.0005252965661801791	0.0005239400738111803	0.0005239400738111803	0.0005468002055583719
0.0005	0.00034931766983732897	0.00034931766983732897	0.0003460238608970261	0.0003460238608970261	0.002477454796335357	0.002477454796335357	0.0024534763474617464	0.0024534763474617464	0.001387344619962249
0.0005	0.00032253216132018827	0.00032253216132018827	0.00035381090179001883	0.00035381090179001883	0.004485061096440811	0.004485061096440811	0.002775508921837439	0.002775508921837439	0.0010502756182403199
0.0005	0.000548301273611828	0.000548301273611828	0.0005544154058537792	0.0005544154058537792	0.0003440001032352055	0.0003440001032352055	0.0003312124409509343	0.0003312124409509343	0.00039707990257981183
0.0005	0.0003547909792692221	0.0003547909792692221	0.00035438458082642804	0.00035438458082642804	0.0030141071550069654	0.0030141071550069654	0.0028310617883873864	0.0028310617883873864	0.001308815973938997
0.0005	0.0003430083840454754	0.0003430083840454754	0.0003936338497688934	0.0003936338497688934	0.000728754415198569	0.000728754415198569	0.0006857404600644882	0.0006857404600644882	0.00073417696287357
0.0005	0.0003271389645586597	0.0003271389645586597	0.0003224129935157596	0.0003224129935157596	0.0005076014810703141	0.0005076014810703141	0.0005102310209886021	0.0005102310209886021	0.0006405207634435879
0.0005	0.0005255074310081433	0.0005255074310081433	0.000449035251230629	0.000449035251230629	0.0005274916880949336	0.0005274916880949336	0.0005338133030290319	0.0005338133030290319	0.0005619361959791261
0.0005	0.0005396695101999779	0.0005396695101999779	0.000542120864125204	0.000542120864125204	0.000598368777517722	0.000598368777517722	0.0006390126463961237	0.0006390126463961237	0.0007380899607807445
0.0005	0.0005635245627566844	0.0005635245627566844	0.0005689894189924806	0.0005689894189924806	0.0007264294887734047	0.0007264294887734047	0.0004610589100803319	0.0004610589100803319	0.00041900355349778123
0.0005	0.0005609927781757305	0.0005609927781757305	0.0005303220725929448	0.0005303220725929448	0.0003708798432440117	0.0003708798432440117	0.0003716514947474551	0.0003716514947474551	0.00040723196976318184
0.0005	0.0004136130248234907	0.0004136130248234907	0.0003840625813028645	0.0003840625813028645	0.0004989143978687913	0.0004989143978687913	0.0004995121982058299	0.0004995121982058299	0.0005647254005666196
0.0005	0.0004950776671853897	0.0004950776671853897	0.00044657145461212707	0.00044657145461212707	0.00039013411864885874	0.00039013411864885874	0.00039951115433143393	0.00039951115433143393	0.000434075553623415
0.0005	0.0004787533940620203	0.0004787533940620203	0.0003998965100259493	0.0003998965100259493	0.0015256286020857602	0.0015256286020857602	0.001797213081331342	0.001797213081331342	0.0012468584335377318
0.0005	0.0004024108566530353	0.0004024108566530353	0.0004283075074194313	0.0004283075074194313	0.002345834697236629	0.002345834697236629	0.002233637474457338	0.002233637474457338	0.0009477417137251183
0.0005	0.00036706623897985157	0.00036706623897985157	0.00038556906981666086	0.00038556906981666086	0.0006989055968708143	0.0006989055968708143	0.0007057941447844375	0.0007057941447844375	0.000723210259658425
0.0005	0.0004398838998848303	0.0004398838998848303	0.00044438601700045997	0.00044438601700045997	0.001072350732574493	0.001072350732574493	0.0012981437838776927	0.0012981437838776927	0.0012076207611222787
0.0005	0.0004847332433541342	0.0004847332433541342	0.0004926298423469929	0.0004926298423469929	0.0006991788404000513	0.0006991788404000513	0.0006083266890854324	0.0006083266890854324	0.0006166445703052481
0.0005	0.00051608723809489	0.00051608723809489	0.0004337765871988727	0.0004337765871988727	0.0005524180696967936	0.0005524180696967936	0.0005550331645092019	0.0005550331645092019	0.000577395734657752
0.0005	0.001032615281207418	0.001032615281207418	0.0005664090431053299	0.0005664090431053299	0.00041686203641050823	0.00041686203641050823	0.00044131702973494144	0.00044131702973494144	0.0005118611988691816
0.0005	0.0003708018068721613	0.0003708018068721613	0.00039768307164209744	0.00039768307164209744	0.0028828919325193823	0.0028828919325193823	0.0027745749627917453	0.0027745749627917453	0.001167760893791093
0.0005	0.0005445202983957835	0.0005445202983957835	0.0005025889572086836	0.0005025889572086836	0.0004906995730737082	0.0004906995730737082	0.0004819641638208689	0.0004819641638208689	0.0005833351841682817
0.0005	0.0007209304620391316	0.0007209304620391316	0.0005438549759956221	0.0005438549759956221	0.00039802621272992276	0.00039802621272992276	0.00045770973199617065	0.00045770973199617065	0.0004943200068164008
0.0005	0.0003851698151954965	0.0003851698151954965	0.00033339773331289845	0.00033339773331289845	0.00031933516565407815	0.00031933516565407815	0.00032008727809788054	0.00032008727809788054	0.0003430318471351106
0.0005	0.0005394435249209454	0.0005394435249209454	0.0005404207914245834	0.0005404207914245834	0.0007545878895576589	0.0007545878895576589	0.0008112747072693919	0.0008112747072693919	0.0006545532393192404
0.0005	0.00040767551405119086	0.00040767551405119086	0.00032719546547011624	0.00032719546547011624	0.0004916086486948675	0.0004916086486948675	0.0004865942146809506	0.0004865942146809506	0.0005315726022255572
0.0005	0.0004961409017961943	0.0004961409017961943	0.000551860418262726	0.000551860418262726	0.0020155860256270606	0.0020155860256270606	0.002032807951802787	0.002032807951802787	0.0008789170217796324
0.0005	0.0003178317297837727	0.0003178317297837727	0.00033016913703019096	0.00033016913703019096	0.004311990082215687	0.004311990082215687	0.00264564965104752	0.00264564965104752	0.0007132378835772583
0.0005	0.00042850357999396805	0.00042850357999396805	0.0006421675120723192	0.0006421675120723192	0.000673560622670201	0.000673560622670201	0.0007631901259188307	0.0007631901259188307	0.0008222937365974097
0.0005	0.0005123057115907965	0.0005123057115907965	0.0005170625595105997	0.0005170625595105997	0.0005735954806972616	0.0005735954806972616	0.0005375732175659464	0.0005375732175659464	0.0005964688032134929
0.0005	0.0005149569426105725	0.0005149569426105725	0.0005244918525796919	0.0005244918525796919	0.0005981002049108352	0.0005981002049108352	0.0005790973750043478	0.0005790973750043478	0.0007735824499071315
0.0005	0.0003143996678824281	0.0003143996678824281	0.0003695661557456777	0.0003695661557456777	0.0014081524394097147	0.0014081524394097147	0.0011829311292739357	0.0011829311292739357	0.000785553885730361
0.0005	0.00044225767780802514	0.00044225767780802514	0.0004729818224033154	0.0004729818224033154	0.0023337625371728484	0.0023337625371728484	0.002467261628891009	0.002467261628891009	0.0014759423415137151
0.0005	0.000530180052754023	0.000530180052754023	0.0005272825956918499	0.0005272825956918499	0.000589229289917103	0.000589229289917103	0.0005068267264219424	0.0005068267264219424	0.0004260358896601478
0.0005	0.00037274130318803994	0.00037274130318803994	0.0003578522176652183	0.0003578522176652183	0.000688770679048076	0.000688770679048076	0.0006886488228155757	0.0006886488228155757	0.0007188692174275167
0.0005	0.00041216020540160925	0.00041216020540160925	0.0003628204485105978	0.0003628204485105978	0.002343295407140913	0.002343295407140913	0.002143427967855343	0.002143427967855343	0.001694626580312649
0.0005	0.0004906363494595622	0.0004906363494595622	0.0004496272906246911	0.0004496272906246911	0.0005345103569410091	0.0005345103569410091	0.0005220974932683769	0.0005220974932683769	0.0005567273910915437
0.0005	0.0003559806855247133	0.0003559806855247133	0.000354511228082001	0.000354511228082001	0.0004914172091635853	0.0004914172091635853	0.0004929691809353007	0.0004929691809353007	0.0005194632586184496
0.0005	0.0004274759789105869	0.0004274759789105869	0.00039752789492423525	0.00039752789492423525	0.0005546548354623152	0.0005546548354623152	0.0005168775367973157	0.0005168775367973157	0.0006502815283173658
0.0005	0.00047762658920469966	0.00047762658920469966	0.00046431992459653577	0.00046431992459653577	0.0005312035529642353	0.0005312035529642353	0.0005293611451627967	0.0005293611451627967	0.000591622290623064
0.0005	0.0005206228152507097	0.0005206228152507097	0.0005473151313418769	0.0005473151313418769	0.0005646790477687264	0.0005646790477687264	0.0006054964758953193	0.0006054964758953193	0.000705237846614717
0.0005	0.00045391926960423136	0.00045391926960423136	0.000602914723047603	0.000602914723047603	0.0009224442793185768	0.0009224442793185768	0.0006998323528664728	0.0006998323528664728	0.0007215814734767028
0.0005	0.0003162684348232874	0.0003162684348232874	0.0003289452133460791	0.0003289452133460791	0.004376075797813752	0.004376075797813752	0.0032046666094047217	0.0032046666094047217	0.0012926619558835965
0.0005	0.0006396826102942678	0.0006396826102942678	0.0007252109859703883	0.0007252109859703883	0.0006960136326552427	0.0006960136326552427	0.0006657112981854232	0.0006657112981854232	0.0007403643237024228
0.0005	0.0005867703411577194	0.0005867703411577194	0.0006256893154538838	0.0006256893154538838	0.0010215673145818973	0.0010215673145818973	0.0008084462264242154	0.0008084462264242154	0.0007107405444067959
0.0005	0.0004766335355556648	0.0004766335355556648	0.0005250105270757446	0.0005250105270757446	0.0010383668974850188	0.0010383668974850188	0.0008972455684389462	0.0008972455684389462	0.0005590623524370579
0.0005	0.0005548042508519592	0.0005548042508519592	0.0005805315369385941	0.0005805315369385941	0.0005889163277044031	0.0005889163277044031	0.0005868006516085276	0.0005868006516085276	0.0005989720064355569
0.0005	0.0010838240065806257	0.0010838240065806257	0.0005583046756089317	0.0005583046756089317	0.00038230125919334716	0.00038230125919334716	0.00040786275878584437	0.00040786275878584437	0.000474912517251816
0.0005	0.00033412451334764975	0.00033412451334764975	0.0003204426488270495	0.0003204426488270495	0.0015732910300228578	0.0015732910300228578	0.0007258798956847653	0.0007258798956847653	0.0005246973571729299
0.0005	0.00047000032456229185	0.00047000032456229185	0.0004664256549872477	0.0004664256549872477	0.0014260529342168065	0.0014260529342168065	0.000569920969745872	0.000569920969745872	0.0005969794837632183
0.0005	0.00037874651914746065	0.00037874651914746065	0.00035826627864447624	0.00035826627864447624	0.00038240114273701176	0.00038240114273701176	0.00037841132948835364	0.00037841132948835364	0.0004678309331007186
0.0005	0.0004923901777774086	0.0004923901777774086	0.00043341591358327786	0.00043341591358327786	0.00037993526683656107	0.00037993526683656107	0.00035017753862633935	0.00035017753862633935	0.0003956542707040604
0.0005	0.00047772414251589064	0.00047772414251589064	0.00035059712980934705	0.00035059712980934705	0.0011997424193591214	0.0011997424193591214	0.0015830846999097426	0.0015830846999097426	0.000837423097247322
0.0005	0.00045872277339212763	0.00045872277339212763	0.00047509107752172956	0.00047509107752172956	0.0005264003444449293	0.0005264003444449293	0.0005294248087390454	0.0005294248087390454	0.0005515614162405251
0.0005	0.00036753136988492845	0.00036753136988492845	0.00040785194651304604	0.00040785194651304604	0.0006731944866631921	0.0006731944866631921	0.0006420665110881879	0.0006420665110881879	0.0006946465767894675
0.0005	0.0005411247721453717	0.0005411247721453717	0.0005639400360457506	0.0005639400360457506	0.0007863006667233393	0.0007863006667233393	0.0008723394306717558	0.0008723394306717558	0.0007839162444072363
0.0005	0.00046361370205730225	0.00046361370205730225	0.0004623522426220055	0.0004623522426220055	0.0005223035747000815	0.0005223035747000815	0.0005223429940984221	0.0005223429940984221	0.0005441101660126549
0.0005	0.0003824681419392579	0.0003824681419392579	0.00031895936154040163	0.00031895936154040163	0.001163888798641168	0.001163888798641168	0.00045309619501675334	0.00045309619501675334	0.0005707506497855658
0.0005	0.00037077489482092085	0.00037077489482092085	0.00040218444936713105	0.00040218444936713105	0.000697552961049153	0.000697552961049153	0.0006911519642130815	0.0006911519642130815	0.0007290322293552366
0.0005	0.0004595119063872063	0.0004595119063872063	0.00038537193649857115	0.00038537193649857115	0.0014931009857138276	0.0014931009857138276	0.0012331951426877354	0.0012331951426877354	0.0006650600458795133
0.0005	0.00033676889202541397	0.00033676889202541397	0.0003329800328765499	0.0003329800328765499	0.004188043379802939	0.004188043379802939	0.0030468897715788994	0.0030468897715788994	0.001186911118259667
0.0005	0.0005916858034901221	0.0005916858034901221	0.0005774141292486675	0.0005774141292486675	0.0005855061614121124	0.0005855061614121124	0.0005957054741217053	0.0005957054741217053	0.0006158622836386333
0.0005	0.0005848313290604829	0.0005848313290604829	0.0006046867186768888	0.0006046867186768888	0.0008679535741046476	0.0008679535741046476	0.0006416549255137084	0.0006416549255137084	0.000712499460266335
0.0005	0.0004783055666535285	0.0004783055666535285	0.0005079534812081446	0.0005079534812081446	0.000518931665128379	0.000518931665128379	0.0005069118731135964	0.0005069118731135964	0.0005455167351876849
0.0005	0.00037342997065922335	0.00037342997065922335	0.0004200745277182562	0.0004200745277182562	0.000493412877171226	0.000493412877171226	0.0004931251836227816	0.0004931251836227816	0.0005255886125965328
0.0005	0.0004851335266590581	0.0004851335266590581	0.0004915839995232396	0.0004915839995232396	0.0006370964577559269	0.0006370964577559269	0.0006491656681010123	0.0006491656681010123	0.0006999929816869624
0.0005	0.0007914322072223783	0.0007914322072223783	0.0005682489073692969	0.0005682489073692969	0.00033952670157354914	0.00033952670157354914	0.0003485312366319245	0.0003485312366319245	0.000389662819491516
0.0005	0.0003446382651527342	0.0003446382651527342	0.0003595924070505218	0.0003595924070505218	0.0007455487191594482	0.0007455487191594482	0.00048784322506342223	0.00048784322506342223	0.0005157096804877825
0.0005	0.0005811108283780671	0.0005811108283780671	0.0006013857323991039	0.0006013857323991039	0.0017271870535344458	0.0017271870535344458	0.0019904389138080338	0.0019904389138080338	0.0008228069495596215
0.0005	0.00035267049562360457	0.00035267049562360457	0.00033493525543415887	0.00033493525543415887	0.002519849370106464	0.002519849370106464	0.00108981936151059	0.00108981936151059	0.0007623966322183847
0.0005	0.0004119252902115992	0.0004119252902115992	0.0004065929074271436	0.0004065929074271436	0.0006881934207688654	0.0006881934207688654	0.0006762639714305643	0.0006762639714305643	0.0007046648281503994
0.0005	0.0003896523344548819	0.0003896523344548819	0.00042880377910585384	0.00042880377910585384	0.002494419422661159	0.002494419422661159	0.002505283418540884	0.002505283418540884	0.0010434200631054059
0.0005	0.0005372503571942172	0.0005372503571942172	0.0006061305674852514	0.0006061305674852514	0.0006991112899811515	0.0006991112899811515	0.000710018522437907	0.000710018522437907	0.0007436660996739904
0.0005	0.00046480893256444823	0.00046480893256444823	0.00047290594980517475	0.00047290594980517475	0.0005377734006865718	0.0005377734006865718	0.000554506561386872	0.000554506561386872	0.0006039327273268597
0.0005	0.0007797517977469017	0.0007797517977469017	0.0005512235424481357	0.0005512235424481357	0.0005527346261241042	0.0005527346261241042	0.0005080476005130875	0.0005080476005130875	0.000550611606598729
0.0005	0.0004601656038241711	0.0004601656038241711	0.00045743082629588137	0.00045743082629588137	0.0005139082109610324	0.0005139082109610324	0.0005172879189982896	0.0005172879189982896	0.0005406531460224732
0.0005	0.0004595398524080511	0.0004595398524080511	0.00042700673776217715	0.00042700673776217715	0.0011431130238373723	0.0011431130238373723	0.0011956400706878939	0.0011956400706878939	0.000469203234428558
0.0005	0.00044925085856894564	0.00044925085856894564	0.00046855392903521396	0.00046855392903521396	0.0009612989374350521	0.0009612989374350521	0.0004896912670869279	0.0004896912670869279	0.0007416996238067894
0.0005	0.00036427320240061463	0.00036427320240061463	0.00033615811706469147	0.00033615811706469147	0.0025939672711525153	0.0025939672711525153	0.0010697688968619033	0.0010697688968619033	0.000989430914526667
0.0005	0.0005965302640040277	0.0005965302640040277	0.0005573517287021358	0.0005573517287021358	0.0012481326730616475	0.0012481326730616475	0.001200404029033797	0.001200404029033797	0.0010035199066061047
0.0005	0.00042505360268835533	0.00042505360268835533	0.0006008813353841461	0.0006008813353841461	0.0031641655492100898	0.0031641655492100898	0.0021367104917101036	0.0021367104917101036	0.0010468673965840518
0.0005	0.0003680969645953228	0.0003680969645953228	0.00033601086511759494	0.00033601086511759494	0.002230987477776979	0.002230987477776979	0.0011010185083701574	0.0011010185083701574	0.000987093575205413
0.0005	0.00046435347995632705	0.00046435347995632705	0.0005738856661707033	0.0005738856661707033	0.0008691877155293393	0.0008691877155293393	0.0009505150994453467	0.0009505150994453467	0.0009334679121779403
0.0005	0.0006651730770952926	0.0006651730770952926	0.0006112019722906527	0.0006112019722906527	0.00044274274835205137	0.00044274274835205137	0.000451594245579793	0.000451594245579793	0.0005320237399090189
0.0005	0.0004505030157332544	0.0004505030157332544	0.000394008374943074	0.000394008374943074	0.0016519962199397827	0.0016519962199397827	0.0005952005671630954	0.0005952005671630954	0.0007903505050909121
0.0005	0.0005092631603762109	0.0005092631603762109	0.0004920587783883295	0.0004920587783883295	0.000592133419342229	0.000592133419342229	0.000573745296797873	0.000573745296797873	0.0005919009393081764
0.0005	0.0004381380437558644	0.0004381380437558644	0.0005496022969696268	0.0005496022969696268	0.0015619854491073818	0.0015619854491073818	0.001235142649032764	0.001235142649032764	0.000817935728952201
0.0005	0.0004981616622582437	0.0004981616622582437	0.0005049638341575862	0.0005049638341575862	0.00034624087509510195	0.00034624087509510195	0.0003280124129178658	0.0003280124129178658	0.00040987502145088027
0.0005	0.000318571983064832	0.000318571983064832	0.0004276024805293334	0.0004276024805293334	0.0018302770076207792	0.0018302770076207792	0.0006449007434803843	0.0006449007434803843	0.0006679415058867936
0.0005	0.0004678503222685105	0.0004678503222685105	0.00045000256483175734	0.00045000256483175734	0.0006561194636789348	0.0006561194636789348	0.0005497654949482824	0.0005497654949482824	0.0008470729598327602
0.0005	0.0005684571468550218	0.0005684571468550218	0.000518953691164159	0.000518953691164159	0.0005688051778366555	0.0005688051778366555	0.0005738912470235656	0.0005738912470235656	0.0006053970952785666
0.0005	0.0005368769417648521	0.0005368769417648521	0.0005668061537184218	0.0005668061537184218	0.00036689834030524996	0.00036689834030524996	0.000371955047494074	0.000371955047494074	0.00040426321757692867
0.0005	0.0004507534214867087	0.0004507534214867087	0.0004334062476908114	0.0004334062476908114	0.0005134200183014755	0.0005134200183014755	0.000515914033229361	0.000515914033229361	0.000573773370148664
0.0005	0.0004084801632994326	0.0004084801632994326	0.00043645979654442036	0.00043645979654442036	0.0005293914963812065	0.0005293914963812065	0.0005285742144967216	0.0005285742144967216	0.0005851810302345148
0.0005	0.0005303744798925852	0.0005303744798925852	0.0005708161616726451	0.0005708161616726451	0.0004951299009642869	0.0004951299009642869	0.0005235939144724285	0.0005235939144724285	0.0005733186090907855
