0.00025	0.001592781249352345	0.001592781249352345	0.002917717666330691	0.002917717666330691	0.004236064408089335	0.004236064408089335	0.005588361510192676	0.005588361510192676	0.006953927620481892
0.00025	0.001895970523333132	0.001895970523333132	0.0035120442205640416	0.0035120442205640416	0.005090800329231264	0.005090800329231264	0.006613828426845994	0.006613828426845994	0.00814772083423201
0.00025	0.0012243516289176047	0.0012243516289176047	0.002197202361814537	0.002197202361814537	0.0032923333431061066	0.0032923333431061066	0.0043912179951282	0.0043912179951282	0.005517329836461862
0.00025	0.0012065340593046272	0.0012065340593046272	0.0021354153713628154	0.0021354153713628154	0.003134592436441748	0.003134592436441748	0.004077325125610318	0.004077325125610318	0.005049776638841584
0.00025	0.0011527997849786202	0.0011527997849786202	0.0020928151132971794	0.0020928151132971794	0.0031523224030286755	0.0031523224030286755	0.004183114285224804	0.004183114285224804	0.0051801921797727845
0.00025	0.0002751173907489777	0.0002751173907489777	0.00020121648479912876	0.00020121648479912876	0.00021576347715082577	0.00021576347715082577	0.0001678209407785252	0.0001678209407785252	0.00010104717210647935
0.00025	0.0001777453185923097	0.0001777453185923097	9.90134779427359e-5	9.90134779427359e-5	8.85532178924016e-5	8.85532178924016e-5	8.51540677847027e-5	8.51540677847027e-5	6.139722213294239e-5
0.00025	0.0004970924393426699	0.0004970924393426699	0.00044959370261368775	0.00044959370261368775	0.0003989633031881476	0.0003989633031881476	0.00045657496942498756	0.00045657496942498756	0.0004666812088750898
0.00025	5.7071715285207024e-5	5.7071715285207024e-5	3.604058623084558e-5	3.604058623084558e-5	3.5835186983339285e-5	3.5835186983339285e-5	4.447850810926172e-5	4.447850810926172e-5	4.0003302263894323e-5
0.00025	5.438271426132436e-5	5.438271426132436e-5	6.433431327643738e-5	6.433431327643738e-5	7.941086357844825e-5	7.941086357844825e-5	7.271003193773513e-5	7.271003193773513e-5	5.949590386774016e-5
0.00025	2.5785982019622027e-5	2.5785982019622027e-5	2.3148998337289955e-5	2.3148998337289955e-5	2.637208791391696e-5	2.637208791391696e-5	2.4761965158102117e-5	2.4761965158102117e-5	2.1655359366899203e-5
0.00025	8.352008557502206e-5	8.352008557502206e-5	0.000156515469065406	0.000156515469065406	0.00012373618410488866	0.00012373618410488866	0.00012476683091296566	0.00012476683091296566	0.00014471725736749742
0.00025	7.386912506389692e-5	7.386912506389692e-5	8.234145144055088e-5	8.234145144055088e-5	7.836774374812569e-5	7.836774374812569e-5	7.967856959239397e-5	7.967856959239397e-5	7.940911102107498e-5
0.00025	0.00023233928729818375	0.00023233928729818375	0.0002246024235727163	0.0002246024235727163	0.0002379931057730141	0.0002379931057730141	6.327493492283288e-5	6.327493492283288e-5	0.00017238521059350465
0.00025	0.00038257832130368896	0.00038257832130368896	0.0002544350728614801	0.0002544350728614801	0.00039765657857775263	0.00039765657857775263	0.00036008620297947965	0.00036008620297947965	0.0002866702630756383
0.00025	6.01959831933027e-5	6.01959831933027e-5	6.571007559723762e-5	6.571007559723762e-5	6.238966733729678e-5	6.238966733729678e-5	6.363508668151705e-5	6.363508668151705e-5	6.411452862231143e-5
0.00025	0.0005189658117397968	0.0005189658117397968	0.0004611836023053077	0.0004611836023053077	0.00043673552371494717	0.00043673552371494717	0.00040248694701462023	0.00040248694701462023	0.000384052380172379
0.00025	5.4710888622483265e-5	5.4710888622483265e-5	5.765293440261191e-5	5.765293440261191e-5	5.9418097937934603e-5	5.9418097937934603e-5	5.842673741577128e-5	5.842673741577128e-5	5.258020445575956e-5
0.00025	6.275078214807986e-5	6.275078214807986e-5	4.838598532399415e-5	4.838598532399415e-5	3.72114302263664e-5	3.72114302263664e-5	3.985122720400248e-5	3.985122720400248e-5	3.0378101853385012e-5
0.00025	0.00016686903898469155	0.00016686903898469155	0.00017257861402924328	0.00017257861402924328	0.0001428993073438232	0.0001428993073438232	0.0001964282703065248	0.0001964282703065248	0.0001071552558629045
0.00025	0.00030116363254531145	0.00030116363254531145	0.0003601510007517241	0.0003601510007517241	0.00027393648686418234	0.00027393648686418234	0.00025532568327616366	0.00025532568327616366	0.00012224113521475027
0.00025	9.34235355319268e-5	9.34235355319268e-5	8.677799351566939e-5	8.677799351566939e-5	7.964210526854893e-5	7.964210526854893e-5	0.00010232485848906034	0.00010232485848906034	6.70610408534872e-5
0.00025	9.038334221910487e-5	9.038334221910487e-5	0.00014592813478135017	0.00014592813478135017	6.287495167737888e-5	6.287495167737888e-5	6.709031545302955e-5	6.709031545302955e-5	5.709649414497844e-5
0.00025	7.660046979535772e-5	7.660046979535772e-5	5.933821706865115e-5	5.933821706865115e-5	7.630015373910542e-5	7.630015373910542e-5	9.312333765879725e-5	9.312333765879725e-5	5.93416353988632e-5
0.00025	5.474242371754566e-5	5.474242371754566e-5	3.956234413237111e-5	3.956234413237111e-5	3.85554281931617e-5	3.85554281931617e-5	3.8413399014375224e-5	3.8413399014375224e-5	3.785248515813298e-5
0.00025	0.00032715500180239063	0.00032715500180239063	0.0003526650375933348	0.0003526650375933348	0.00025641951245290826	0.00025641951245290826	0.0002889889262551477	0.0002889889262551477	0.00023839605686793393
0.00025	0.000464371064735273	0.000464371064735273	0.0003835761321431068	0.0003835761321431068	0.0003668841397686995	0.0003668841397686995	0.0003051430879867588	0.0003051430879867588	0.0003685065434466497
0.00025	0.00024669977642234863	0.00024669977642234863	0.00021258326239417423	0.00021258326239417423	0.00012740820276392682	0.00012740820276392682	0.0001576930988255642	0.0001576930988255642	0.00020846235000061074
0.00025	5.8049643490310326e-5	5.8049643490310326e-5	6.273125158803875e-5	6.273125158803875e-5	6.55412444919016e-5	6.55412444919016e-5	6.123248135960781e-5	6.123248135960781e-5	7.230554723302093e-5
0.00025	0.0004647720204402259	0.0004647720204402259	0.0004913876737172717	0.0004913876737172717	0.0003914896638467724	0.0003914896638467724	0.00032326980172375027	0.00032326980172375027	0.0002782431644887315
0.00025	7.706627452452624e-5	7.706627452452624e-5	0.00010485201364460542	0.00010485201364460542	8.337176047650745e-5	8.337176047650745e-5	8.764288665215499e-5	8.764288665215499e-5	8.261069435066755e-5
0.00025	0.0002803637412358168	0.0002803637412358168	0.00019687889367746048	0.00019687889367746048	0.00020271416184585266	0.00020271416184585266	0.0002190718102482287	0.0002190718102482287	0.00025390511895862546
0.00025	0.00025201589824738025	0.00025201589824738025	0.00023631786047964646	0.00023631786047964646	0.00026482551621791976	0.00026482551621791976	0.0002655024624496781	0.0002655024624496781	0.00024630341602441003
0.00025	0.00040091800005580497	0.00040091800005580497	0.0003070061283088039	0.0003070061283088039	0.00037378759707921874	0.00037378759707921874	0.00037337756290050414	0.00037337756290050414	0.00020608871591533076
0.00025	7.026063629893446e-5	7.026063629893446e-5	8.090561206363964e-5	8.090561206363964e-5	8.152681525869996e-5	8.152681525869996e-5	7.632428728017692e-5	7.632428728017692e-5	7.7868695414186e-5
0.00025	5.717543539865979e-5	5.717543539865979e-5	6.229323750586573e-5	6.229323750586573e-5	5.925521576705899e-5	5.925521576705899e-5	6.087532982787767e-5	6.087532982787767e-5	6.179544862489534e-5
0.00025	5.307833647143458e-5	5.307833647143458e-5	9.63755810590022e-5	9.63755810590022e-5	5.788949884707252e-5	5.788949884707252e-5	5.6265145377412674e-5	5.6265145377412674e-5	5.947643221915313e-5
0.00025	6.651557081999783e-5	6.651557081999783e-5	7.294273363098277e-5	7.294273363098277e-5	0.00013961101145263676	0.00013961101145263676	6.943001474565296e-5	6.943001474565296e-5	0.0001494254073375186
0.00025	0.00013412725406939651	0.00013412725406939651	0.00011037287867483696	0.00011037287867483696	0.0001361002976938336	0.0001361002976938336	0.00016581091573754353	0.00016581091573754353	8.08287155264177e-5
0.00025	5.351530812215388e-5	5.351530812215388e-5	6.436364294890276e-5	6.436364294890276e-5	6.179735983382443e-5	6.179735983382443e-5	6.247418783128762e-5	6.247418783128762e-5	6.413898275748612e-5
0.00025	4.490611846039397e-5	4.490611846039397e-5	3.429864884978288e-5	3.429864884978288e-5	2.7799908801157185e-5	2.7799908801157185e-5	2.5797979535281863e-5	2.5797979535281863e-5	2.750615158736303e-5
0.00025	0.00043283969285868305	0.00043283969285868305	0.00027049270877526233	0.00027049270877526233	0.0003100502336076306	0.0003100502336076306	0.000319080768707453	0.000319080768707453	0.00027231604738886853
0.00025	5.63466671969985e-5	5.63466671969985e-5	6.045887052335005e-5	6.045887052335005e-5	6.302112048569227e-5	6.302112048569227e-5	5.964452068151315e-5	5.964452068151315e-5	7.24290446236423e-5
0.00025	0.00030123725978168086	0.00030123725978168086	0.0002392357942495123	0.0002392357942495123	0.00015104238196752564	0.00015104238196752564	8.27385000063172e-5	8.27385000063172e-5	0.00013657667217134798
0.00025	5.1671023101317273e-5	5.1671023101317273e-5	4.731464348995246e-5	4.731464348995246e-5	4.4189537602025044e-5	4.4189537602025044e-5	4.336372606817392e-5	4.336372606817392e-5	4.559114169208504e-5
0.00025	0.0001131138520407836	0.0001131138520407836	0.00013051675626856577	0.00013051675626856577	0.00018954815821355263	0.00018954815821355263	0.00011477322680986875	0.00011477322680986875	0.00010291240971077524
0.00025	6.522038946860232e-5	6.522038946860232e-5	6.878845672912307e-5	6.878845672912307e-5	0.00010859109152463712	0.00010859109152463712	7.138750861529589e-5	7.138750861529589e-5	8.661116143541324e-5
0.00025	0.0003669488097975426	0.0003669488097975426	0.00033579130350908565	0.00033579130350908565	0.0003204664665167708	0.0003204664665167708	0.0003191153747680009	0.0003191153747680009	0.00034090102644577765
0.00025	0.00033623412256134305	0.00033623412256134305	0.0003947299755509983	0.0003947299755509983	0.00038793374448555163	0.00038793374448555163	0.0002918598927572669	0.0002918598927572669	0.0003427453973068435
0.00025	6.823468616458884e-5	6.823468616458884e-5	7.777985449077724e-5	7.777985449077724e-5	6.894097749099914e-5	6.894097749099914e-5	7.299067802554819e-5	7.299067802554819e-5	7.719202539768507e-5
0.00025	5.528672304618867e-5	5.528672304618867e-5	6.537561266300623e-5	6.537561266300623e-5	5.301258709266095e-5	5.301258709266095e-5	5.285017911299556e-5	5.285017911299556e-5	5.383303225304168e-5
0.00025	0.00019232181073470665	0.00019232181073470665	0.0001862457044199439	0.0001862457044199439	0.0001826255252309592	0.0001826255252309592	0.00014467016178854682	0.00014467016178854682	0.0001718647338750638
0.00025	4.170265463436939e-5	4.170265463436939e-5	3.347242926421699e-5	3.347242926421699e-5	3.681342177662936e-5	3.681342177662936e-5	4.539714134032474e-5	4.539714134032474e-5	3.722820307652445e-5
0.00025	0.000348968988267596	0.000348968988267596	0.0003415972693405215	0.0003415972693405215	0.0003363297496880889	0.0003363297496880889	0.0002573042121969122	0.0002573042121969122	0.00031832256078560665
0.00025	0.0001092063335484386	0.0001092063335484386	6.21917256059315e-5	6.21917256059315e-5	0.00016141415105820742	0.00016141415105820742	6.779278506649848e-5	6.779278506649848e-5	6.463813631788307e-5
0.00025	0.0001042926846277062	0.0001042926846277062	0.00016442995886100859	0.00016442995886100859	0.00012034668832351927	0.00012034668832351927	0.00014118381626727528	0.00014118381626727528	0.00013905191392604794
0.00025	0.00022531067484172067	0.00022531067484172067	0.0002988527215061036	0.0002988527215061036	0.00019822762281465706	0.00019822762281465706	0.00023217212569846498	0.00023217212569846498	0.000251732311198917
0.00025	0.0001519154796148104	0.0001519154796148104	7.923572017215876e-5	7.923572017215876e-5	9.157303126670208e-5	9.157303126670208e-5	7.529887671589882e-5	7.529887671589882e-5	0.0001370648632693961
0.00025	0.00031596942415498943	0.00031596942415498943	0.0003791663556692396	0.0003791663556692396	0.0003756936657142542	0.0003756936657142542	0.0003120091062915903	0.0003120091062915903	0.0002584245223400152
0.00025	0.00010634853987749571	0.00010634853987749571	0.000102520641991241	0.000102520641991241	6.647127302262941e-5	6.647127302262941e-5	6.544765757810017e-5	6.544765757810017e-5	6.863169935337003e-5
0.00025	3.434719650488875e-5	3.434719650488875e-5	2.9918859534014836e-5	2.9918859534014836e-5	3.656830402697376e-5	3.656830402697376e-5	4.55440598454449e-5	4.55440598454449e-5	4.160492920793815e-5
0.00025	0.00016204153145247337	0.00016204153145247337	0.0002932096361276084	0.0002932096361276084	0.00012517986945243236	0.00012517986945243236	0.0002516868865562017	0.0002516868865562017	0.0001650513502343044
0.00025	0.0002728415301702831	0.0002728415301702831	0.00015379809623979865	0.00015379809623979865	0.00013386922364804336	0.00013386922364804336	0.0001924605316077167	0.0001924605316077167	0.00018686491938113485
0.00025	0.00030046638223228374	0.00030046638223228374	0.0003740830255206783	0.0003740830255206783	0.00028957445194752966	0.00028957445194752966	0.0002928610730920674	0.0002928610730920674	0.0003393633570997023
0.00025	0.0001961471742999142	0.0001961471742999142	0.00021468495042637997	0.00021468495042637997	0.00015813738960327844	0.00015813738960327844	0.00013460724785777724	0.00013460724785777724	0.00013238001522693647
0.00025	0.00020540969672812432	0.00020540969672812432	0.00021198829109361986	0.00021198829109361986	0.0001288308201532199	0.0001288308201532199	0.0002526352981539572	0.0002526352981539572	0.00016670302885579203
0.00025	0.00014006970794373867	0.00014006970794373867	6.798181316618411e-5	6.798181316618411e-5	0.00014144951155462007	0.00014144951155462007	6.213412459373774e-5	6.213412459373774e-5	6.341951612810591e-5
0.00025	5.27695538395056e-5	5.27695538395056e-5	7.435691347060042e-5	7.435691347060042e-5	7.325755502706091e-5	7.325755502706091e-5	7.831939976025897e-5	7.831939976025897e-5	7.344226345049358e-5
0.00025	6.232123853681053e-5	6.232123853681053e-5	6.803531230272216e-5	6.803531230272216e-5	6.665631499784125e-5	6.665631499784125e-5	6.430981210418124e-5	6.430981210418124e-5	6.431136574681425e-5
0.00025	0.00045524118119847794	0.00045524118119847794	0.0004764622661132779	0.0004764622661132779	0.00040524861885022246	0.00040524861885022246	0.0004972268813893932	0.0004972268813893932	0.0004106585949339513
0.00025	0.0003045261535134568	0.0003045261535134568	0.00034934439418130367	0.00034934439418130367	0.00025489081726545	0.00025489081726545	0.0003097226438712323	0.0003097226438712323	0.00018368175637308398
0.00025	6.960331903921266e-5	6.960331903921266e-5	7.897176826435277e-5	7.897176826435277e-5	9.358816864850812e-5	9.358816864850812e-5	9.6298849453177e-5	9.6298849453177e-5	8.99487889404274e-5
0.00025	0.00022362281763959569	0.00022362281763959569	0.0002679200528174262	0.0002679200528174262	0.00018455461806124172	0.00018455461806124172	0.00023260812272141388	0.00023260812272141388	0.00010579633787445938
0.00025	7.606265954355998e-5	7.606265954355998e-5	0.00017061191816096244	0.00017061191816096244	8.094618100998186e-5	8.094618100998186e-5	7.937530355000491e-5	7.937530355000491e-5	8.104574225627942e-5
0.00025	0.00023947438209667132	0.00023947438209667132	0.00032994958452011586	0.00032994958452011586	0.00024036389932944544	0.00024036389932944544	0.00023301930686470964	0.00023301930686470964	0.0002928955069442427
0.00025	0.00032695823146653016	0.00032695823146653016	0.00019920133703701394	0.00019920133703701394	0.00021739304195565908	0.00021739304195565908	0.0001481622470964942	0.0001481622470964942	0.00025343228642911913
0.00025	4.8606667277771986e-5	4.8606667277771986e-5	4.4454306824779706e-5	4.4454306824779706e-5	4.262159574158519e-5	4.262159574158519e-5	3.9350542932191495e-5	3.9350542932191495e-5	3.417397358615309e-5
0.00025	5.1979287889977575e-5	5.1979287889977575e-5	4.912832303391972e-5	4.912832303391972e-5	4.2693297231141134e-5	4.2693297231141134e-5	3.777074639421282e-5	3.777074639421282e-5	4.709126929442476e-5
0.00025	0.00028082526973725343	0.00028082526973725343	0.000254095406088152	0.000254095406088152	0.0002524355580471745	0.0002524355580471745	0.000178590239762231	0.000178590239762231	9.749243405150299e-5
0.00025	0.00022359522484128233	0.00022359522484128233	0.00019876017755328655	0.00019876017755328655	0.00011225770444859087	0.00011225770444859087	0.00011863170377100158	0.00011863170377100158	0.000177964995964809
0.00025	0.0001246634547863943	0.0001246634547863943	9.484845529164618e-5	9.484845529164618e-5	9.829535195374629e-5	9.829535195374629e-5	8.115558363689321e-5	8.115558363689321e-5	8.470187801888157e-5
0.00025	0.00029358437516596985	0.00029358437516596985	0.0002544248982816296	0.0002544248982816296	0.00037691853995526264	0.00037691853995526264	0.00028063059650645277	0.00028063059650645277	0.0003498704083835299
0.00025	5.5945576092620406e-5	5.5945576092620406e-5	5.9604469925000646e-5	5.9604469925000646e-5	5.867279356411774e-5	5.867279356411774e-5	5.877097737804611e-5	5.877097737804611e-5	5.9289853040326806e-5
0.00025	0.00035669140137930237	0.00035669140137930237	0.0002407915303565409	0.0002407915303565409	0.00029645554406512313	0.00029645554406512313	0.00032505428517663336	0.00032505428517663336	0.00029679316333481947
0.00025	5.676645558036624e-5	5.676645558036624e-5	6.32587712969382e-5	6.32587712969382e-5	6.316628132141186e-5	6.316628132141186e-5	6.076396853499881e-5	6.076396853499881e-5	6.383741800361202e-5
0.00025	0.00011273748298262255	0.00011273748298262255	0.00013749262870536123	0.00013749262870536123	8.157432398351833e-5	8.157432398351833e-5	8.36048919542928e-5	8.36048919542928e-5	8.486320994294007e-5
0.00025	0.000365479952028569	0.000365479952028569	0.00040850568609736645	0.00040850568609736645	0.00022622315650671168	0.00022622315650671168	0.00016784627298728472	0.00016784627298728472	0.00026266541273083473
0.00025	8.166465333633017e-5	8.166465333633017e-5	6.607218587441849e-5	6.607218587441849e-5	6.528795678571884e-5	6.528795678571884e-5	6.793173891797879e-5	6.793173891797879e-5	6.541259605977736e-5
0.00025	0.00020982462414347394	0.00020982462414347394	0.00018260367459239536	0.00018260367459239536	0.00012387716093488165	0.00012387716093488165	0.0002532701795917985	0.0002532701795917985	0.00012431017456310004
0.00025	6.188614860871558e-5	6.188614860871558e-5	6.77242433474632e-5	6.77242433474632e-5	7.194208641112016e-5	7.194208641112016e-5	7.349914441744031e-5	7.349914441744031e-5	6.203826400207052e-5
0.00025	9.520188548576289e-5	9.520188548576289e-5	0.00011328114908850246	0.00011328114908850246	0.00014370150484319374	0.00014370150484319374	0.00014588612490774614	0.00014588612490774614	0.00021377964153558463
0.00025	6.423525764660372e-5	6.423525764660372e-5	7.083938539921732e-5	7.083938539921732e-5	6.564372473495663e-5	6.564372473495663e-5	6.838628107253145e-5	6.838628107253145e-5	7.568838569682486e-5
0.00025	6.06238981343349e-5	6.06238981343349e-5	5.435011344186621e-5	5.435011344186621e-5	5.617982663681498e-5	5.617982663681498e-5	6.0631375534881006e-5	6.0631375534881006e-5	4.7077300745290356e-5
0.00025	0.00023640371641656794	0.00023640371641656794	0.00035047154729995334	0.00035047154729995334	0.0003192212419430302	0.0003192212419430302	0.00016314824828725407	0.00016314824828725407	0.0001203895167848455
0.00025	6.0480851062085074e-5	6.0480851062085074e-5	7.159896024393726e-5	7.159896024393726e-5	6.266321097619786e-5	6.266321097619786e-5	6.233376045113101e-5	6.233376045113101e-5	6.654869311670764e-5
0.00025	0.000315952325814588	0.000315952325814588	0.00022651949557564186	0.00022651949557564186	0.00033371249203627783	0.00033371249203627783	0.00021908626892180668	0.00021908626892180668	0.00024471253776239414
0.00025	4.892593674982015e-5	4.892593674982015e-5	8.913055446680172e-5	8.913055446680172e-5	5.5743623508334296e-5	5.5743623508334296e-5	5.5998149189256714e-5	5.5998149189256714e-5	5.631045811387418e-5
0.00025	0.00010465593982118173	0.00010465593982118173	0.00012052727291123232	0.00012052727291123232	9.593791530414664e-5	9.593791530414664e-5	9.709931064701518e-5	9.709931064701518e-5	8.237212133857298e-5
0.00025	6.255521543408222e-5	6.255521543408222e-5	6.564223821833809e-5	6.564223821833809e-5	8.234189863692776e-5	8.234189863692776e-5	9.519013644699407e-5	9.519013644699407e-5	6.711243015428305e-5
0.00025	5.5424299989750993e-5	5.5424299989750993e-5	6.018492874053701e-5	6.018492874053701e-5	5.187311466055698e-5	5.187311466055698e-5	6.705129717844755e-5	6.705129717844755e-5	6.038547119255029e-5
