0.6526143072589862	0.5183361823237808	0.6537961630004908	0.5213025213027065	0.6557637770052988	0.5239291028294402	0.6613810935136354	0.5261513833033185	0.663460959664513	0.5269043486356169
0.6626083688135592	0.49801131648024244	0.6624305381330806	0.500823168410022	0.6612555855337434	0.5033799746670509	0.6573154611046225	0.5050126513431508	0.6610010800978291	0.5076118393592406
0.6594309918241332	0.5619958289323562	0.6538936306129183	0.5566085573232131	0.6629851197724093	0.5534720216432687	0.6598295075472032	0.5499410423449941	0.6603107816611504	0.5476995975277588
0.6578339350500665	0.562180529119583	0.6560124495858121	0.563124318380029	0.6648473237915498	0.5649296172836342	0.6604216337619129	0.5661483648450343	0.6646517880858351	0.567406636762716
0.6563710770057702	0.5660910985079128	0.6585398756107423	0.5645383427788875	0.6658100114209182	0.5598592824477926	0.6603042011119193	0.5572250128922912	0.655500583150647	0.5557927936958169
0.4909462084005214	0.520669541235205	0.48093050562540623	0.5225468638880403	0.48603889024650826	0.525269511849358	0.4776687900534341	0.5268635824526308	0.4686341060709303	0.5276453326202838
0.4991577369667189	0.525743283784778	0.48693837744046303	0.5313645570332024	0.4972376794327756	0.5359623755964542	0.5025441516882573	0.5380477827363288	0.47986202660292304	0.5424369070051693
0.4885525439619638	0.5008192384215798	0.475762472718964	0.5006486317445805	0.4734279898106083	0.5014339205512434	0.4871712320428865	0.501745804713512	0.49470767161882856	0.5025459765502623
0.4924029832046681	0.547855940034455	0.4609913024960528	0.551083611556061	0.47156782772522066	0.5521880539853214	0.4718828006325597	0.5522025734429635	0.4602664649980063	0.5531896898143749
0.47422991611401405	0.571031370628629	0.4848172889709022	0.569340308867962	0.47300949114965907	0.566052799770634	0.4983804672060365	0.5645967382140062	0.4799597585403572	0.5645236090353771
0.46074905985277376	0.5689902281402202	0.49195061565778064	0.5703963810104971	0.4754003545710509	0.5712705769025264	0.48881075787736045	0.5720186857780483	0.4958276255746435	0.5728155783800535
0.46878655725847945	0.5409932852836083	0.48705793591602276	0.5407139294941428	0.4749260734583798	0.541852907155888	0.47326710009434736	0.5429670420024811	0.48691049006052534	0.544397143965895
0.4876059127670257	0.5443398381543629	0.47976584621567464	0.5458239852212452	0.4838440400341324	0.5486234917925978	0.4595682553484092	0.549573396353082	0.46623597313838333	0.5515969351296369
0.49801759808925095	0.5195499820696292	0.4900615157084818	0.5204686224517954	0.49909246518973965	0.5236934535143271	0.4652641024881225	0.5256825947575545	0.49423162166675555	0.5284201028724566
0.4852399669624128	0.4998018799148346	0.4608966870990307	0.503196114870213	0.5008871473081632	0.5066523849985379	0.4901800270780982	0.5085740290177523	0.4678379586254609	0.5107475018316264
0.4776123619575396	0.5626621168204927	0.48895701510976247	0.5634757694796405	0.4618892070750098	0.5654142636394227	0.48882909297948607	0.5666522489725103	0.47678524978882086	0.5675163580275387
0.49290243458272426	0.4917154650107721	0.4754103097841496	0.4919174327828197	0.4918051070812977	0.4961365231010321	0.4897413061241843	0.49887702094838426	0.48991048934132486	0.5018274478317108
0.4688267348038736	0.5712487190463027	0.47145800600031434	0.5735039444167573	0.47187151767230834	0.5720051847200862	0.4773765468318056	0.5713622805949673	0.4786479423985884	0.5713770967569719
0.50249958305635	0.5512963963411709	0.49221404393994067	0.5548838271396456	0.49546770706947046	0.5585843164663898	0.47995306878788985	0.5599371074374022	0.4827054791804959	0.563245080615144
0.4783693948571161	0.5258124614638744	0.4841851469097206	0.5272946212594447	0.4793602398192939	0.5293404017804806	0.5062952853809417	0.5318056902418132	0.4720100023113827	0.5327924124452699
0.4897786694296867	0.511851815750727	0.4954722200891888	0.5141371211842963	0.49144383982741346	0.5178204329961702	0.4927169983746967	0.5201259721697866	0.4676555848005146	0.5222721865299053
0.48991858060602783	0.5510000708303924	0.4609959863853146	0.548390937696266	0.47635307794135445	0.5468271352704164	0.49033967168672266	0.5441580938890787	0.4660416827770196	0.544369360474595
0.4935624539311437	0.5374745848031224	0.4996948032807638	0.5381572235131271	0.4733349959758455	0.5396832604317336	0.4929824534157667	0.5403570292202924	0.4731362117422997	0.5423752943486494
0.48781481435967694	0.5288756440117806	0.4724834179813646	0.5317399143276224	0.4932418339704946	0.5349541955758919	0.49741742096272146	0.5354386361320813	0.46023495164049755	0.537911676465231
0.4941594920537774	0.5454952164427704	0.4778124096246164	0.5485629507473029	0.4858450750442198	0.5497788249792757	0.4836270813411118	0.5505103404864062	0.4823148064836258	0.5511178210689625
0.489843670535021	0.511475969096496	0.4920358769945111	0.5135743190627132	0.4883029711126365	0.5177248224388087	0.4963719295505975	0.5191946280500532	0.49168837929660103	0.5220146254701532
0.48525675590228534	0.499445664669262	0.46576037080095484	0.49888661741120444	0.47040582102309286	0.49906486318472937	0.45947124352609137	0.5001572345656286	0.4824023390182542	0.502353074282363
0.4959287568416523	0.5253300133936112	0.49024764536481474	0.5266642531401358	0.46676272665312957	0.5305569572779327	0.4744622777445046	0.5305656756508442	0.48523639778146566	0.531806242345603
0.4670861355369043	0.5432341333636735	0.46097293341846085	0.5460542933448923	0.4699893777838177	0.5486882979265097	0.5052375134162714	0.5514479621677381	0.4955922490177477	0.552165601947015
0.484650491763036	0.5002909950796907	0.49615884856862746	0.5025541448171266	0.48105318118948265	0.5054088586251365	0.46769640169674265	0.5081926734561746	0.46990133503246023	0.511672688549245
0.4997594718845393	0.5555625348881601	0.49604786609191054	0.5562186733300089	0.48568315095494635	0.5577040581418505	0.48709997872684807	0.5591507953237016	0.4782512569407938	0.5613296285836801
0.4942881176087719	0.5288776831454951	0.4698952671815053	0.5295487088704292	0.47172594219777	0.5312887272097736	0.4836456203140505	0.532260879972508	0.49702198096658634	0.5336634420717954
0.4757962373139189	0.5109267320307966	0.469007399306881	0.5133037524628523	0.4853236132220553	0.5167563203274175	0.4909725884489361	0.5190413603215076	0.49168582789997206	0.5200594817670148
0.4844557599092189	0.5045888399803593	0.469092122038454	0.5072037708867316	0.4902401773884179	0.5108798449457314	0.49645128816001943	0.5127271217473511	0.4601861895949419	0.5151582368531422
0.47261551404755997	0.5369884058464441	0.4884092748926441	0.5383927907229984	0.5066596994368104	0.5411874927870068	0.493042979282213	0.5427955220022851	0.5048884308794959	0.5447708574615588
0.49941612246384687	0.5626702582292459	0.4903057086137931	0.5637780380680522	0.4992612024495353	0.5657030532101804	0.47489993435629174	0.5670021651430525	0.4856975354871204	0.5673916933022017
0.4642234695095499	0.5290489805329617	0.48105238888818014	0.5307940637611726	0.4839440535589741	0.5345937314510063	0.4938292984628006	0.5359996318750656	0.4713794059343553	0.5376036676919634
0.47230429851207334	0.5297017066919121	0.4723783191044778	0.5320338572157676	0.4998531253824525	0.5342890731635144	0.4772194023109461	0.5356506359302916	0.503235352217254	0.536756583658158
0.4655555817876762	0.5223654585887602	0.4609390127241711	0.5247901669825785	0.47994097957115056	0.528194999334868	0.48766342989624717	0.5296662072635682	0.47125930361696444	0.5316819964970682
0.4833059218249184	0.5706336322552108	0.4871678896317099	0.5715967497315431	0.4843642658440359	0.5735128487030924	0.48219869900729323	0.5747138102063393	0.485485361091948	0.5764077175713
0.4954476705373991	0.5611459831195609	0.46101815840610494	0.5641576442058547	0.4916308007091371	0.5672208662698556	0.49112547067092244	0.56877980024976	0.48801181340535643	0.5713673159022842
0.491502450351708	0.5049440959992111	0.46090659555737334	0.507060752371955	0.4820706851379017	0.5110074156207214	0.4869828723931078	0.5128057855745406	0.4816057155404809	0.5151245698401463
0.47719323979191514	0.5569918106791961	0.46863033746379706	0.5590449881059519	0.49464143237307795	0.5612759973257151	0.4764109966907197	0.5624534510794397	0.4602919174656161	0.5649004055596427
0.4945920994101133	0.5243310754167739	0.4909511012092248	0.5254945048440465	0.47843987546364664	0.5275344779872795	0.4670015289766681	0.5290133972375237	0.4848068544394969	0.5311995379769309
0.4869478679427048	0.5658881290147183	0.47804074827949006	0.5684657193019231	0.4674394598803411	0.5703049600044288	0.45961817430297736	0.5718913362816165	0.469685199511521	0.5745323005563748
0.47973247135018676	0.5485038246865547	0.4666109757236984	0.544897929450571	0.5036700561046706	0.5412858294970118	0.48407966061691354	0.539513895641298	0.48369079180913926	0.540466318615221
0.46931634877319534	0.5285890758355974	0.4799479611853341	0.531287242855197	0.49791705437014877	0.5343467972751925	0.48402191223164326	0.5355274755187197	0.46520741668932813	0.5363898830066584
0.4856706122295668	0.5078984276138764	0.482514019637358	0.5094135616907732	0.48931587388071707	0.5133255819742875	0.48957385772288287	0.5147185330438363	0.49876817744813406	0.5163933180099767
0.4773728386773872	0.5082636671956537	0.4959389961187518	0.5098457764215697	0.49420456534792906	0.5135657939175907	0.47520250637704686	0.5146531541156069	0.4920496435209173	0.5171457326967207
0.481368212240087	0.536954954007863	0.4856669727773882	0.5387108837168102	0.46983668599297085	0.5423286237168109	0.4740810945872011	0.5441078194238733	0.4765588594325127	0.5464733496451364
0.468187772331901	0.5488932390177319	0.49785149048968297	0.5506208267686835	0.47856714898840286	0.5537596509189093	0.48325832221475434	0.5550390883110524	0.4973048587506145	0.5576462608305249
0.47650774274695384	0.5342302661541132	0.4734427800017028	0.533774858397537	0.47893154591507975	0.533086843449245	0.4707550441845047	0.5335551338285939	0.4937588896256829	0.5361248666248536
0.48999514478580175	0.5838306241824178	0.49596504326024543	0.5824472722907027	0.491200848141068	0.5803541715346253	0.4930247315410847	0.5784265658981264	0.49674262181254825	0.5792118087106902
0.4908119723829476	0.5156763071384439	0.4939056205699429	0.5174054570456776	0.49466050621181745	0.5205159542183033	0.4690862568879187	0.5222988294186935	0.49421185478969215	0.5241483199531679
0.48524083387767464	0.5265716650365284	0.46094972559683645	0.5293106832945789	0.503939236786761	0.5322812260116243	0.4794269726773462	0.5339274410132744	0.4813347184356357	0.5354280870536867
0.4713990978294198	0.5460156638096111	0.49076851033326674	0.5436395365266964	0.48006291425270575	0.5410324730111552	0.49296381979580317	0.539881682263597	0.490913341877343	0.540147283622653
0.4801159433504377	0.5147912128596887	0.49679222732393086	0.5155429978221631	0.4782783167363629	0.5182653816932173	0.48902362381789416	0.5195568016363952	0.4939295164893605	0.5220998950214929
0.4905385541008081	0.5219488684509719	0.47265441934665375	0.5244161124904388	0.4872064300645159	0.5279529836430659	0.48579083883347385	0.5301572800753083	0.5032800005871558	0.5312787435552482
0.48577992631208833	0.5171575956000237	0.4775831406738254	0.5136507583432988	0.4764474913767716	0.5135847629413788	0.4686330024326741	0.5134590954974023	0.4999952877451167	0.5147529929014275
0.4909021994940822	0.5325259232267628	0.4905474685546236	0.5348727219019954	0.4618296740485975	0.5375921201732128	0.465879839078449	0.5396750551197285	0.4729224257932717	0.5431775875467979
0.49198791445234463	0.5826128080432286	0.4610607059763698	0.5834702002305613	0.47214607386122887	0.581069855055875	0.4789791073844416	0.5793203920959753	0.4755121987208305	0.579872258645239
0.46074905985277376	0.5185266182026332	0.4859654155960496	0.5207644185614788	0.461802070993805	0.5247298918992823	0.4916231355643155	0.5258424838609348	0.4839475994573155	0.529419273262573
0.4820893655990005	0.5177051096604116	0.4737654818915417	0.5191693210494496	0.4617987751685266	0.5219115293578266	0.48354423448978534	0.5232293384225659	0.4884061010439937	0.5263654820676595
0.48019385769312667	0.5166990712356548	0.48824127287766883	0.5138672018836347	0.46845358980534013	0.5129085991280665	0.46986944411262294	0.5127424866297808	0.49002938364673804	0.5138058255531984
0.46937466023070346	0.5229429692804334	0.4742898173235046	0.5239774463162344	0.46755372770448034	0.5258744129859402	0.4654921329372211	0.5269705491578485	0.47140179497740403	0.5283773640978014
0.480819991460548	0.5236632707646223	0.4846961174064127	0.5292856416897902	0.472874374662168	0.5310614370030826	0.4958415689702389	0.5303259856581564	0.4769251095133148	0.5324839651166139
0.4913067119987953	0.521409842702834	0.47372232363785943	0.5225052742754407	0.49022851989894706	0.5253949664361806	0.4729065480561826	0.5264608762434522	0.4754070482788714	0.5279470594403504
0.4828054824782396	0.5477201676724798	0.47240048526111067	0.5477844367140245	0.4920725042930756	0.5491325072224362	0.4595729604121792	0.549073474144464	0.4602631216761486	0.5504237885955692
0.4955602657605419	0.5551714088298805	0.4830250391164422	0.5562647601950712	0.49869167732395986	0.5582267578582146	0.499202875644728	0.5597144284369907	0.48981394763034924	0.5606525717160656
0.48891686546629165	0.5032927760976935	0.4940944908060287	0.5049660051631025	0.484455833892851	0.5083236193577193	0.5096144690083353	0.5091957301023687	0.4995711020005177	0.5136127189403374
0.49770039906652386	0.521294521396162	0.492381889616256	0.5227052782823898	0.46916984962573927	0.5236890620710908	0.49280244301394216	0.5253104657368155	0.465579835788989	0.5272206842770335
0.4896332163957287	0.562930122629417	0.4681545915506977	0.5600894474226685	0.46915610616639253	0.5561220189096538	0.46482692721334085	0.5544411385613605	0.4928353951826428	0.5535482063871395
0.4867425902980258	0.5264799814690042	0.49541732078194317	0.5289221273261407	0.4753794087892458	0.5307316368041379	0.5005848950482906	0.5328816883095099	0.4706071522738705	0.535280505644838
0.46074905985277376	0.531025547616243	0.4958324534967456	0.5323978124405938	0.46182473843311483	0.535605108332606	0.47331222753609536	0.5378738579229893	0.4831843742901702	0.5402764918062964
0.4665366842130247	0.5040011841050379	0.4838136434970184	0.5058856464735643	0.4617711229296909	0.5087723126503211	0.4594924069682023	0.5106940483245997	0.4757395777148431	0.5131049108861693
0.49376276299475097	0.5155708054141495	0.46733613758981024	0.5174559639902969	0.4781847008988661	0.5200959852948486	0.4595176225197468	0.5217924576238843	0.4939069812353559	0.5239308499946821
0.475255376428881	0.5491060970947504	0.4756500463169027	0.5527951202126264	0.4618638391731795	0.5549544585963382	0.4689555276001305	0.5570992164675308	0.48842532179532144	0.5591102736454192
0.46074905985277376	0.5590530490123121	0.4610132250234636	0.5608897962748582	0.503118783950186	0.5639652941848581	0.4926672428202003	0.5650318303890551	0.4897780665773474	0.5663802557970631
0.4879874895704104	0.5189863107689506	0.4833442062371608	0.5217159167297653	0.4912428090813634	0.5246191982327736	0.48209700420574275	0.5270165545446887	0.4602169224759875	0.528844885958222
0.49735495233200844	0.5226709335625317	0.49340475879610934	0.5242135887660067	0.47796548795375926	0.5282357836720736	0.47696002082407385	0.5286902439321245	0.48980569289810283	0.5296801637244077
0.4883930270642457	0.5249820559712107	0.486568893850767	0.5284208590019497	0.4914738179291442	0.5330707410407441	0.4815766192120557	0.5351473342608841	0.4741292402933948	0.5379709208929349
0.48065166857009034	0.5101211289701296	0.4703314145519566	0.5125627957792884	0.5060806472980576	0.5161246067173897	0.489200468311868	0.5181950790737154	0.5049922714926839	0.5195681344842848
0.48398654676022285	0.556974017328045	0.4982912615444919	0.5593473479449007	0.4706814482943301	0.5627719480511213	0.5022306713527992	0.5637243936767978	0.48543541651154454	0.5660823997956068
0.489469870568208	0.5099035552185588	0.46821439071738885	0.5126118604849789	0.4887150997504214	0.5158493086795807	0.5023746589103483	0.5180561130734704	0.49568025357765333	0.5187155176650168
0.4665415756041558	0.5611106295620889	0.466387553455226	0.5626658141568543	0.4700174019185975	0.5640619226721849	0.4595996305082659	0.565487659876401	0.49058377145890397	0.566094921230639
0.48093308625878095	0.5487454529319928	0.4898922513734301	0.5460830672925443	0.4797279923623862	0.5464912905607403	0.48498603697763026	0.546336267965871	0.4782327757744613	0.546621902327218
0.4890930899956477	0.5035735315019654	0.4999439631996515	0.5069838238939329	0.47333063770314543	0.5108768980761085	0.45949466087652907	0.5131813831817179	0.48756170370641844	0.5173208265621523
0.48689338981494984	0.5399349324943408	0.4828283350792907	0.5442311662097215	0.4900694492835297	0.5469842220357565	0.48492714413182636	0.5487248577512089	0.4924289063474913	0.5523865999620802
0.48394986511125415	0.5169810014897048	0.4683835451795842	0.518566247536948	0.46438695709375916	0.5204945033987871	0.4915585956709992	0.5217056181088736	0.46878314997792897	0.5237406626695218
0.4703307815295974	0.5492758932786098	0.4693508445204731	0.5506737378967335	0.49617518368929453	0.5501177229826577	0.4767950916911765	0.5480883484485242	0.4950073446860077	0.5485261589079747
0.49414115324493646	0.5594564862728696	0.4830203929176314	0.5566858749269755	0.48354384804827777	0.554019005657978	0.47557952569160056	0.5520392067257189	0.5008653473909429	0.5513742580426372
0.4814128837677492	0.552597948319671	0.47953026095812673	0.5541516769802917	0.4854911216024778	0.5565448271336233	0.47497287499310986	0.557913009741304	0.48830210618812137	0.5598115438259017
0.5001232179189746	0.5736478601340271	0.4692533713575834	0.5716651907541797	0.4672906364305308	0.5698982569356656	0.4788488990190119	0.568429030293459	0.4825458245132818	0.569328913702871
0.4824797655033869	0.5144943194033076	0.5017052072113518	0.5168198286093778	0.50693885313108	0.520637438189058	0.46794351391110955	0.5220627191670234	0.46971001589083544	0.5252896731447229
0.48253937442103106	0.5623750171951138	0.4885157233960812	0.5634408343617859	0.47885235920591285	0.566687205536327	0.4596049657845566	0.5676836541572786	0.48637481204204525	0.569930400626047
0.4854370419751151	0.5127115177788297	0.46092287782847563	0.5143640303716549	0.49140724679941733	0.5167593222148735	0.47404661668778586	0.5190869562354465	0.4835954420924322	0.520889650995332
0.4772206690657437	0.529303514824636	0.4895348877828715	0.53187438151099	0.4802861164194268	0.5343475113783125	0.48665286958068343	0.5362144634088759	0.4922388182520617	0.538035528554435
0.4826246968549501	0.5603404906488617	0.4708779357519543	0.5557743107668092	0.4693001944330083	0.5554713794693744	0.48204685442316175	0.5535060767472324	0.5031300829811496	0.554518282218292
0.4733865457660549	0.5574512535518265	0.4766154681706082	0.5574539694081874	0.4785544281374119	0.5547274913487684	0.48837879073453927	0.5534847128977156	0.4747970032200059	0.5529619368018166
0.4768849412244208	0.5529526245056322	0.4663518342160154	0.5543379197376297	0.4618695306710196	0.5564543280248413	0.48638671335756384	0.5549750940749002	0.4602740262900126	0.5555740960755964
