0.0075	0.007050359067003887	0.007050359067003887	0.0068396596234573045	0.0068396596234573045	0.007004150320434204	0.007004150320434204	0.007309284260732264	0.007309284260732264	0.007982426326661404
0.0075	0.007190325361590346	0.007190325361590346	0.006988630122265277	0.006988630122265277	0.006891313625504741	0.006891313625504741	0.007122694809072657	0.007122694809072657	0.007443680885388772
0.0075	0.0071222723206967615	0.0071222723206967615	0.0066823595569130935	0.0066823595569130935	0.006860046096410498	0.006860046096410498	0.007046178412600807	0.007046178412600807	0.0075655802118701375
0.0075	0.007237744671035069	0.007237744671035069	0.006951360479184586	0.006951360479184586	0.006770770537182924	0.006770770537182924	0.006820976571340946	0.006820976571340946	0.007320174477514789
0.0075	0.007098194285734649	0.007098194285734649	0.006945240429482722	0.006945240429482722	0.006835040563462212	0.006835040563462212	0.0068161303981509385	0.0068161303981509385	0.00709510093914278
0.0075	0.005889050903516679	0.005889050903516679	0.004280055918818062	0.004280055918818062	0.0029842022194959167	0.0029842022194959167	0.0018454599041984481	0.0018454599041984481	0.0009807988977391063
0.0075	0.005680334799723872	0.005680334799723872	0.0039886422878563105	0.0039886422878563105	0.0025413717451752585	0.0025413717451752585	0.0014081771143411427	0.0014081771143411427	0.0001922350862350159
0.0075	0.005711729013975813	0.005711729013975813	0.004125528329922706	0.004125528329922706	0.002815120092919756	0.002815120092919756	0.001584817412867862	0.001584817412867862	0.000543642534379697
0.0075	0.005744428205066281	0.005744428205066281	0.0039314339819862395	0.0039314339819862395	0.002409474850023904	0.002409474850023904	0.0012739545374165246	0.0012739545374165246	0.0002444946622350393
0.0075	0.005831470847339624	0.005831470847339624	0.0041258463838190025	0.0041258463838190025	0.0027206520511559077	0.0027206520511559077	0.0015518954590772508	0.0015518954590772508	0.0006096754637277537
0.0075	0.005706618640377162	0.005706618640377162	0.004036291144501282	0.004036291144501282	0.0023928840766246854	0.0023928840766246854	0.0011106698220673574	0.0011106698220673574	0.0003072648926502792
0.0075	0.005729210047189018	0.005729210047189018	0.004112756235357358	0.004112756235357358	0.0029181699599320128	0.0029181699599320128	0.0017038187119908167	0.0017038187119908167	0.0009761528516007513
0.0075	0.005717298561197452	0.005717298561197452	0.004030960070043811	0.004030960070043811	0.002705179858831669	0.002705179858831669	0.001840150820752203	0.001840150820752203	0.0013672968961793756
0.0075	0.005762369112488614	0.005762369112488614	0.004128349440080696	0.004128349440080696	0.00290881204012994	0.00290881204012994	0.0018293053823574905	0.0018293053823574905	0.00122546363509285
0.0075	0.0057727035459201135	0.0057727035459201135	0.004110728501279206	0.004110728501279206	0.0026897739608466517	0.0026897739608466517	0.0013875310655612446	0.0013875310655612446	0.0007048287235955385
0.0075	0.005947313651764415	0.005947313651764415	0.004317878473414095	0.004317878473414095	0.0029530123956934763	0.0029530123956934763	0.0016953934969009005	0.0016953934969009005	0.0007073634304361497
0.0075	0.005793653717192606	0.005793653717192606	0.004063937307215024	0.004063937307215024	0.002548786420937115	0.002548786420937115	0.0012496730763158507	0.0012496730763158507	0.0006566601979967089
0.0075	0.0057377765404067	0.0057377765404067	0.004214174857133469	0.004214174857133469	0.003104907309452724	0.003104907309452724	0.0021997546490139133	0.0021997546490139133	0.0016972645738829012
0.0075	0.005802048288908504	0.005802048288908504	0.003996955693433249	0.003996955693433249	0.0027129317318795583	0.0027129317318795583	0.001606220045927012	0.001606220045927012	0.0006925010311506095
0.0075	0.005677810284245947	0.005677810284245947	0.004060043396967279	0.004060043396967279	0.0025296122099806974	0.0025296122099806974	0.0011281458964853184	0.0011281458964853184	0.0004998879111680201
0.0075	0.005766625034277121	0.005766625034277121	0.004042732035164547	0.004042732035164547	0.0025418802155028697	0.0025418802155028697	0.0012957369542087023	0.0012957369542087023	0.0005767321224129633
0.0075	0.005733102754433331	0.005733102754433331	0.004033725666726923	0.004033725666726923	0.002692945092524502	0.002692945092524502	0.0015077019896236963	0.0015077019896236963	0.0005285089191132722
0.0075	0.00573133405196342	0.00573133405196342	0.004156958322808532	0.004156958322808532	0.002799952803301459	0.002799952803301459	0.0015744637750248406	0.0015744637750248406	0.0007604032174990859
0.0075	0.0056942730993805035	0.0056942730993805035	0.003921032342093641	0.003921032342093641	0.0026664522564414533	0.0026664522564414533	0.001592246672149702	0.001592246672149702	0.0006772425827316559
0.0075	0.005852962497525337	0.005852962497525337	0.004119047610350775	0.004119047610350775	0.002672622674528688	0.002672622674528688	0.0013752858074293163	0.0013752858074293163	0.00030008736510346524
0.0075	0.005738816121536707	0.005738816121536707	0.004016236112703648	0.004016236112703648	0.002762947339022866	0.002762947339022866	0.0018443040400701282	0.0018443040400701282	0.0010108420236335399
0.0075	0.005786852105900261	0.005786852105900261	0.004042724973138453	0.004042724973138453	0.0025963223113815437	0.0025963223113815437	0.0015678605150767297	0.0015678605150767297	0.00036679681919411545
0.0075	0.0057606560930353705	0.0057606560930353705	0.003951582617411424	0.003951582617411424	0.0024394102546272185	0.0024394102546272185	0.001137264294841194	0.001137264294841194	0.00016557469907807105
0.0075	0.005688503681811052	0.005688503681811052	0.0039794630822513385	0.0039794630822513385	0.0025788680788624368	0.0025788680788624368	0.0015385968049422042	0.0015385968049422042	0.0006016591660942588
0.0075	0.005804129387749217	0.005804129387749217	0.004106760790756774	0.004106760790756774	0.0027192657067425536	0.0027192657067425536	0.0016478824388396055	0.0016478824388396055	0.0011361800740376374
0.0075	0.005653871810427417	0.005653871810427417	0.004036138455224817	0.004036138455224817	0.00261954743383931	0.00261954743383931	0.0013031186138993376	0.0013031186138993376	0.0003970843064420802
0.0075	0.0056571588735709125	0.0056571588735709125	0.003956309084954347	0.003956309084954347	0.0024553668391584355	0.0024553668391584355	0.001236255967270159	0.001236255967270159	3.429406991434492e-5
0.0075	0.005777667975664225	0.005777667975664225	0.004109497678331007	0.004109497678331007	0.002683390664964526	0.002683390664964526	0.0012885575952874529	0.0012885575952874529	0.00040002129138277156
0.0075	0.005740671104403758	0.005740671104403758	0.004107819571230151	0.004107819571230151	0.0028519121344177745	0.0028519121344177745	0.0017505153889740656	0.0017505153889740656	0.0006524369192005293
0.0075	0.005665664145662614	0.005665664145662614	0.00394579797765604	0.00394579797765604	0.0022749661670809457	0.0022749661670809457	0.0009043017119055244	0.0009043017119055244	3.559529710461787e-5
0.0075	0.005743675406237125	0.005743675406237125	0.003932734652263787	0.003932734652263787	0.002543292177884925	0.002543292177884925	0.0012297190280413338	0.0012297190280413338	0.00011800098330459105
0.0075	0.005720739218927771	0.005720739218927771	0.003951411385011342	0.003951411385011342	0.0026031386599273025	0.0026031386599273025	0.0014442755855488905	0.0014442755855488905	0.0005396289754337653
0.0075	0.005922316502407815	0.005922316502407815	0.004357049425332975	0.004357049425332975	0.002811391561931747	0.002811391561931747	0.001545597789706158	0.001545597789706158	0.0005454233635128373
0.0075	0.005788774330651989	0.005788774330651989	0.004116545767801852	0.004116545767801852	0.002585850402389442	0.002585850402389442	0.0012693588560231406	0.0012693588560231406	0.0001794823086750961
0.0075	0.005725917781519272	0.005725917781519272	0.0040136815431064815	0.0040136815431064815	0.0026588927935404937	0.0026588927935404937	0.0014809546805852997	0.0014809546805852997	0.0005400004779545637
0.0075	0.005764074243283198	0.005764074243283198	0.003959336602853584	0.003959336602853584	0.0026756506554935586	0.0026756506554935586	0.001578299372357162	0.001578299372357162	0.0005383880753557063
0.0075	0.005722918618269158	0.005722918618269158	0.00404477425438991	0.00404477425438991	0.0026791416996243198	0.0026791416996243198	0.0014709081599439183	0.0014709081599439183	0.000651979996362797
0.0075	0.005679394045026788	0.005679394045026788	0.004048019955110345	0.004048019955110345	0.002485445000318962	0.002485445000318962	0.0013034928746836244	0.0013034928746836244	0.0006011075162465304
0.0075	0.005823374380679461	0.005823374380679461	0.004014223708936634	0.004014223708936634	0.002384936747727966	0.002384936747727966	0.0010305293249247868	0.0010305293249247868	3.2939060857490384e-5
0.0075	0.005783028287856324	0.005783028287856324	0.0039995398820421605	0.0039995398820421605	0.002380782105872065	0.002380782105872065	0.0010377512296563137	0.0010377512296563137	3.535360688641311e-5
0.0075	0.005827000455918417	0.005827000455918417	0.004292307074277716	0.004292307074277716	0.00298929311361444	0.00298929311361444	0.0018457836435963933	0.0018457836435963933	0.0009601868606216948
0.0075	0.005766313700336448	0.005766313700336448	0.0039694106459624255	0.0039694106459624255	0.0025447542975868304	0.0025447542975868304	0.0013213891261249309	0.0013213891261249309	5.256253001740842e-5
0.0075	0.005732738544541829	0.005732738544541829	0.004111918054127599	0.004111918054127599	0.0028073463507982247	0.0028073463507982247	0.0017424623430736628	0.0017424623430736628	0.0007963233473321161
0.0075	0.005738757803587597	0.005738757803587597	0.003989936084816712	0.003989936084816712	0.0026521897962332535	0.0026521897962332535	0.001533119159213947	0.001533119159213947	0.0005337949423276253
0.0075	0.005720694719328683	0.005720694719328683	0.004165665693799609	0.004165665693799609	0.0029872258958357576	0.0029872258958357576	0.0018360961029212138	0.0018360961029212138	0.001134847434151275
0.0075	0.005720688155761624	0.005720688155761624	0.00402650927433179	0.00402650927433179	0.002755864000332328	0.002755864000332328	0.001785668193873782	0.001785668193873782	0.000810772955377892
0.0075	0.005677076200810956	0.005677076200810956	0.004042837631335541	0.004042837631335541	0.002470933993189042	0.002470933993189042	0.0012602366091249472	0.0012602366091249472	0.0008362611964450024
0.0075	0.005701164059740975	0.005701164059740975	0.004107419016241426	0.004107419016241426	0.002845737856387922	0.002845737856387922	0.0016195521972729807	0.0016195521972729807	0.0010042100718189182
0.0075	0.005696840307277882	0.005696840307277882	0.003948266796109055	0.003948266796109055	0.002512790854963897	0.002512790854963897	0.0011960369235997307	0.0011960369235997307	3.879931561817706e-5
0.0075	0.005759218850634248	0.005759218850634248	0.004028439306281733	0.004028439306281733	0.002499612607085267	0.002499612607085267	0.0012470591781842395	0.0012470591781842395	8.319652960202136e-5
0.0075	0.005718303610248477	0.005718303610248477	0.00394573921800888	0.00394573921800888	0.002668583448925147	0.002668583448925147	0.001514456769078544	0.001514456769078544	0.0005018418494220139
0.0075	0.0056710873680664705	0.0056710873680664705	0.003923341704135416	0.003923341704135416	0.0024862747531736373	0.0024862747531736373	0.0011386794498676712	0.0011386794498676712	0.0006634877084832234
0.0075	0.0058191802543083645	0.0058191802543083645	0.004084287689327344	0.004084287689327344	0.0027030564035446557	0.0027030564035446557	0.0014776199761722603	0.0014776199761722603	0.00046862092959430994
0.0075	0.005752224701470755	0.005752224701470755	0.004068752180047189	0.004068752180047189	0.0026275862850464247	0.0026275862850464247	0.0015178177078746047	0.0015178177078746047	0.0005303896614528799
0.0075	0.005662648759471795	0.005662648759471795	0.003922801115266047	0.003922801115266047	0.0023035859053851518	0.0023035859053851518	0.0008945033984893766	0.0008945033984893766	3.856915019038403e-5
0.0075	0.005664458393083543	0.005664458393083543	0.004082066878631168	0.004082066878631168	0.002679561833370257	0.002679561833370257	0.0012649480130704032	0.0012649480130704032	0.00042336424478958863
0.0075	0.005707076922423153	0.005707076922423153	0.004183788738699406	0.004183788738699406	0.002853842773525489	0.002853842773525489	0.0017568503329398197	0.0017568503329398197	0.0011804961172369234
0.0075	0.005873987924727686	0.005873987924727686	0.004074181046293525	0.004074181046293525	0.002608518089109243	0.002608518089109243	0.0012151396170585556	0.0012151396170585556	0.0003650564079975983
0.0075	0.005814785797428255	0.005814785797428255	0.00400369249584914	0.00400369249584914	0.002697443869206815	0.002697443869206815	0.001551127633991068	0.001551127633991068	0.0005099299097719059
0.0075	0.005705610744765407	0.005705610744765407	0.004163529672854372	0.004163529672854372	0.003123140647925029	0.003123140647925029	0.00181450516449711	0.00181450516449711	0.0013415063860962634
0.0075	0.005798791468749922	0.005798791468749922	0.004102733196413003	0.004102733196413003	0.0029302044535386923	0.0029302044535386923	0.0019472394535087493	0.0019472394535087493	0.0009943619224152822
0.0075	0.005840789446945591	0.005840789446945591	0.0041779207276130504	0.0041779207276130504	0.002916965337171302	0.002916965337171302	0.0018518029127779021	0.0018518029127779021	0.0008845859092742342
0.0075	0.005806529891237565	0.005806529891237565	0.0042857132556733055	0.0042857132556733055	0.0027764910438954223	0.0027764910438954223	0.001431379594014308	0.001431379594014308	0.00049482060385251
0.0075	0.005693933363721653	0.005693933363721653	0.004028025783929789	0.004028025783929789	0.002693513861719657	0.002693513861719657	0.0016495613474815888	0.0016495613474815888	0.0009952008585846265
0.0075	0.005678460858248871	0.005678460858248871	0.00415572677307545	0.00415572677307545	0.0027449696086089123	0.0027449696086089123	0.001494114815830836	0.001494114815830836	0.0006946910847446377
0.0075	0.005658319073950909	0.005658319073950909	0.004050882848504336	0.004050882848504336	0.002488561709231169	0.002488561709231169	0.0011877484368755995	0.0011877484368755995	6.097447483049109e-5
0.0075	0.005816776466227497	0.005816776466227497	0.004136772906048233	0.004136772906048233	0.0026704904840143383	0.0026704904840143383	0.0013772696605144138	0.0013772696605144138	0.0003284788446587667
0.0075	0.005822689587668922	0.005822689587668922	0.004119110733520865	0.004119110733520865	0.0025061660667129305	0.0025061660667129305	0.0013127075370903253	0.0013127075370903253	0.0005433672990572025
0.0075	0.005829857633096222	0.005829857633096222	0.004052103063264938	0.004052103063264938	0.002890407893518547	0.002890407893518547	0.0019231420279612918	0.0019231420279612918	0.0010167827918675923
0.0075	0.005809245535348388	0.005809245535348388	0.00420149870435603	0.00420149870435603	0.002756163447751063	0.002756163447751063	0.0014147536502324874	0.0014147536502324874	0.00028771043534659275
0.0075	0.005766423471170714	0.005766423471170714	0.003962167151671567	0.003962167151671567	0.0027353216428666702	0.0027353216428666702	0.0016327342182985427	0.0016327342182985427	0.0006067797476060124
0.0075	0.005820191589676871	0.005820191589676871	0.0041359727760446	0.0041359727760446	0.002708741103300295	0.002708741103300295	0.0015572589926689787	0.0015572589926689787	0.0003772523836553007
0.0075	0.005709348106605003	0.005709348106605003	0.004082821591318141	0.004082821591318141	0.002507531597237854	0.002507531597237854	0.0013474795166535714	0.0013474795166535714	0.0006718351918183093
0.0075	0.005744159240129479	0.005744159240129479	0.0040005928995884175	0.0040005928995884175	0.00254461295171046	0.00254461295171046	0.0012960724443701447	0.0012960724443701447	0.00043618500499504535
0.0075	0.005720118466165814	0.005720118466165814	0.004177743051882799	0.004177743051882799	0.0028439819761730935	0.0028439819761730935	0.001712939811449723	0.001712939811449723	0.001073265339160848
0.0075	0.005815453051145827	0.005815453051145827	0.004072942496687487	0.004072942496687487	0.002732199378583732	0.002732199378583732	0.0016588951341954868	0.0016588951341954868	0.000693946114411012
0.0075	0.00575651405077794	0.00575651405077794	0.004048790337214696	0.004048790337214696	0.0026868852105835224	0.0026868852105835224	0.0016968005103100362	0.0016968005103100362	0.000987794150342776
0.0075	0.005919395375369117	0.005919395375369117	0.004348047093169084	0.004348047093169084	0.003451558382122285	0.003451558382122285	0.0025187083021781785	0.0025187083021781785	0.0017298033357732515
0.0075	0.005788063448666699	0.005788063448666699	0.004041334041669828	0.004041334041669828	0.0027064825302400932	0.0027064825302400932	0.0016427114400881418	0.0016427114400881418	0.0006624042171873725
0.0075	0.005787522748530573	0.005787522748530573	0.004189851717595745	0.004189851717595745	0.002910454748271701	0.002910454748271701	0.0018492245191407048	0.0018492245191407048	0.0009240435131361177
0.0075	0.005742069186492565	0.005742069186492565	0.003993214600870011	0.003993214600870011	0.0024149369946912256	0.0024149369946912256	0.0011852133928724907	0.0011852133928724907	0.00019756763796059692
0.0075	0.005772439348828823	0.005772439348828823	0.004123564616306485	0.004123564616306485	0.0027724329916443773	0.0027724329916443773	0.0015411403847007238	0.0015411403847007238	0.0005482142394859332
0.0075	0.00568700233550735	0.00568700233550735	0.0038722174443054057	0.0038722174443054057	0.002413889764419949	0.002413889764419949	0.0011900811679627784	0.0011900811679627784	0.00013543818559588796
0.0075	0.0058243085980951	0.0058243085980951	0.004087105933613814	0.004087105933613814	0.0027435741753409465	0.0027435741753409465	0.0015767678017545436	0.0015767678017545436	0.000553971096917995
0.0075	0.005691197621433055	0.005691197621433055	0.003935112607250567	0.003935112607250567	0.0026230703770653585	0.0026230703770653585	0.001542288804191392	0.001542288804191392	0.00042936771814170815
0.0075	0.005858162376562823	0.005858162376562823	0.004112886278361929	0.004112886278361929	0.0028541087755179773	0.0028541087755179773	0.0017683039839897074	0.0017683039839897074	0.0007283112446413958
0.0075	0.005813818131863387	0.005813818131863387	0.004066683428735678	0.004066683428735678	0.002705906474618799	0.002705906474618799	0.0014967072486543045	0.0014967072486543045	0.0005977133382481423
0.0075	0.005815852697987965	0.005815852697987965	0.00416043492521652	0.00416043492521652	0.0028862680811556434	0.0028862680811556434	0.0016435995962275542	0.0016435995962275542	0.0008465174761705075
0.0075	0.005785027574283351	0.005785027574283351	0.004115725312864006	0.004115725312864006	0.0031351791291201617	0.0031351791291201617	0.002005475984067217	0.002005475984067217	0.0014364368071005458
0.0075	0.0057922962913131825	0.0057922962913131825	0.004039930770521045	0.004039930770521045	0.002685962426577585	0.002685962426577585	0.0015229357430953073	0.0015229357430953073	0.000610278702776049
0.0075	0.005729034561119431	0.005729034561119431	0.0040936364337369425	0.0040936364337369425	0.0028164928934253384	0.0028164928934253384	0.0016109434505979137	0.0016109434505979137	0.0005247643276387555
0.0075	0.005778262699260786	0.005778262699260786	0.004063724030670784	0.004063724030670784	0.002710646844798429	0.002710646844798429	0.0015030467533823024	0.0015030467533823024	0.0009486817355306408
0.0075	0.005812712675389756	0.005812712675389756	0.004045502799480729	0.004045502799480729	0.00275950311439994	0.00275950311439994	0.0015603437793481386	0.0015603437793481386	0.0005377886843023342
0.0075	0.00569337971056853	0.00569337971056853	0.0040661545182196345	0.0040661545182196345	0.002379883668290742	0.002379883668290742	0.0010396819168940353	0.0010396819168940353	7.409808510001126e-5
0.0075	0.005697538525445468	0.005697538525445468	0.0038938687873851154	0.0038938687873851154	0.002556090244347611	0.002556090244347611	0.0013842118455753127	0.0013842118455753127	0.0003329176571782408
