30.244706615121412
14.999250037498125
49.99997958351181
34.002040122407344
45.004573934248825
0.0
26.997818118844314
19.000562253197
42.992252612264416
30.002871615894623
1.0000004166668404
13.000525335693597
35.00174293976657
30.003086031706115
42.992261392949274
42.99224383992187
9.999995910022122
46.9925483536379
34.001984572288734
0.0
19.000558371247617
9.999983640108564
33.003266629020615
35.00172864429974
26.997807091886894
28.003343243779828
0.0
10.999883254027175
30.00300030003
40.00022868941364
34.00217197547516
6.999858570109008
10.999887752074798
20.999528531985877
28.003326084332294
36.99596821531817
32.0
13.000527993141606
12.000462845790167
9.000091841846295
46.99245241171761
37.993889945522355
13.000527993141606
37.99389768978718
50.00003062476355
41.99928864598132
33.00330033003301
33.00329358982501
39.99997549771792
0.0
20.000004085802676
14.999262297862462
50.0
34.00200540356194
45.00447288102749
0.0
26.99780157841156
19.000554489299827
42.992278945990996
30.002706166485407
1.0000022916719185
13.00052267824667
35.001735792031695
30.00296966085002
42.99226139294927
42.99223505090546
9.999995910022122
46.99250038888234
34.00197068478744
0.0
19.000550607353624
10.0
33.00328010941731
35.00172149657068
26.997801578411558
28.003343243779828
0.0
10.999878755983229
30.002981916514504
40.00013067934474
34.00202623486067
6.999855704728893
10.9998877520748
20.99957142897998
28.003343243779828
36.99591534060538
31.999993465221504
13.00050939102834
12.000470205817265
9.000088159954474
46.992394829243615
37.99394424301915
13.00051736335608
37.994207975925434
50.00023479081262
41.999117140580864
33.00328684961979
33.00327336921759
40.00004083720351
0.0
19.99999182839966
