0.0
0.0
0.0
0.0
0.0
150.9327685881369
0.0
0.0
0.0
0.0
0.0
0.0
0.0
0.0
0.0
0.0
0.0
0.0
0.0
508.1546391752579
0.0
0.0
0.0
0.0
0.0
0.0
250.04958817373102
0.0
0.0
0.0
0.0
0.0
0.0
0.0
0.0
0.0
0.0
0.0
0.0
0.0
0.0
0.0
0.0
0.0
0.0
0.0
0.0
0.0
0.0
1001.8158472222223
0.0
0.0
0.0
0.0
0.0
153.37498108015143
0.0
0.0
0.0
0.0
0.0
0.0
0.0
0.0
0.0
0.0
0.0
0.0
0.0
499.9136471702084
0.0
0.0
0.0
0.0
0.0
0.0
243.13502564102558
0.0
0.0
0.0
0.0
0.0
0.0
0.0
0.0
0.0
0.0
0.0
0.0
0.0
0.0
0.0
0.0
0.0
0.0
0.0
0.0
0.0
0.0
1004.0621646341463
0.0
