273.61110011535425
273.3843853773963
273.1634342664634
273.9985646265701
273.9520003652801
273.9729607600103
272.4085537140455
273.2981234458972
274.3118744221296
273.103463640185
273.29943236714973
273.34800180641275
273.3974495248809
278.7986534436018
273.2602408550354
273.3125273219931
272.54525134440024
265.30944939012386
273.824746967414
275.8374228444162
273.4317721391835
272.99452801297065
273.1662404034322
273.3291658889056
273.0099346680716
273.34493563006333
262.2935240621447
273.3497325003763
275.25620775450966
273.3195353003161
273.25499037458894
272.7429584199584
273.22452801297067
273.2194067135051
273.1354945054945
273.3670507300918
274.3776025009474
274.0126481094663
273.3398357664234
273.2347961328289
273.5290659340659
160.2615310049891
273.3578062083902
273.3152208339606
273.76385829639975
274.33205435138177
273.7954945054945
273.2777688248824
273.8308791208791
273.53178556416265
273.21430823275085
273.10830864787386
273.40369772693066
261.89861630249095
274.4447536945813
274.1035585803467
192.8356771358093
273.3310924841582
273.692912148225
273.13879120879125
273.8167032967033
274.64193036245524
273.86875402451744
273.3072524459087
273.94543653038136
273.280054945055
273.28832462619346
275.03393400384925
273.1404395604395
273.5259160018064
273.16730168738366
273.55033660441063
273.53598908635945
273.3910857424112
273.0039197141656
274.3209249590189
274.4715062837714
273.10034291735656
285.0155128205128
273.32938717446933
272.8916525550952
273.1414985287936
273.7425863368456
273.19358734162006
273.6083926498741
274.24294050776814
273.73236263736266
273.16353359755
267.7273835358596
273.23696270942173
273.2764835164835
274.3773493747631
273.37794343139757
273.3043956043956
273.2147377690803
273.3417032967034
274.2550890739217
273.2664982688544
273.1513835344983
273.9246291774069
274.0881243859304
