0.0075	0.007283040772978122	0.007283040772978122	0.007124622345468453	0.007124622345468453	0.006913253473464908	0.006913253473464908	0.006768544659511386	0.006768544659511386	0.006766795173348032
0.0075	0.007354088250366694	0.007354088250366694	0.007233979434091329	0.007233979434091329	0.007081480821335452	0.007081480821335452	0.007012076450835816	0.007012076450835816	0.00687466720020095
0.0075	0.007328752034772352	0.007328752034772352	0.00714061784317969	0.00714061784317969	0.0069817825330221244	0.0069817825330221244	0.006820554256464306	0.006820554256464306	0.006832924967587002
0.0075	0.007386624837391915	0.007386624837391915	0.007199899435110875	0.007199899435110875	0.007034521398233439	0.007034521398233439	0.006885372111378534	0.006885372111378534	0.006729157057646024
0.0075	0.007302256461745024	0.007302256461745024	0.007150652737631321	0.007150652737631321	0.006984174677239818	0.006984174677239818	0.006776476934118	0.006776476934118	0.006688835017415367
0.0075	0.006588949972347544	0.006588949972347544	0.005836008916140549	0.005836008916140549	0.005053134891547345	0.005053134891547345	0.00424287117785715	0.00424287117785715	0.003535799843896667
0.0075	0.006583433532979426	0.006583433532979426	0.005725539607009407	0.005725539607009407	0.004837149900035931	0.004837149900035931	0.004004581542653745	0.004004581542653745	0.0032385817416146286
0.0075	0.006597665181262294	0.006597665181262294	0.005750796342129353	0.005750796342129353	0.00494354810969086	0.00494354810969086	0.0040771302648339456	0.0040771302648339456	0.003371105066372377
0.0075	0.006643499548470808	0.006643499548470808	0.005753701685027133	0.005753701685027133	0.004857520471247228	0.004857520471247228	0.0039836267711405495	0.0039836267711405495	0.003212269960538395
0.0075	0.006628413818018188	0.006628413818018188	0.005791420634207713	0.005791420634207713	0.004909162700660046	0.004909162700660046	0.004074815150638823	0.004074815150638823	0.0033902598070079124
0.0075	0.006628536538879909	0.006628536538879909	0.005747214337588355	0.005747214337588355	0.004858553405566311	0.004858553405566311	0.0040209833319466304	0.0040209833319466304	0.0031760880108910763
0.0075	0.006588791069475649	0.006588791069475649	0.005718998070301064	0.005718998070301064	0.004883710807707439	0.004883710807707439	0.004073728853622231	0.004073728853622231	0.0033596224552345866
0.0075	0.0066472083218981105	0.0066472083218981105	0.005770656715669181	0.005770656715669181	0.004886847268557746	0.004886847268557746	0.0040885461597784615	0.0040885461597784615	0.003338995061123002
0.0075	0.006620271292673494	0.006620271292673494	0.005744656163170121	0.005744656163170121	0.004915439316493454	0.004915439316493454	0.004137339149266151	0.004137339149266151	0.00345606047843531
0.0075	0.0066277681806301515	0.0066277681806301515	0.00582017867060701	0.00582017867060701	0.00493640752168322	0.00493640752168322	0.0041161058249611715	0.0041161058249611715	0.003398159925711362
0.0075	0.0066424813946146	0.0066424813946146	0.005869938629028261	0.005869938629028261	0.005080462082349305	0.005080462082349305	0.0042048688421836835	0.0042048688421836835	0.0034538820627004487
0.0075	0.006635086435824828	0.006635086435824828	0.005739939474041114	0.005739939474041114	0.004889586803838898	0.004889586803838898	0.004022314118932626	0.004022314118932626	0.0031817134476482692
0.0075	0.006650051233843484	0.006650051233843484	0.005836184596106185	0.005836184596106185	0.0050370198236963405	0.0050370198236963405	0.004215055082934266	0.004215055082934266	0.0035557543335728034
0.0075	0.006629864552891948	0.006629864552891948	0.00573869931540379	0.00573869931540379	0.004886685610788789	0.004886685610788789	0.003977333599184789	0.003977333599184789	0.003208810862850104
0.0075	0.006604906441371942	0.006604906441371942	0.005752972520407352	0.005752972520407352	0.004862740317102329	0.004862740317102329	0.003999485552405548	0.003999485552405548	0.0032493259075626873
0.0075	0.0066039039356889555	0.0066039039356889555	0.005709108942133704	0.005709108942133704	0.004856592416622463	0.004856592416622463	0.004036787383500089	0.004036787383500089	0.003232839969657809
0.0075	0.006591766070993483	0.006591766070993483	0.005749284205939414	0.005749284205939414	0.004877801216341139	0.004877801216341139	0.003994566280926605	0.003994566280926605	0.00332370879872819
0.0075	0.006592094837010598	0.006592094837010598	0.005770262151762241	0.005770262151762241	0.004913601245598548	0.004913601245598548	0.004083378806058675	0.004083378806058675	0.003351700738674819
0.0075	0.006579453965420162	0.006579453965420162	0.0057452433351260985	0.0057452433351260985	0.004892366449447635	0.004892366449447635	0.003981407263916599	0.003981407263916599	0.0032507129602945216
0.0075	0.006660176881514434	0.006660176881514434	0.005791127940691864	0.005791127940691864	0.004976639868064604	0.004976639868064604	0.0041071722719104985	0.0041071722719104985	0.003355921027386564
0.0075	0.006641117917744765	0.006641117917744765	0.005761736627861177	0.005761736627861177	0.004936460376573952	0.004936460376573952	0.0041042879555898215	0.0041042879555898215	0.0034093390289032526
0.0075	0.006599248576046175	0.006599248576046175	0.005702494014608976	0.005702494014608976	0.004813849425432305	0.004813849425432305	0.003990646385480805	0.003990646385480805	0.003238666683179601
0.0075	0.006631377302131006	0.006631377302131006	0.005744186185514508	0.005744186185514508	0.0048504687524203605	0.0048504687524203605	0.003978385801845837	0.003978385801845837	0.003251312733431907
0.0075	0.00657952457387063	0.00657952457387063	0.005735059169240425	0.005735059169240425	0.0048385305088944125	0.0048385305088944125	0.003966089449563019	0.003966089449563019	0.0032242288595622373
0.0075	0.006677567598060653	0.006677567598060653	0.005798520947557438	0.005798520947557438	0.004985086219351794	0.004985086219351794	0.0041612944432186305	0.0041612944432186305	0.0034141881189810462
0.0075	0.0065639823023579	0.0065639823023579	0.005655164549829883	0.005655164549829883	0.004784700224295233	0.004784700224295233	0.004003772489511275	0.004003772489511275	0.0032518831635805377
0.0075	0.0065766150384089905	0.0065766150384089905	0.005717657945616807	0.005717657945616807	0.004813000904359643	0.004813000904359643	0.003982919920948863	0.003982919920948863	0.00323554952437762
0.0075	0.006625471297230853	0.006625471297230853	0.005790036293467205	0.005790036293467205	0.004938199830962722	0.004938199830962722	0.004093922229926676	0.004093922229926676	0.0033339806085926614
0.0075	0.00659185313225936	0.00659185313225936	0.005778133843691705	0.005778133843691705	0.004961701492796162	0.004961701492796162	0.004125962101396765	0.004125962101396765	0.0033898521194184786
0.0075	0.0065955778820171364	0.0065955778820171364	0.0057648789192832756	0.0057648789192832756	0.004872625308812278	0.004872625308812278	0.00403434842086062	0.00403434842086062	0.0032005165943358818
0.0075	0.0066368122992517395	0.0066368122992517395	0.005748400179143806	0.005748400179143806	0.004898352731340579	0.004898352731340579	0.003988393931235946	0.003988393931235946	0.0031947796469476053
0.0075	0.0065834596676241945	0.0065834596676241945	0.005709394032985195	0.005709394032985195	0.004831522286044841	0.004831522286044841	0.003941823577602726	0.003941823577602726	0.003271824299060218
0.0075	0.0066161794602190935	0.0066161794602190935	0.005822819960852642	0.005822819960852642	0.0050009046653763465	0.0050009046653763465	0.004187598972725209	0.004187598972725209	0.003443958236086969
0.0075	0.006630871753573841	0.006630871753573841	0.005762751500391946	0.005762751500391946	0.004919029576964536	0.004919029576964536	0.004092624166197353	0.004092624166197353	0.003332817248236239
0.0075	0.006585316388026996	0.006585316388026996	0.005765481190275818	0.005765481190275818	0.004895670062687976	0.004895670062687976	0.004008600189919092	0.004008600189919092	0.003327435037075229
0.0075	0.006622717073935997	0.006622717073935997	0.005737841295580585	0.005737841295580585	0.004897318876826143	0.004897318876826143	0.004058246768062398	0.004058246768062398	0.0033182220180980396
0.0075	0.006584118141393612	0.006584118141393612	0.00571138645626823	0.00571138645626823	0.004837912794243426	0.004837912794243426	0.003992084191458885	0.003992084191458885	0.0032641595396686045
0.0075	0.006577701125024391	0.006577701125024391	0.005719687317847758	0.005719687317847758	0.004818992079175732	0.004818992079175732	0.004010610917999876	0.004010610917999876	0.0031847393885055574
0.0075	0.006638840034259983	0.006638840034259983	0.00575165376317213	0.00575165376317213	0.004857953182756963	0.004857953182756963	0.004009933115557736	0.004009933115557736	0.0031960631970643217
0.0075	0.0066605171067542586	0.0066605171067542586	0.005759900711946566	0.005759900711946566	0.0048559283860743025	0.0048559283860743025	0.004010801450680483	0.004010801450680483	0.003293599275284712
0.0075	0.0066485500765553025	0.0066485500765553025	0.0057987436521617025	0.0057987436521617025	0.004965231585961312	0.004965231585961312	0.004199422978291939	0.004199422978291939	0.003440893965556872
0.0075	0.0066084688827614405	0.0066084688827614405	0.005704017494530927	0.005704017494530927	0.004833514900838881	0.004833514900838881	0.003989777895839847	0.003989777895839847	0.003230884156801213
0.0075	0.006598048190865858	0.006598048190865858	0.005768182644132972	0.005768182644132972	0.0049666467296995125	0.0049666467296995125	0.004132031503377162	0.004132031503377162	0.0034486641262378133
0.0075	0.006592137727290289	0.006592137727290289	0.005727259297388079	0.005727259297388079	0.004859374758540903	0.004859374758540903	0.004017844547182119	0.004017844547182119	0.0033713754668423194
0.0075	0.006585967075648396	0.006585967075648396	0.005754560543377302	0.005754560543377302	0.004911174585324885	0.004911174585324885	0.004092156501106942	0.004092156501106942	0.0034182904104661503
0.0075	0.006581995325014638	0.006581995325014638	0.005727733531369349	0.005727733531369349	0.004849621117628544	0.004849621117628544	0.003999198198564263	0.003999198198564263	0.0033229546649253022
0.0075	0.006577163314564301	0.006577163314564301	0.005705030292946574	0.005705030292946574	0.004803223966049467	0.004803223966049467	0.003976713071681204	0.003976713071681204	0.0031998932539933056
0.0075	0.006594238564605488	0.006594238564605488	0.005710610273745063	0.005710610273745063	0.004840638054915133	0.004840638054915133	0.004094564275542107	0.004094564275542107	0.0034927916168964014
0.0075	0.006598347813978388	0.006598347813978388	0.005712289550139485	0.005712289550139485	0.0048889225242154475	0.0048889225242154475	0.0040132717639294055	0.0040132717639294055	0.003239978133137909
0.0075	0.006652888088501024	0.006652888088501024	0.00576287248477487	0.00576287248477487	0.00490598009811664	0.00490598009811664	0.004096013395757199	0.004096013395757199	0.00324393791721549
0.0075	0.006587935847980624	0.006587935847980624	0.005712190331865743	0.005712190331865743	0.004898671276943636	0.004898671276943636	0.004055405007324883	0.004055405007324883	0.0033324325186073834
0.0075	0.006602749132052997	0.006602749132052997	0.005704186809160121	0.005704186809160121	0.0047996357759415575	0.0047996357759415575	0.003922677701918841	0.003922677701918841	0.0031844973320275093
0.0075	0.006640774082969448	0.006640774082969448	0.005776069258755813	0.005776069258755813	0.004913071723047193	0.004913071723047193	0.004040732126378395	0.004040732126378395	0.0033431232224172156
0.0075	0.006632637644662091	0.006632637644662091	0.0057814953657196275	0.0057814953657196275	0.004907600923317586	0.004907600923317586	0.004053375035100174	0.004053375035100174	0.0033149412055604862
0.0075	0.006595187528850805	0.006595187528850805	0.005691548874217456	0.005691548874217456	0.004826330894109378	0.004826330894109378	0.003957494745703045	0.003957494745703045	0.0031059609363402155
0.0075	0.006561796660400743	0.006561796660400743	0.00570232659935167	0.00570232659935167	0.004862778004642742	0.004862778004642742	0.004027622631421564	0.004027622631421564	0.0032998347702220825
0.0075	0.0065781216916517195	0.0065781216916517195	0.0057424383146362085	0.0057424383146362085	0.004858421139270881	0.004858421139270881	0.004073512451085994	0.004073512451085994	0.0033822824096076264
0.0075	0.00664777559562547	0.00664777559562547	0.005765604524430394	0.005765604524430394	0.004915260702810074	0.004915260702810074	0.004010083468810082	0.004010083468810082	0.0033075443015953936
0.0075	0.006612098112792494	0.006612098112792494	0.005724525726049133	0.005724525726049133	0.004881283114040596	0.004881283114040596	0.00402195325071086	0.00402195325071086	0.003275244729772302
0.0075	0.006606189326680229	0.006606189326680229	0.005778851038330923	0.005778851038330923	0.0049398252963603504	0.0049398252963603504	0.004117500664547976	0.004117500664547976	0.003577581601191131
0.0075	0.0066176340210844144	0.0066176340210844144	0.005780749716252156	0.005780749716252156	0.004983827387283469	0.004983827387283469	0.0041469914091867635	0.0041469914091867635	0.0034686869954787323
0.0075	0.00664418875938216	0.00664418875938216	0.005801769809268334	0.005801769809268334	0.004979912454978432	0.004979912454978432	0.00412394408236227	0.00412394408236227	0.0034431791992323817
0.0075	0.00660817735948772	0.00660817735948772	0.005744201068930924	0.005744201068930924	0.004861810125441923	0.004861810125441923	0.004104469977667249	0.004104469977667249	0.003332265481508672
0.0075	0.006577507159457347	0.006577507159457347	0.005690103620755426	0.005690103620755426	0.004799712293622833	0.004799712293622833	0.0040047210514809195	0.0040047210514809195	0.0032793787888867644
0.0075	0.006577057962402054	0.006577057962402054	0.005728229196699656	0.005728229196699656	0.004851322384910504	0.004851322384910504	0.004077517472882726	0.004077517472882726	0.0033611267058784623
0.0075	0.006590493456372401	0.006590493456372401	0.005723149985913199	0.005723149985913199	0.004890045603357384	0.004890045603357384	0.004053825628811653	0.004053825628811653	0.003303166703880061
0.0075	0.006648513023399046	0.006648513023399046	0.005811365019412817	0.005811365019412817	0.004949347739255948	0.004949347739255948	0.004080360483331492	0.004080360483331492	0.0033346377729041145
0.0075	0.0066121608342592595	0.0066121608342592595	0.005759228755680413	0.005759228755680413	0.004859762109679606	0.004859762109679606	0.004015770601079456	0.004015770601079456	0.0031969599585985544
0.0075	0.006661640700274629	0.006661640700274629	0.005782920298465331	0.005782920298465331	0.004971321544811855	0.004971321544811855	0.00412297328363892	0.00412297328363892	0.003441015659358779
0.0075	0.006649012749984875	0.006649012749984875	0.005813359431025231	0.005813359431025231	0.004975816834207822	0.004975816834207822	0.004105452701052434	0.004105452701052434	0.003318911997147329
0.0075	0.006636792332091081	0.006636792332091081	0.005751302596544538	0.005751302596544538	0.004906046926301941	0.004906046926301941	0.003999305939657251	0.003999305939657251	0.003297468719014448
0.0075	0.006613545302254514	0.006613545302254514	0.005788560755029459	0.005788560755029459	0.004941481231069699	0.004941481231069699	0.0040723611024523956	0.0040723611024523956	0.003250192921466955
0.0075	0.006638942734789334	0.006638942734789334	0.0058115795375700335	0.0058115795375700335	0.004924150949727658	0.004924150949727658	0.00411264582438206	0.00411264582438206	0.0033092035271442507
0.0075	0.006609632620660343	0.006609632620660343	0.005746502905662306	0.005746502905662306	0.004879660260552743	0.004879660260552743	0.004055505625657873	0.004055505625657873	0.00337622678785426
0.0075	0.006583922826786827	0.006583922826786827	0.005771937854572258	0.005771937854572258	0.004895382479975439	0.004895382479975439	0.0041360495578096545	0.0041360495578096545	0.0034338742529770095
0.0075	0.006650863062244421	0.006650863062244421	0.005785903181462375	0.005785903181462375	0.004927815943817702	0.004927815943817702	0.004091976935557811	0.004091976935557811	0.003370738973499418
0.0075	0.006605622893680416	0.006605622893680416	0.0057138388132112715	0.0057138388132112715	0.004816119746328773	0.004816119746328773	0.0039945357339191715	0.0039945357339191715	0.003291284136693408
0.0075	0.00664520879475823	0.00664520879475823	0.00587015182250755	0.00587015182250755	0.005144565974861981	0.005144565974861981	0.004347961146702005	0.004347961146702005	0.0037609657655804183
0.0075	0.006650217728089485	0.006650217728089485	0.005786256894144142	0.005786256894144142	0.00491921072093427	0.00491921072093427	0.004115875108415631	0.004115875108415631	0.003454469142603647
0.0075	0.006644804616482668	0.006644804616482668	0.005784814538995721	0.005784814538995721	0.004989281067082081	0.004989281067082081	0.0041805355448352325	0.0041805355448352325	0.00347904619795314
0.0075	0.006612504024083579	0.006612504024083579	0.005749447189860876	0.005749447189860876	0.004882042527972278	0.004882042527972278	0.00403514064086506	0.00403514064086506	0.003249805076925552
0.0075	0.006631617978204414	0.006631617978204414	0.005809004235523927	0.005809004235523927	0.004960512149746223	0.004960512149746223	0.004119448848752991	0.004119448848752991	0.0033841604332286498
0.0075	0.006579201007983876	0.006579201007983876	0.005688080857495714	0.005688080857495714	0.004832726530150767	0.004832726530150767	0.003920837778733091	0.003920837778733091	0.003097199190143924
0.0075	0.006631957949651655	0.006631957949651655	0.005763791732946896	0.005763791732946896	0.004898736602966684	0.004898736602966684	0.00402541412534841	0.00402541412534841	0.0033347226528531223
0.0075	0.006587261830344464	0.006587261830344464	0.00569871949541496	0.00569871949541496	0.0048636440721145134	0.0048636440721145134	0.004030394960227111	0.004030394960227111	0.003320790888451742
0.0075	0.0066387031490236555	0.0066387031490236555	0.005776506830440769	0.005776506830440769	0.004946618386327248	0.004946618386327248	0.00412985171226652	0.00412985171226652	0.003413883619662588
0.0075	0.0066403664318925035	0.0066403664318925035	0.005777660836660966	0.005777660836660966	0.0049113464191563715	0.0049113464191563715	0.0040338944180685725	0.0040338944180685725	0.003377549036732248
0.0075	0.006633144520116148	0.006633144520116148	0.0057638596381087755	0.0057638596381087755	0.004926932492477296	0.004926932492477296	0.004094392518759227	0.004094392518759227	0.0033665185495991698
0.0075	0.006643060099937171	0.006643060099937171	0.005801591669733992	0.005801591669733992	0.004977242850378033	0.004977242850378033	0.004139176714069557	0.004139176714069557	0.0035902859083079297
0.0075	0.006619134489013668	0.006619134489013668	0.005769429134226932	0.005769429134226932	0.004892621265584591	0.004892621265584591	0.004002761965346082	0.004002761965346082	0.0033153585458734793
0.0075	0.0066038109146952274	0.0066038109146952274	0.005800006392989866	0.005800006392989866	0.004992284612235046	0.004992284612235046	0.004121950559788124	0.004121950559788124	0.0033924889690736502
0.0075	0.006626339200891575	0.006626339200891575	0.005729438138130823	0.005729438138130823	0.004870121187522844	0.004870121187522844	0.004051336284078789	0.004051336284078789	0.0033795368165238163
0.0075	0.006648411939304626	0.006648411939304626	0.005775879413908152	0.005775879413908152	0.00494438255028397	0.00494438255028397	0.00405603443750516	0.00405603443750516	0.0033374443187402375
0.0075	0.0066044201989671454	0.0066044201989671454	0.005765597396876527	0.005765597396876527	0.0048735349565398635	0.0048735349565398635	0.004067279012381218	0.004067279012381218	0.003271058765471011
0.0075	0.006579888471817275	0.006579888471817275	0.005694395528682139	0.005694395528682139	0.00480415075846348	0.00480415075846348	0.0038996201510007977	0.0038996201510007977	0.003158929199740465
