0.6023243409650878	0.6457161863695287	0.6061894971095175	0.6378731826114387	0.5957313705625872	0.6380051449633016	0.5965987620560137	0.6255405248466704	0.5998540803008822	0.6002039775335266
0.6082402623549047	0.6374226122815961	0.6104800064416674	0.6345017696967121	0.6033192306139907	0.6338189531651938	0.6192135614994403	0.6330944355993293	0.597254687276411	0.6247365374033936
0.6102386663811344	0.6444882594266559	0.6016994382923306	0.6393262766108022	0.6085661611345592	0.6403332231660814	0.6096977453414997	0.641943400653057	0.6131686417137836	0.610694499489228
0.6171682449450444	0.6398432774666606	0.5975606730746549	0.6349057535308739	0.6012997582239525	0.6343753655994536	0.5977019650588288	0.627531822429815	0.6053476128896809	0.6365906236361492
0.6042029863877173	0.6437516940387167	0.6120958461368003	0.6424165909594959	0.60707337681896	0.6403689888972438	0.5951145091641364	0.6366540577885635	0.6075836511870268	0.6251120345275157
0.4618946543004487	0.6441046598309169	0.469684410789374	0.620272622030761	0.46505254310843674	0.6216273480271568	0.4689074745857007	0.6309602173237582	0.4630436999168209	0.6044579667088981
0.4618946543004487	0.6452079477045535	0.4695735766923253	0.6411523618863479	0.4617040262559093	0.6393819676505639	0.4694410469188405	0.6359547183953468	0.46305422706313726	0.6162541872719797
0.4618946543004487	0.6423616180479694	0.4686497184432952	0.6380234862698465	0.47444841126263165	0.6358980577504262	0.4601489454792285	0.6334325144506455	0.4707197557587768	0.6119247954510453
0.4746619003219755	0.6459619906277625	0.462107287521378	0.640066860210073	0.4617017785035635	0.6409380212595772	0.46758192404306026	0.6423606640644483	0.472607562782699	0.626878924903145
0.4699310875741912	0.6442483239705638	0.47049830952349647	0.6378969462855867	0.4616972694823847	0.6381488561919335	0.47218026289000103	0.639049772894126	0.47160454635079574	0.6085156150770317
0.4618946543004487	0.6361873465244765	0.4620866122561534	0.6383510525144608	0.4616982373977067	0.6394304238020193	0.46015657959903694	0.6276705943229196	0.46303124688872455	0.6320103110998437
0.4618946543004487	0.6441364404052726	0.4621034033993863	0.6360620032343434	0.4688862876362117	0.635943740154938	0.4601490178676251	0.6221454086846426	0.46302560718456864	0.6058468868621405
0.4618946543004487	0.6324529899208879	0.46207869315822614	0.6373890144040227	0.46169623559525114	0.638458125017531	0.4697364796203612	0.6293967013762539	0.46304069910932943	0.6129509188403977
0.4693723011636514	0.6453180426289706	0.46210590893507614	0.6372289348356808	0.4716901582284303	0.6375335275638095	0.468482503474982	0.624102536920414	0.47085355711279353	0.6071092912789453
0.4618946543004487	0.6363410181743518	0.469754354419115	0.631272256423695	0.4616884595875658	0.6384426893722998	0.47162890873889574	0.6356892480832851	0.470795885532126	0.6143850653821028
0.4692647035020284	0.6407684245791077	0.47074085349097783	0.6252494066083346	0.4715845508917689	0.6294798602275177	0.46013840655511024	0.6352570545882438	0.463051612629525	0.6132489685261603
0.4733955274267535	0.6463782402617639	0.4621081746371885	0.6411375669938802	0.4718095867056555	0.6418801207460973	0.4601618472428804	0.6336163842242664	0.46304372956794204	0.631163863824857
0.4618946543004487	0.6318844075317298	0.47235836461260144	0.6351316921600278	0.47583455524521895	0.635667509727202	0.4601484603834445	0.6245414085359281	0.47517861663789457	0.6070387665101307
0.47203524293635163	0.6460623323579457	0.4621075002930235	0.6403405477906544	0.47077012364850546	0.6411728645714834	0.4601603320472917	0.6420307343681255	0.4630614176038839	0.6167659648708831
0.4618946543004487	0.6409133660260744	0.4703207571808789	0.6407075413737954	0.4617030619178729	0.6397495025788689	0.4601572294399636	0.6328081823793498	0.469427032315786	0.6194589612843605
0.4671225992317244	0.6463418120939068	0.46210809739493247	0.6410670961059188	0.4713110326396336	0.6418143377418642	0.46925275765224456	0.6332137642767458	0.4705379234631308	0.6313274062315546
0.4618946543004487	0.643541440101709	0.46715650860303326	0.6356528816139577	0.461692629983777	0.6359892279034703	0.46015436451397407	0.636801351596877	0.47235760580169056	0.6065291022413682
0.4618946543004487	0.643475686898358	0.4714379981046336	0.6358045351543475	0.46169293209807527	0.6330251133308422	0.4601461078713973	0.6261905957794044	0.46303558806782885	0.6093712015445498
0.4618946543004487	0.6460038612164449	0.4728603336894656	0.639702459748317	0.4699416647532996	0.6405170418889666	0.4601589147122443	0.6423507518184458	0.46863225096506	0.6147711116895217
0.47175796998937364	0.6397225936865025	0.4620940960644931	0.6359038842289858	0.4713223324385946	0.6342199469640113	0.4601502116722846	0.6340437309031236	0.4630490617454116	0.6132993106501401
0.4743075408216269	0.6460839572726675	0.4621075461480003	0.6379838041246637	0.47337527725543266	0.6384305275129122	0.467331423194262	0.633765907391053	0.47159406885334915	0.6105838541906077
0.4654585647475959	0.6456088495382996	0.46210656502880965	0.6414574773162601	0.4617046722933767	0.6394335901287387	0.4704393577644324	0.6350799657547384	0.46305080142795235	0.6134467418882557
0.4708533949324624	0.6445779345062618	0.4621043657643927	0.639542589087745	0.46170070310909433	0.6404441897278836	0.46754200685218256	0.6419585969669861	0.4703502013214607	0.6157648150042447
0.4618946543004487	0.6459897395263294	0.4712739957377451	0.6401670766638087	0.46170198650063526	0.6410077185697873	0.46794248378095465	0.642430695647249	0.4690968877233061	0.6174690057236225
0.46842114301165644	0.6329076233995156	0.46207965725982536	0.6378889873604395	0.47633300894286973	0.6390199545840487	0.46597616932403274	0.6307345245506482	0.4763936196044951	0.6258148844519877
0.4618946543004487	0.6490981938289235	0.4621139245336287	0.6438774750391818	0.4658436452824162	0.6399365103893926	0.4660964235366935	0.6222819704934907	0.46302423996105807	0.6134021051472268
0.4618946543004487	0.6465716466186736	0.4715378801578328	0.6433292987162251	0.46170855736191074	0.64263996561331	0.471462777917619	0.6374789745998146	0.4630549645628453	0.6125290438770549
0.4684171593427679	0.6433228998965691	0.4718173810511029	0.6389043818034069	0.4736551662971784	0.6440224587981136	0.4714333617932977	0.640288882000498	0.4630617147312419	0.6150500389980454
0.4618946543004487	0.6435240278486042	0.472439029106149	0.6351828868196928	0.4717366232770318	0.635023093456173	0.4680661533752756	0.6352140316551236	0.46305223075527074	0.6102742271509786
0.4618946543004487	0.642779077897045	0.4760332825751907	0.6421730751220286	0.4617061575580426	0.640156879652263	0.4684081118915893	0.6360634894818763	0.463053039254286	0.6298194045591798
0.4730404554738695	0.645677995623477	0.4621066984382376	0.6397891224597944	0.47065538730993195	0.6406648768705969	0.46015923420686555	0.6421509942278811	0.4630657124929957	0.6217885693506526
0.4618946543004487	0.6452027207755701	0.46210569062114076	0.6369188175489296	0.46169525745348855	0.6372696068415707	0.460151896468799	0.6380916381571398	0.4728167343077355	0.6068165900162478
0.46844019247547536	0.6452043004317353	0.46610889793939714	0.6247807978126657	0.4616763338928396	0.6260593929880689	0.4601302541866825	0.622791392716903	0.4704994224698593	0.6192275697974915
0.46850354379897075	0.6423291930841808	0.46754390575126303	0.6411679563876443	0.4700010673296424	0.6387454520151691	0.46982817249690767	0.6351092546503133	0.4754247938167724	0.6273861774089938
0.4618946543004487	0.6448313766950761	0.4724861512888715	0.6364531908391343	0.4616942783806078	0.6356565038981352	0.46015266570060886	0.63756664025446	0.47111118004407504	0.6073442106128475
0.47032446956347107	0.6457810547763294	0.46210691697433204	0.6390820726454318	0.4715468205407588	0.6396513042915569	0.4733852102360698	0.6411996319888268	0.46306473838278583	0.6110696883756
0.4618946543004487	0.645071026021712	0.46210539825536956	0.6366517352804213	0.4616946904584974	0.6363894228635395	0.460153903347034	0.6293196239038719	0.4630384649953069	0.6086233953533533
0.4618946543004487	0.6463544292955343	0.46948621255902034	0.6410889739943403	0.46170386151264203	0.6418429092470368	0.4708495227220775	0.6325257549571317	0.4630414362859226	0.6282157421848141
0.47239526818885896	0.6446272613368721	0.46211000380457823	0.6395472580221686	0.4617006947908192	0.6404408108737895	0.47236299992586206	0.6419670133657126	0.46306089102914627	0.625834874727788
0.4769788639524652	0.6448754426015824	0.4621050229327835	0.6422283018942779	0.46170627218429927	0.6425007373586898	0.46999836578109655	0.6390237528598366	0.4790254176445601	0.6224658527236667
0.47409444346193647	0.6443844281508556	0.46806570749770793	0.638026992376484	0.46823498046621415	0.6349373937062914	0.4704321533046929	0.623593874838568	0.4630284667518791	0.6147342692988264
0.4694287884375695	0.6477350118852669	0.46211107357192244	0.6430013512180598	0.46892202094912483	0.6430225396875573	0.47149665999816176	0.64024406099802	0.4630611969644702	0.6148399447721573
0.4618946543004487	0.6422850161272843	0.4693507875222331	0.6353238968688248	0.4754939376766574	0.6358011205633115	0.4698427566310375	0.6367658018954836	0.4675413247101926	0.6042148001379771
0.4618946543004487	0.64346710884245	0.46210201025841796	0.635077696238788	0.46169143617523895	0.6352683439446601	0.46766957002485243	0.6359756122965927	0.4780297282388213	0.6073235443067773
0.4618946543004487	0.6447012391707642	0.4705135363393953	0.6367948427935872	0.46833809020930295	0.637015281819756	0.46015133363603067	0.6239549504797265	0.46303005388576457	0.5978032720139302
0.4618946543004487	0.6454955892975593	0.46613206347679814	0.6369844222058569	0.46169538094798984	0.6373178636961442	0.4680820572041843	0.6381666410170805	0.47150605197119605	0.6067547586989367
0.4618946543004487	0.6464619913875685	0.4668723624394952	0.6412989667629991	0.4617042845805032	0.6420655499599682	0.46876020932347784	0.6340623881971468	0.4707981974878429	0.6261621610254088
0.4618946543004487	0.6430469413793487	0.46210109786053066	0.6388267560325814	0.4616991537566748	0.6356935975226219	0.47085117194053944	0.6200659278150935	0.47452225200310366	0.5948767837322092
0.4618946543004487	0.6422250915046782	0.46209940274933886	0.639311055517158	0.4728326791476592	0.6375060843324684	0.46015625499663154	0.6352864070538708	0.46305080195994675	0.6177095281182584
0.4713036285410366	0.6407260108408649	0.4620962238695107	0.6400993446147681	0.466992870961195	0.6383713482928578	0.47109411239842974	0.6330874528702644	0.4630460426917349	0.633461138400048
0.4618946543004487	0.6443074847043387	0.4621037922761068	0.6372528954991423	0.4749125191283321	0.6376163301127735	0.4697443676476406	0.6383976215714247	0.46305377807276055	0.6076482758162775
0.4618946543004487	0.6413448278898846	0.4620974944388042	0.641809959017445	0.4617053497936516	0.6426155564373944	0.4601634233058429	0.6355550381103319	0.46304779318479933	0.6106838671630522
0.4687914308922009	0.6406366142982466	0.4620960212810814	0.6350369861237847	0.4616913460866859	0.63429085322839	0.4601454719833018	0.6346133913170697	0.4686037076651932	0.6081254884574384
0.47319911548704885	0.6466715865546235	0.4705096324055615	0.6407380881940077	0.4617031843651142	0.6364820728455779	0.4656133363455135	0.6364585139890216	0.4685265649616679	0.6162133308695824
0.4618946543004487	0.6428571485303581	0.46210074305649296	0.6428284739831327	0.469218303721333	0.6422618997429514	0.4601661867938004	0.633933416475035	0.46304779732870754	0.6333545592013163
0.4618946543004487	0.6495353222204009	0.4704540066822181	0.642348018892027	0.4713338498975023	0.6392435688393447	0.4601597342478433	0.6271908088920081	0.4701709769827175	0.6157285492226059
0.4618946543004487	0.6462703159701594	0.4710310537901126	0.6381677291932543	0.461697824197497	0.6385012592705505	0.4680293831985416	0.6250111208355842	0.47029639623513864	0.6085424045307624
0.4721097402647264	0.6425546211396974	0.46210010153292996	0.6385343157720454	0.46938800630636807	0.6394567706304622	0.4601524176156287	0.6411878644156349	0.4768548824795619	0.6173627159225114
0.46832446716246245	0.6459048446040229	0.46210716634492255	0.6396216436936506	0.47164913347808574	0.6402976558798038	0.47025184386383195	0.6421178165297937	0.4630664037841507	0.6124081079718389
0.4618946543004487	0.6406567889644218	0.4729564888244016	0.6384241464942882	0.4705622105092957	0.6383673589035105	0.460157977360124	0.6246229037226221	0.4779026526007814	0.5858864652721281
0.4690392700443853	0.645512465827435	0.46970008640601946	0.6370769473724732	0.478036302799477	0.6374207685932086	0.4707843264508508	0.6381515220701801	0.4714688551505476	0.6071297378921059
0.4739852247210623	0.6451474728447035	0.4681980370802727	0.6366818271030229	0.4725314816573014	0.6369029525153298	0.46643143614635	0.6376251106696085	0.46990131623867193	0.6060542928646454
0.4710587907892255	0.6494233188916393	0.4693836140928061	0.6421788722041839	0.4617061491567929	0.6381843378545371	0.47162908006812926	0.6230971096230365	0.4630259375702164	0.6174668368018943
0.4618946543004487	0.6463932224089805	0.4621082064053271	0.639588914145644	0.46170074826196583	0.6397790136883357	0.468241814223523	0.6272400626518788	0.4630358618160919	0.6081043143349293
0.4618946543004487	0.6464830618200594	0.47126765869163406	0.6410334118321521	0.46170375906042593	0.6370851214182941	0.4652786630004005	0.6200396454059378	0.46301997833232084	0.606298131733169
0.4618946543004487	0.6437959630259756	0.46957144921184135	0.6430401433037123	0.4751441559506859	0.6417650324618409	0.4683695709160832	0.6356135658252278	0.4760253622092974	0.6261571471956356
0.4689850936659521	0.6392824889862321	0.46777480648385833	0.6352044072810961	0.4616916935840987	0.6340951496154568	0.46014941016182714	0.6339468613467049	0.4630483348099354	0.6121928768954322
0.46865803261012295	0.6462258657582199	0.47021281799327375	0.6407992337090881	0.4617032730390021	0.6415966022392064	0.4696696128202339	0.6384679145402927	0.46975266804586124	0.6335147965420104
0.47845946523082133	0.6461313251758098	0.46210764659020126	0.6378517269520314	0.47580485770820014	0.6381246084388167	0.46919454379192127	0.6388641960264861	0.47271861100389406	0.6091101358597846
0.4712196059437226	0.6414170559467167	0.47197601350864593	0.639106677300459	0.4695018928717328	0.6370104122352745	0.46015565246557844	0.6342284790967337	0.4630490477983704	0.620357188579374
0.47326092424197685	0.6459024578237306	0.46210717440843097	0.6392051215177428	0.4707305795040484	0.6397817135526158	0.4601573255506463	0.6415055228795339	0.4718962167637954	0.6122636608923713
0.4686405275031841	0.6459314670522579	0.4750461535231	0.6400430629680824	0.4714689383633863	0.6408848431553341	0.46850097867540585	0.6423250043988428	0.4630672391729528	0.6275008753700069
0.4618946543004487	0.6341061073424956	0.47260203128563905	0.6380746707295571	0.4616976587876097	0.639183376356231	0.47053183301725493	0.6328328580863585	0.47018328367334933	0.6308717431208571
0.4618946543004487	0.6399681301683385	0.4620946167394593	0.6347205597390025	0.4616906893154164	0.6350592183373016	0.4698453722874458	0.6346762992665343	0.47312013850407764	0.6089759060648379
0.4618946543004487	0.6451100889431609	0.47447834933852223	0.636875343781414	0.4616951418899937	0.6370062168094085	0.4713772588944795	0.6232438433275925	0.4690264102926431	0.6094614712592099
0.47389532394407735	0.643722711495169	0.4621025522644104	0.6350945284208124	0.4616914584795324	0.6333089060084629	0.46821067255817866	0.6353784742101082	0.46305083631970434	0.6072984287313982
0.46728809340999755	0.6461635146739417	0.46210770171727433	0.6404645178110645	0.4617025910951978	0.6412464044715903	0.46816451114433716	0.6324813136262786	0.4746857786472429	0.6153360980924267
0.4618946543004487	0.6328528953488262	0.46207947568164504	0.6170908701317465	0.47438760849095085	0.6195047780200418	0.46011830860475816	0.6194392742367625	0.4630182489288331	0.5804173251531355
0.47316964750335894	0.6431261018853618	0.4621012871519278	0.6348934539409921	0.46169105377642355	0.6351002884183933	0.4749980157794019	0.6356651382831202	0.4752548895431267	0.6075360827055244
0.47402829725026246	0.6450673739537555	0.4666466357260111	0.6386446512234617	0.4767008508990984	0.6358075452817934	0.467078236444529	0.6288273408938629	0.4729740448103418	0.6132719141867936
0.4618946543004487	0.6393938494837289	0.46209978563072807	0.6347111524752583	0.4616906697897881	0.6351716021675536	0.4663826041792716	0.6357629816007072	0.4630510018135939	0.620118114601537
0.4698872934437832	0.6435636978028787	0.4736409555451631	0.6381637040812314	0.4689285566527359	0.6386269738083314	0.4717805640389105	0.6399932242376226	0.46306153584229437	0.6101192189471509
0.4618946543004487	0.6460544527036647	0.46210748358445386	0.640331513682117	0.47010514833311323	0.6411760138021071	0.4601603388532677	0.6425380891366821	0.463062484439631	0.6277902021574805
0.46932427748493094	0.6429326875545837	0.4621008770158889	0.6357341203568172	0.4616927985962666	0.6347038245923459	0.46014635135493337	0.6348108468784868	0.47238362148896595	0.610521915988021
0.4618946543004487	0.6444422882315732	0.4621040913174036	0.6398125583033246	0.47121500899222624	0.638230093652285	0.46927467987225757	0.6359245022496769	0.47254369160736	0.6144645059624395
0.46914886144897416	0.6414082316442246	0.46209765752246007	0.6345369212390534	0.46881082381858136	0.6347885126412418	0.4722116743112997	0.6355650091234493	0.463053417760021	0.6062470362808281
0.4694804977970582	0.6414072114184963	0.46209765535903435	0.6346387744053879	0.46169051956256474	0.6349534030634432	0.46014690388969987	0.6356373041072217	0.4738688464699951	0.6051379227372354
0.4708503942143284	0.6442214901911429	0.4621035968343242	0.6359605732358674	0.46755865501776916	0.634944084144063	0.4601468706000369	0.6266548653436711	0.46303474463962374	0.6086095384716245
0.4618946543004487	0.6332826343130411	0.4620803997465557	0.6303740857872023	0.47258736451772687	0.637457128388916	0.4601564559754955	0.6277696832371698	0.4735987543961557	0.5833769155484003
0.4692331345909084	0.6454062367881108	0.46708350207164673	0.6370245730289905	0.46169546428071756	0.6370570380092239	0.46015143707072664	0.6381232971183862	0.4717593721134111	0.6092400560079109
0.4618946543004487	0.6411324713613563	0.47503791737754836	0.6357988217186331	0.4727555122431818	0.6342998683941372	0.46015076555568374	0.634217576045103	0.46304974136817817	0.60894205951105
0.47123367208037314	0.6459658319020254	0.46210728704108595	0.6414874995932838	0.47033450040901126	0.6421978905306406	0.4685848127722693	0.6323417934610399	0.4751436345530057	0.6095035280640114
0.4736237032579597	0.6439413153971029	0.46210301581421626	0.6366095208934904	0.470628428396124	0.6369278011209066	0.46015639088066407	0.6378260134364325	0.4630571677892892	0.6067751915422629
0.4618946543004487	0.6410106145069744	0.4720481521375255	0.6398127125556663	0.4617061128096984	0.6401186008770038	0.4717489093255276	0.633000098157258	0.47166853913311796	0.6309125885151499
0.4618946543004487	0.6459169599369268	0.46210719203513084	0.6392057806621627	0.4616999913497619	0.6397489453934463	0.4601572547333781	0.6410633762259337	0.4630593834967477	0.6111975737488272
