0.0005	0.0006349120940986493	0.0006349120940986493	0.0007697426250325668	0.0007697426250325668	0.000887091463684092	0.000887091463684092	0.0009708791616041474	0.0009708791616041474	0.0010570295369669196
0.0005	0.0006395867747917484	0.0006395867747917484	0.0007857806457152951	0.0007857806457152951	0.0009557977175387234	0.0009557977175387234	0.0011192798664398592	0.0011192798664398592	0.0012725788430374607
0.0005	0.0005972087451861393	0.0005972087451861393	0.000697297154838234	0.000697297154838234	0.0008434725690763632	0.0008434725690763632	0.000995747134629814	0.000995747134629814	0.0011608624740881335
0.0005	0.0006052817422754795	0.0006052817422754795	0.0006598954023399374	0.0006598954023399374	0.0007348396377033949	0.0007348396377033949	0.0008093295080277356	0.0008093295080277356	0.000889998930788675
0.0005	0.000614980703793076	0.000614980703793076	0.0007624884487286523	0.0007624884487286523	0.0009184924631475466	0.0009184924631475466	0.0010537081613648661	0.0010537081613648661	0.0012063668704100547
0.0005	0.00041837409348260333	0.00041837409348260333	0.00036595873672921983	0.00036595873672921983	0.00032804452237749444	0.00032804452237749444	0.00029845688200237896	0.00029845688200237896	0.0002584520988150643
0.0005	0.00033993609123269994	0.00033993609123269994	0.00022126399340195588	0.00022126399340195588	0.00010077777901047977	0.00010077777901047977	8.656313202301454e-6	8.656313202301454e-6	6.897123475022562e-6
0.0005	0.00035805650715754273	0.00035805650715754273	0.00025480120036132234	0.00025480120036132234	0.0001659475426861422	0.0001659475426861422	6.774346885555713e-5	6.774346885555713e-5	5.201540488145604e-6
0.0005	0.00032951403068739744	0.00032951403068739744	0.00015030960978271448	0.00015030960978271448	6.18578053530195e-6	6.18578053530195e-6	5.465020992217228e-6	5.465020992217228e-6	5.914912922845458e-6
0.0005	0.0003879457777742149	0.0003879457777742149	0.00029152078701451733	0.00029152078701451733	0.00019573952268120485	0.00019573952268120485	0.00012187931420501	0.00012187931420501	5.2820217270981154e-5
0.0005	0.00041806621098629	0.00041806621098629	0.0003449804655621158	0.0003449804655621158	0.0002796796247157066	0.0002796796247157066	0.00022163167882145753	0.00022163167882145753	0.00016538319989524208
0.0005	0.0003682664963884706	0.0003682664963884706	0.0002247055464040655	0.0002247055464040655	8.263718438469869e-5	8.263718438469869e-5	5.567441297046244e-6	5.567441297046244e-6	5.261586947740752e-6
0.0005	0.00044747817043259324	0.00044747817043259324	0.0004023659821905765	0.0004023659821905765	0.0003620722468295798	0.0003620722468295798	0.00033468947383905756	0.00033468947383905756	0.0002981407878125423
0.0005	0.00037865676195391685	0.00037865676195391685	0.0002311533139739932	0.0002311533139739932	0.00010069591728326514	0.00010069591728326514	5.386810209962527e-6	5.386810209962527e-6	5.213683921696536e-6
0.0005	0.0004114229206189745	0.0004114229206189745	0.0003339459668560575	0.0003339459668560575	0.00024258979501029973	0.00024258979501029973	0.0001664327609238601	0.0001664327609238601	8.299870233606877e-5
0.0005	0.00044260126545119443	0.00044260126545119443	0.0003947404935492869	0.0003947404935492869	0.0003600567268048453	0.0003600567268048453	0.0003098667857047161	0.0003098667857047161	0.0002601147355191007
0.0005	0.0004009060526337622	0.0004009060526337622	0.0002685752592598098	0.0002685752592598098	0.0001346648686239159	0.0001346648686239159	5.563370160044814e-6	5.563370160044814e-6	5.347589611743892e-6
0.0005	0.00044928100958065365	0.00044928100958065365	0.0004180520893169423	0.0004180520893169423	0.00039320096019859914	0.00039320096019859914	0.0003552888975991227	0.0003552888975991227	0.00033407493079286424
0.0005	0.0003595384773243028	0.0003595384773243028	0.00020610425662973296	0.00020610425662973296	7.191928008369226e-5	7.191928008369226e-5	5.719260351184906e-6	5.719260351184906e-6	5.539521744918139e-6
0.0005	0.0004028338816533155	0.0004028338816533155	0.0003186901034025598	0.0003186901034025598	0.0002030922825157223	0.0002030922825157223	7.856181944617584e-5	7.856181944617584e-5	5.949378131641363e-6
0.0005	0.0003520912773000229	0.0003520912773000229	0.00017222948760830042	0.00017222948760830042	7.69340228764848e-6	7.69340228764848e-6	5.5252334108312425e-6	5.5252334108312425e-6	5.549830434783916e-6
0.0005	0.00035137290979187977	0.00035137290979187977	0.0002502398739077914	0.0002502398739077914	0.00014635668773147457	0.00014635668773147457	5.09225556667112e-5	5.09225556667112e-5	4.948923347955019e-6
0.0005	0.00034235509352988964	0.00034235509352988964	0.00020468087319473895	0.00020468087319473895	6.066334333535026e-5	6.066334333535026e-5	5.506053864273842e-6	5.506053864273842e-6	5.16664362741633e-6
0.0005	0.000346668742813517	0.000346668742813517	0.00020598889420035484	0.00020598889420035484	8.018703907895575e-5	8.018703907895575e-5	6.019730272558254e-6	6.019730272558254e-6	5.645406879586285e-6
0.0005	0.0003964062709870793	0.0003964062709870793	0.0002975424722634613	0.0002975424722634613	0.00022609154276312255	0.00022609154276312255	0.00014415943236290157	0.00014415943236290157	6.407869682931405e-5
0.0005	0.00036673520471157097	0.00036673520471157097	0.00022108008615525558	0.00022108008615525558	9.094592229632996e-5	9.094592229632996e-5	5.724267459603657e-6	5.724267459603657e-6	5.3318402930631945e-6
0.0005	0.0003674047159412263	0.0003674047159412263	0.00024440941167276484	0.00024440941167276484	0.00013633554138679104	0.00013633554138679104	5.440247913357852e-5	5.440247913357852e-5	4.959325260614453e-6
0.0005	0.00035791961463311643	0.00035791961463311643	0.00023063039850667645	0.00023063039850667645	0.00011888190266912592	0.00011888190266912592	3.4818965376114556e-5	3.4818965376114556e-5	7.342649136570115e-6
0.0005	0.0003357653795404785	0.0003357653795404785	0.00019161901885477714	0.00019161901885477714	3.478437946109843e-5	3.478437946109843e-5	6.011578794846497e-6	6.011578794846497e-6	5.317412099076349e-6
0.0005	0.0004302105033285477	0.0004302105033285477	0.00034963075965660094	0.00034963075965660094	0.00028786406098768455	0.00028786406098768455	0.00022769937948871605	0.00022769937948871605	0.0001632047027753662
0.0005	0.0003636761021245588	0.0003636761021245588	0.0002167647011095428	0.0002167647011095428	7.114477923186306e-5	7.114477923186306e-5	5.351683174774632e-6	5.351683174774632e-6	7.013089259878617e-6
0.0005	0.00035013084966557914	0.00035013084966557914	0.0002338638039544932	0.0002338638039544932	0.00011918390889272068	0.00011918390889272068	3.0370277707613486e-5	3.0370277707613486e-5	5.587818563022785e-6
0.0005	0.0004122497153197964	0.0004122497153197964	0.0003414460452749491	0.0003414460452749491	0.00027586063702402327	0.00027586063702402327	0.00020419672670884525	0.00020419672670884525	0.00011822702716577491
0.0005	0.00034058718374633894	0.00034058718374633894	0.00020463091275664666	0.00020463091275664666	9.012495942780793e-5	9.012495942780793e-5	5.465773109643205e-6	5.465773109643205e-6	5.162348465572655e-6
0.0005	0.0003858301917199861	0.0003858301917199861	0.00029800293891759554	0.00029800293891759554	0.00020722096262273024	0.00020722096262273024	0.00013841630467698848	0.00013841630467698848	5.822925275927996e-5
0.0005	0.0003265406083602961	0.0003265406083602961	0.0001705846975922191	0.0001705846975922191	5.3866616056844375e-5	5.3866616056844375e-5	5.9559202377423935e-6	5.9559202377423935e-6	7.230445386805563e-6
0.0005	0.0003542009473283177	0.0003542009473283177	0.0002221908827238558	0.0002221908827238558	0.00011466863405822021	0.00011466863405822021	1.6157201963362837e-5	1.6157201963362837e-5	5.6081058142067e-6
0.0005	0.00041064305999368074	0.00041064305999368074	0.00033676347848189035	0.00033676347848189035	0.00026790072764495645	0.00026790072764495645	0.00021027558070952162	0.00021027558070952162	0.0001718376212002636
0.0005	0.00041196668172048794	0.00041196668172048794	0.0003255137784210706	0.0003255137784210706	0.0002519552039623542	0.0002519552039623542	0.00018262479996885078	0.00018262479996885078	0.00011851709800343705
0.0005	0.0003466411694547183	0.0003466411694547183	0.00021952377427056816	0.00021952377427056816	8.278269679413507e-5	8.278269679413507e-5	5.0952829057915644e-6	5.0952829057915644e-6	5.407810506196181e-6
0.0005	0.00035341146607743737	0.00035341146607743737	0.00020231612655611657	0.00020231612655611657	8.320233992120867e-5	8.320233992120867e-5	5.730866379738727e-6	5.730866379738727e-6	5.630724261427342e-6
0.0005	0.00034233325204279934	0.00034233325204279934	0.0001914555348620283	0.0001914555348620283	4.762420718531506e-5	4.762420718531506e-5	5.254632278660681e-6	5.254632278660681e-6	5.16476844840034e-6
0.0005	0.0003607559558611426	0.0003607559558611426	0.0002346176755847352	0.0002346176755847352	6.764792345674888e-5	6.764792345674888e-5	5.601142717387706e-6	5.601142717387706e-6	5.751586175773483e-6
0.0005	0.00036648718595008425	0.00036648718595008425	0.00022412299234737622	0.00022412299234737622	9.73607699350222e-5	9.73607699350222e-5	7.841269003388727e-6	7.841269003388727e-6	7.113898149141658e-6
0.0005	0.00038200948415601286	0.00038200948415601286	0.00025992625579299074	0.00025992625579299074	0.00015052321792330075	0.00015052321792330075	6.05424294270588e-5	6.05424294270588e-5	7.006692823061905e-6
0.0005	0.00035460943928012034	0.00035460943928012034	0.0002122939919220913	0.0002122939919220913	7.65909314553244e-5	7.65909314553244e-5	5.43453871482684e-6	5.43453871482684e-6	5.290438983560717e-6
0.0005	0.00034531221370664766	0.00034531221370664766	0.00019641377267640947	0.00019641377267640947	7.299245048462007e-5	7.299245048462007e-5	7.305215618709524e-6	7.305215618709524e-6	7.152260180101414e-6
0.0005	0.00036597214573212065	0.00036597214573212065	0.00027259281780937723	0.00027259281780937723	0.00019285481368715436	0.00019285481368715436	0.00012002810370937664	0.00012002810370937664	5.610724792786405e-5
0.0005	0.0003463869046563001	0.0003463869046563001	0.00020354907068410118	0.00020354907068410118	8.366839296294529e-5	8.366839296294529e-5	5.484885278728639e-6	5.484885278728639e-6	5.093374224004225e-6
0.0005	0.0003908679096167879	0.0003908679096167879	0.00028565417691111676	0.00028565417691111676	0.00016178955928453355	0.00016178955928453355	1.692936568634827e-5	1.692936568634827e-5	6.019061050209761e-6
0.0005	0.00034374790865625125	0.00034374790865625125	0.00021343089953111002	0.00021343089953111002	8.03052611750728e-5	8.03052611750728e-5	6.391226268003388e-6	6.391226268003388e-6	5.325119576798783e-6
0.0005	0.00039609370948976314	0.00039609370948976314	0.0002904918351629092	0.0002904918351629092	0.0001560791598829824	0.0001560791598829824	3.06476673533441e-5	3.06476673533441e-5	5.7549434973561785e-6
0.0005	0.00040497493364730747	0.00040497493364730747	0.0003095778338216389	0.0003095778338216389	0.00020566988820569488	0.00020566988820569488	0.00010583077223548316	0.00010583077223548316	7.213940871910993e-6
0.0005	0.00037381922592438614	0.00037381922592438614	0.00026743913260806717	0.00026743913260806717	0.00018607155198865653	0.00018607155198865653	9.592181386913591e-5	9.592181386913591e-5	7.696836620064957e-6
0.0005	0.00040477714959110116	0.00040477714959110116	0.0003114035071763504	0.0003114035071763504	0.00023631099239184824	0.00023631099239184824	0.00017397890150723652	0.00017397890150723652	0.00010027336410971905
0.0005	0.00036292727859044165	0.00036292727859044165	0.0002499952772255998	0.0002499952772255998	0.00016482271935857676	0.00016482271935857676	9.373305579413035e-5	9.373305579413035e-5	1.0462432708168061e-5
0.0005	0.00043191131440550303	0.00043191131440550303	0.00036288036896084625	0.00036288036896084625	0.00028486266117341125	0.00028486266117341125	0.0001982803491105697	0.0001982803491105697	0.00010458024506937364
0.0005	0.0003739001401774452	0.0003739001401774452	0.000263533924489495	0.000263533924489495	0.00016328852087055243	0.00016328852087055243	7.083776862973808e-5	7.083776862973808e-5	5.1207025008227715e-6
0.0005	0.0003584870441924671	0.0003584870441924671	0.0002140708625277574	0.0002140708625277574	6.667036702365472e-5	6.667036702365472e-5	5.831356160289271e-6	5.831356160289271e-6	5.1531836865236395e-6
0.0005	0.0003905036346777363	0.0003905036346777363	0.00029339493953064197	0.00029339493953064197	0.0002274818048320017	0.0002274818048320017	0.0001491809437103233	0.0001491809437103233	7.108862027668098e-5
0.0005	0.0003134044048160462	0.0003134044048160462	0.000137107155684025	0.000137107155684025	7.260771051446171e-6	7.260771051446171e-6	6.085617446573327e-6	6.085617446573327e-6	5.453360006074036e-6
0.0005	0.000371006834982134	0.000371006834982134	0.0002445845487713049	0.0002445845487713049	9.558520493240823e-5	9.558520493240823e-5	5.718507926575667e-6	5.718507926575667e-6	5.239473480213682e-6
0.0005	0.0003968002409202597	0.0003968002409202597	0.0002983247427857335	0.0002983247427857335	0.00022521431404204733	0.00022521431404204733	0.00014033017121941392	0.00014033017121941392	7.121100093141358e-5
0.0005	0.00035149979526936644	0.00035149979526936644	0.00019520392324183007	0.00019520392324183007	5.9941731981128136e-5	5.9941731981128136e-5	5.800095320277426e-6	5.800095320277426e-6	5.293856113390377e-6
0.0005	0.00042503961656228413	0.00042503961656228413	0.0003644872251179932	0.0003644872251179932	0.00029529485107141254	0.00029529485107141254	0.00021421612295504722	0.00021421612295504722	0.00014279330060901535
0.0005	0.00035577774404337915	0.00035577774404337915	0.0002247237841402371	0.0002247237841402371	9.740315924639095e-5	9.740315924639095e-5	5.6612195720857565e-6	5.6612195720857565e-6	5.9923701326547345e-6
0.0005	0.0003682587711639137	0.0003682587711639137	0.00024715878156221803	0.00024715878156221803	0.0001509247136127813	0.0001509247136127813	6.764453407379405e-5	6.764453407379405e-5	5.224347086616882e-6
0.0005	0.00033183382497207364	0.00033183382497207364	0.00014981606703650394	0.00014981606703650394	6.925437323983182e-6	6.925437323983182e-6	5.681699055892278e-6	5.681699055892278e-6	6.3990739579144616e-6
0.0005	0.0003864372407205863	0.0003864372407205863	0.00026095288725939335	0.00026095288725939335	0.00011610032169712959	0.00011610032169712959	5.5563841538977375e-6	5.5563841538977375e-6	5.438232053366242e-6
0.0005	0.0003881801547859133	0.0003881801547859133	0.00028320925486628956	0.00028320925486628956	0.0001471497180378002	0.0001471497180378002	1.996916610725162e-5	1.996916610725162e-5	6.69280658331687e-6
0.0005	0.0003944905495412903	0.0003944905495412903	0.0003267689265461904	0.0003267689265461904	0.0002667582737989408	0.0002667582737989408	0.00021460769569069783	0.00021460769569069783	0.00016047050012665064
0.0005	0.00039938992565609745	0.00039938992565609745	0.0003132897365723464	0.0003132897365723464	0.0002253769104117743	0.0002253769104117743	0.00014552786971685922	0.00014552786971685922	6.764335135321763e-5
0.0005	0.0003636989180040732	0.0003636989180040732	0.00023507843302886185	0.00023507843302886185	9.150521438847288e-5	9.150521438847288e-5	5.550894479738155e-6	5.550894479738155e-6	5.299835996267175e-6
0.0005	0.0003647549537873249	0.0003647549537873249	0.00021570326943315152	0.00021570326943315152	8.353707293630954e-5	8.353707293630954e-5	6.222299187778671e-6	6.222299187778671e-6	5.4008618479891e-6
0.0005	0.00040679050858297985	0.00040679050858297985	0.00031587150589566256	0.00031587150589566256	0.0002373450988893187	0.0002373450988893187	0.00015831199515418663	0.00015831199515418663	8.230431599189075e-5
0.0005	0.00035107910103646394	0.00035107910103646394	0.00019506866211549653	0.00019506866211549653	7.318828280538285e-5	7.318828280538285e-5	5.084330378263927e-6	5.084330378263927e-6	5.667075288111515e-6
0.0005	0.00032592873281016407	0.00032592873281016407	0.00016812394750472263	0.00016812394750472263	2.751661061961893e-5	2.751661061961893e-5	6.751208568410789e-6	6.751208568410789e-6	6.998033935602847e-6
0.0005	0.00040615245378903506	0.00040615245378903506	0.00033716753690848575	0.00033716753690848575	0.00025664049776004475	0.00025664049776004475	0.00020767552845899186	0.00020767552845899186	0.0001541497962522489
0.0005	0.000391650844472375	0.000391650844472375	0.0003025365201227846	0.0003025365201227846	0.000222615640289797	0.000222615640289797	0.00016156359179655532	0.00016156359179655532	9.666125820341e-5
0.0005	0.0003610814406121841	0.0003610814406121841	0.00021957113196064288	0.00021957113196064288	6.98398220674858e-5	6.98398220674858e-5	5.433601279346152e-6	5.433601279346152e-6	5.261327512961444e-6
0.0005	0.00036832156930268677	0.00036832156930268677	0.0002224008627501028	0.0002224008627501028	8.373671867525132e-5	8.373671867525132e-5	5.461729545472288e-6	5.461729545472288e-6	5.753091534836291e-6
0.0005	0.00034817749788779184	0.00034817749788779184	0.0001862840941131093	0.0001862840941131093	2.753617155013047e-5	2.753617155013047e-5	5.611470343467716e-6	5.611470343467716e-6	5.280572576678789e-6
0.0005	0.0004174843976514013	0.0004174843976514013	0.00034882929637747333	0.00034882929637747333	0.00031741608047234954	0.00031741608047234954	0.0002745871803595417	0.0002745871803595417	0.00023138645060903222
0.0005	0.00036137807516882823	0.00036137807516882823	0.00021718281917530288	0.00021718281917530288	9.251355211745951e-5	9.251355211745951e-5	5.189180679927572e-6	5.189180679927572e-6	5.719116870829875e-6
0.0005	0.00033838731412033044	0.00033838731412033044	0.0001863735011238659	0.0001863735011238659	5.3241426419526744e-5	5.3241426419526744e-5	5.5274547640640076e-6	5.5274547640640076e-6	5.249510652409882e-6
0.0005	0.000400259693664967	0.000400259693664967	0.00031163903458687926	0.00031163903458687926	0.000230248726888836	0.000230248726888836	0.00017403160590395635	0.00017403160590395635	9.974641309993718e-5
0.0005	0.00038504364803379644	0.00038504364803379644	0.0002985637767598348	0.0002985637767598348	0.00021601841415127583	0.00021601841415127583	0.0001426718677292687	0.0001426718677292687	6.135330562848394e-5
0.0005	0.0003347258110597007	0.0003347258110597007	0.00017408001653263535	0.00017408001653263535	2.9549713864614436e-5	2.9549713864614436e-5	5.872097119587459e-6	5.872097119587459e-6	5.606191340982642e-6
0.0005	0.0003480675468011743	0.0003480675468011743	0.00019872874513860288	0.00019872874513860288	7.025309204081492e-5	7.025309204081492e-5	5.60484253956982e-6	5.60484253956982e-6	5.052040015715825e-6
0.0005	0.0003434532094773627	0.0003434532094773627	0.00021189687444882888	0.00021189687444882888	9.988421142008595e-5	9.988421142008595e-5	5.316495498706005e-6	5.316495498706005e-6	5.144203634056034e-6
0.0005	0.0003720133622218352	0.0003720133622218352	0.0002574902537310032	0.0002574902537310032	0.00017629985088217365	0.00017629985088217365	0.00010343290693299684	0.00010343290693299684	1.2550506229511918e-5
0.0005	0.0003860296912576384	0.0003860296912576384	0.0002773298333075546	0.0002773298333075546	0.00018046872129822507	0.00018046872129822507	9.171670642580658e-5	9.171670642580658e-5	2.5762302654006306e-5
0.0005	0.00035529110612545135	0.00035529110612545135	0.00020206918887215024	0.00020206918887215024	6.928290939869437e-5	6.928290939869437e-5	5.358855610503554e-6	5.358855610503554e-6	5.197528839542128e-6
0.0005	0.00043038361304721293	0.00043038361304721293	0.000358280891832953	0.000358280891832953	0.00029566760576082496	0.00029566760576082496	0.00022563183443723576	0.00022563183443723576	0.00016711674505624275
0.0005	0.00036099768164045865	0.00036099768164045865	0.00023727111352601321	0.00023727111352601321	9.957838205870463e-5	9.957838205870463e-5	6.078944206882493e-6	6.078944206882493e-6	5.81938856658416e-6
0.0005	0.00035782921525121593	0.00035782921525121593	0.00026038210607879015	0.00026038210607879015	0.00017938456640212563	0.00017938456640212563	8.270529423720035e-5	8.270529423720035e-5	5.078707208361996e-6
0.0005	0.00041018015709026176	0.00041018015709026176	0.0002971160523760744	0.0002971160523760744	0.000186827346000438	0.000186827346000438	6.326201438449277e-5	6.326201438449277e-5	8.488810541078655e-6
0.0005	0.0003763574704845245	0.0003763574704845245	0.00026303252579951917	0.00026303252579951917	0.00018261186047608058	0.00018261186047608058	9.521237206906647e-5	9.521237206906647e-5	9.831247659545764e-6
0.0005	0.00038963132162534684	0.00038963132162534684	0.0003086523981416088	0.0003086523981416088	0.00021990563708302688	0.00021990563708302688	0.0001514875666537575	0.0001514875666537575	8.208143745956106e-5
0.0005	0.00033591931562380813	0.00033591931562380813	0.00018009849753498414	0.00018009849753498414	3.569046853651373e-5	3.569046853651373e-5	6.965222742414803e-6	6.965222742414803e-6	5.09098663128494e-6
