0.5977571603966845	0.5168099039375116	0.6080323219460583	0.5271340033857224	0.6060657623725495	0.5356564591816579	0.5940728976083548	0.5438002788563303	0.5998511065852081	0.548160881367485
0.6039724063720053	0.5202203414969367	0.6029733417268236	0.5152570191726511	0.6128848283727388	0.5108745852786555	0.6067487893449328	0.5086595000042429	0.5995900640999273	0.5076106781413671
0.6054764986844586	0.5471512515727509	0.593341694192577	0.533288648401332	0.6107497267385954	0.5230444781957294	0.6106742086303057	0.5193094692982952	0.6164439346254965	0.5173747309505649
0.6253276497696485	0.5621586044043636	0.5975882727244972	0.5648200766858266	0.607646832344703	0.5626802911266332	0.6058651937197946	0.5611712715251809	0.6096181793362648	0.5612165256797061
0.6022242742837687	0.5332358520079281	0.6144661303172158	0.5259614833558419	0.6134662446189623	0.5198638359676413	0.596022229252991	0.5148928103225988	0.6047534257972438	0.5131582003701529
0.45966611230319426	0.5086416562137042	0.46542020912906934	0.4968694231809351	0.46682196191854886	0.4895704905295792	0.46723948567516416	0.4849920699003847	0.46095727333810915	0.48496014325051284
0.45966611230319426	0.5557044575635844	0.4692507735196478	0.5404540322180998	0.4601531286908011	0.5324448573256764	0.47451657726478763	0.5297894567497152	0.46104869218966116	0.5275300472889389
0.45966611230319426	0.544832208008666	0.467799160786473	0.5297523448641466	0.47076664586995576	0.5240788404750953	0.4613597402294126	0.5202821845277573	0.46903136631296294	0.5192572443953191
0.467415064703309	0.5697066462908843	0.4603660815364916	0.567888734079293	0.46021111948809645	0.5592422787991931	0.4664040206976514	0.5509888003320581	0.4702443982470096	0.5475196091081728
0.4751916837080734	0.5424242170435449	0.4697683504116884	0.527623344867514	0.46012599128739756	0.5175947498873439	0.46956810561281453	0.5138842306985382	0.4702076145407121	0.5116430727011317
0.45966611230319426	0.50882638571146	0.460237068539512	0.5040885157940883	0.4600762058863155	0.49925671039365993	0.4613069244973421	0.4961356920338791	0.4609673362288395	0.49471642358458046
0.45966611230319426	0.5387062144700849	0.46030037064405477	0.5464369406347128	0.467649607210489	0.5528906244221089	0.46142104604591966	0.5509446550492668	0.4610960779382587	0.549722937488387
0.45966611230319426	0.4911792100435554	0.4601997016753909	0.48726701462062805	0.46004065519921006	0.4842168964158149	0.46617737159255745	0.4826070353868724	0.46095144485599304	0.4828806564719055
0.4676564216468154	0.5404623644744526	0.4603040917068476	0.5488061604948271	0.47316808289232054	0.5514425209067703	0.4702133404115044	0.5486550616533605	0.4701557561552513	0.5475969730787338
0.45966611230319426	0.5128123599318436	0.4668754802881442	0.5133616525458758	0.4600995723304441	0.5149132754378832	0.47150305377740326	0.5171972742292703	0.4679220869983679	0.5179825221510306
0.46837114537767743	0.502810386106941	0.46470965778128215	0.4934261209223977	0.4697365716665537	0.4905468317132199	0.4612994156609218	0.4914133803209534	0.46098046337751836	0.49083169348888767
0.4717452838025367	0.5312016522222818	0.46028445863274237	0.5396829346571427	0.46691600032549424	0.5472622347070153	0.4614090452302952	0.5463861225259345	0.46107557004196303	0.5459442791613791
0.45966611230319426	0.49009750655465895	0.4683320800378712	0.4870694321960341	0.46985910325592395	0.4847697807268857	0.46127607813522087	0.48402331569490725	0.4709584137062571	0.4836867937900205
0.4702123475048477	0.5544892611102891	0.46033381330323336	0.5523943457199929	0.46997150349859257	0.5504824894262553	0.4614159211195868	0.5492688500703745	0.4610817908002241	0.5482307084042289
0.45966611230319426	0.5179657833112586	0.47177598015775585	0.5222622471082004	0.4601145382986493	0.5294732308307161	0.46137116605828987	0.5360894439000327	0.4673975717817499	0.5401429248981244
0.47081951369329184	0.559564747313265	0.46034455585873413	0.5682616296737562	0.47316768065164816	0.571889331844018	0.4730884539579736	0.571269976051669	0.46784304783204844	0.5708226992771774
0.45966611230319426	0.5488423664280715	0.4737294015898898	0.5344092231203286	0.4601403328476187	0.5224702445533665	0.4613657782204605	0.5186262574592974	0.4703095627971749	0.5173692609792769
0.45966611230319426	0.5542530561852391	0.4684966198210032	0.5511011520221152	0.46017561425692394	0.5465861321725307	0.46141639976649174	0.5437448487842703	0.46108936078096496	0.5426134501138792
0.45966611230319426	0.5516648666150296	0.4654649112590066	0.5498728204268946	0.47241060717147276	0.5478917202442484	0.46141040751279794	0.5432246091994339	0.47714285090259934	0.5403206779503591
0.46872937741393456	0.5308856148217005	0.4602838413226069	0.519602120556736	0.4711227955704654	0.5139933532706464	0.4613524435836673	0.5105117098239259	0.46101127181661994	0.5090597131367453
0.4703645920998033	0.5503234692728722	0.46032497497681746	0.5477180461105767	0.46801308847706896	0.5460935867924296	0.46916427526058435	0.5445675128266988	0.4712078567927599	0.5442505829203925
0.4701176537763561	0.5496748242116009	0.4603236565073621	0.5341208390684161	0.4601397337351391	0.5249840559067217	0.47073671989166144	0.5198965572435542	0.4610298087557059	0.5176046278166273
0.4665821449122262	0.5518303761323513	0.46032821301009585	0.5367017426859697	0.4601451815708206	0.5271942790733873	0.4729345033125375	0.5233722656883412	0.47199631986643303	0.5215928307666973
0.45966611230319426	0.5582068845788901	0.46977480714342207	0.5562626235548255	0.4601865306394424	0.5542873142756428	0.47185121941502284	0.5478577492669569	0.47229750798664955	0.5444339062581648
0.46914182973713936	0.5110155277400168	0.4602417389849615	0.508589585188137	0.4690429711200514	0.5061029903213675	0.4691684733613284	0.5052672822605686	0.4661689091328085	0.5048657151604455
0.45966611230319426	0.5414604510284214	0.4603062175218712	0.5484530581308906	0.46792919652964154	0.5553011496562603	0.4729317961121754	0.5612801512286917	0.4611162892261827	0.5601054154263801
0.45966611230319426	0.549587602503835	0.4667240290712277	0.5364842564978479	0.46014474332976657	0.5289526803668118	0.4709782021485109	0.5242663808595874	0.4610369497538179	0.5222499801616692
0.46603145415448155	0.5186816249626316	0.4726102722756099	0.5150924743024717	0.4735942375349576	0.5129454824855139	0.4692783602271861	0.5122767064163062	0.4610144881992575	0.5125963079250454
0.45966611230319426	0.5553138020554345	0.4691737638480462	0.5507475264418604	0.47380295453858084	0.5425065265358483	0.47000596961000934	0.5344119567841927	0.461062395954808	0.5326948513664316
0.45966611230319426	0.5281679972711186	0.4677899924215697	0.5204863441030071	0.4601108931517029	0.5145800789286498	0.4692557325754076	0.510538527342863	0.46101078520947425	0.509123016360052
0.4633722501180181	0.5674478851019168	0.4603613067727364	0.553934853233578	0.4711294992231367	0.5411603481443855	0.4613960930089852	0.5345528225213818	0.46106267149404695	0.5319099844086915
0.45966611230319426	0.547145543906192	0.4603182857396931	0.5395243245023685	0.4601511513869474	0.5246645005863293	0.4613609866263389	0.5204678458832381	0.4669045742837714	0.5181664747959138
0.466563915195506	0.5201780791993094	0.46573888072768627	0.5100666296347229	0.460095638862235	0.501413289364608	0.46132092110820566	0.49589600926914784	0.4704228397749099	0.49348561548031367
0.4737199538442691	0.5265399448120145	0.4672411736567149	0.5191129156363701	0.4688195978723337	0.5129547425475602	0.46701439884001483	0.5086126412360834	0.4683109165640131	0.50677553774331
0.45966611230319426	0.5516814106303622	0.4704902131122394	0.546760650222712	0.46016643419391673	0.5422110806797685	0.461409777987075	0.535047354950419	0.46745495523169267	0.5318375870168472
0.4689718089312958	0.5569249292848499	0.4603389971669682	0.550996200879738	0.4669517467049485	0.5384200186858901	0.4684327821936805	0.529824130425524	0.4610507511626797	0.5275331058554381
0.45966611230319426	0.5542661610775198	0.46033334056313896	0.5508599708715658	0.460175081765483	0.5464738783714874	0.46141770890024214	0.543763161331961	0.4610788882462508	0.5424127357167575
0.45966611230319426	0.5432125387865347	0.47618942527660524	0.5518723934424511	0.4601772003800205	0.5603590516568451	0.4714328787631255	0.5604208067823577	0.46110580083729036	0.5601279879208995
0.4792764399798843	0.5593841284098237	0.4603438617433869	0.5457623779050158	0.4601643449917562	0.5362216784391529	0.4759080853538475	0.5339394140446727	0.46106073682402177	0.5324685767256567
0.4711114469184149	0.5419057564247608	0.46030720450615137	0.5335571415239487	0.46013853952403755	0.525780362245849	0.4676304538641757	0.5216189269618836	0.4696466205480894	0.519721941719756
0.4690529639377595	0.5562873003697155	0.4712915932939296	0.5566808617088055	0.47119127322019766	0.552613109500282	0.46922020087139205	0.5502012534740953	0.46109513875163866	0.5490393575537893
0.47079527102874236	0.5636079428047427	0.460353181336483	0.5496922459545078	0.47003014640539365	0.5440829397204253	0.46870322063570286	0.5412228091866085	0.46107396228184055	0.5403304810237239
0.45966611230319426	0.5400828248639288	0.4682657099645269	0.5242933067181543	0.4686578932149732	0.5165006956883313	0.469041309054637	0.5127373350413508	0.4731254860889711	0.5114779995578628
0.45966611230319426	0.5518339695094138	0.4603282206245411	0.5460309210079123	0.46016491296551837	0.5320933195981983	0.47344456390086465	0.5273821278337696	0.4687161296366346	0.5260233529213135
0.45966611230319426	0.525145366533151	0.47043689053290794	0.5335651301562677	0.46702444845493296	0.5413432190309205	0.46139644876822183	0.5483125649271313	0.461085619944568	0.5500048028374651
0.45966611230319426	0.5534173671094592	0.4706719554570356	0.5488621609321764	0.46017088996628497	0.5400462729799317	0.4702289421235565	0.530692360978003	0.4739368972604891	0.5280240730061438
0.45966611230319426	0.5220098866093685	0.46782412590461014	0.5311852505007578	0.46013344027861675	0.5407810454463826	0.47135520616211674	0.5466141016798969	0.47161079645176107	0.5484005660128084
0.45966611230319426	0.516681152114853	0.4602536814030049	0.5174919412984154	0.46010449239193973	0.522449259761478	0.46947756441594046	0.5293810339980868	0.46886478052524605	0.5321966100851477
0.45966611230319426	0.5353745767485545	0.46029335363351404	0.5241214096233012	0.46994393645823634	0.5187644848298665	0.4613603508287669	0.5154501937004788	0.4610192610053955	0.5139542473547783
0.46660874283164494	0.523742453077006	0.4602686782299862	0.5162928636787983	0.46524222669995763	0.5102977355706455	0.4693238339757726	0.506723088506577	0.4610003581670187	0.5052236806054285
0.45966611230319426	0.5419097451489685	0.46030719095039774	0.5280663917692833	0.465648657730063	0.5167521924503511	0.4700475338087538	0.5127013319474254	0.4610030094942379	0.5109653833458779
0.45966611230319426	0.5005193236594874	0.4602194068870831	0.501637974153962	0.4600709137965588	0.5068815384690564	0.4613230890494757	0.5132724762871798	0.4610042325050604	0.5172242949297445
0.46628468991214306	0.5419446058056872	0.4603072758257354	0.5265270052385341	0.4601236724893409	0.5202709146606868	0.4613516362398924	0.5168220875844011	0.47252372186562686	0.5151688340800078
0.47313054967715495	0.5580383231616011	0.46690681355085756	0.5535565225496958	0.4601808185249186	0.5486211158274797	0.47064490654366015	0.5424065535275299	0.4707906204490505	0.5411906688962088
0.45966611230319426	0.525363931496563	0.4602721144320883	0.5185373315203546	0.4725189526714686	0.512066833490669	0.46134588485019884	0.5083264015224636	0.46100374139771017	0.5078591354578844
0.45966611230319426	0.5716234694135683	0.4711645730817798	0.5769429225610088	0.4722548369498416	0.5744869559082943	0.4614753137575183	0.5726832727189448	0.4737455474307665	0.5720496519476904
0.45966611230319426	0.5370620113139217	0.46843710628385854	0.5442904780103345	0.4601611656384122	0.5495607719416937	0.46704669614022676	0.5472491353937078	0.47021517165577925	0.5459278867450981
0.4700141147930498	0.5319339702408669	0.4602860628339499	0.5193713617146964	0.4712936697368012	0.5151599269829924	0.4613428272782134	0.5122733129717371	0.4689941496305152	0.5104656518033581
0.46911070921940906	0.5582108320577747	0.46034172199312967	0.5541192452096351	0.4660460989160354	0.5472034136724541	0.4704405115892012	0.5373677577424825	0.4610680364172213	0.5334237855404039
0.45966611230319426	0.5046423423658575	0.4680162146315098	0.5043476494982435	0.4639738547341892	0.5054892791621661	0.4613324667178805	0.5099797035877659	0.4707710752036558	0.5136247686112992
0.4680915930280039	0.5546249466019374	0.4712830151750783	0.5499153911169626	0.4689498973304606	0.5453422722667559	0.4713048728901092	0.5374239106145096	0.46858421235288267	0.5332571019673618
0.46798627867635123	0.5470310159780243	0.46876767232385846	0.5414276660848125	0.4692949759177668	0.5270354166874213	0.47162171012599347	0.5215898178493706	0.46801534385676924	0.520051307084749
0.47349521101957165	0.5743949160363354	0.4711934136096755	0.5804040683710334	0.46023756522430587	0.578693468235912	0.4716545681359736	0.5773994736814614	0.4611503403860718	0.5764901044788764
0.45966611230319426	0.5278037678708865	0.4602772697344761	0.5355678818111964	0.46014273032013425	0.5470542696574617	0.473216833768682	0.5525881152533432	0.46110101293247674	0.5523808797798712
0.45966611230319426	0.5267580194316358	0.4713298948683732	0.5343124348201201	0.46014008609308105	0.541775808190143	0.4706785965560825	0.5469869277144123	0.4610870585100703	0.548354040966863
0.45966611230319426	0.5229717825784502	0.47271996941622413	0.5133529432133161	0.46910036305340597	0.5051067547017485	0.46922094022264776	0.5005112870874556	0.466121962682011	0.4986042800205217
0.46922273142593723	0.5295887760322864	0.4668030397641328	0.5184631532144276	0.4601066276845023	0.5128543233808148	0.4613491552522099	0.5092585796690569	0.4610071963330473	0.5077379073512998
0.4696174214306975	0.5513980706282661	0.4716648234182828	0.5488371144034275	0.4601708035973347	0.5463147347815703	0.47289854144728266	0.544811864401818	0.4750547271710323	0.5443521521530671
0.47097536031072856	0.5521223880383725	0.46032880936747517	0.5497598199799651	0.46735444132488674	0.5466541592230331	0.4760071482586441	0.5384242284445495	0.46869255264879756	0.5353857133188745
0.4706298453789828	0.5265555402292187	0.46441965742494923	0.5189710590373577	0.46592099360801464	0.5130368378118223	0.46134992252898843	0.5087697847700461	0.4610064267052704	0.5066110342026212
0.4673388470033832	0.5566913863815105	0.4603385022897441	0.5539447656423255	0.46925097775034785	0.5423792053364033	0.46139868697638403	0.533885191612678	0.4742703500388396	0.5306220435668079
0.4662927197587943	0.5707354800726805	0.4731082560668623	0.5677911272501086	0.4717262586470884	0.5560906607781573	0.4663247646358374	0.5483618626337048	0.4610874119541938	0.5451358297151901
0.45966611230319426	0.5159746400297324	0.47100706755641575	0.5123980176847737	0.4600937924922227	0.5084100159817172	0.4761029817506528	0.5054819633312806	0.4727524286095519	0.5048678679335652
0.45966611230319426	0.5246756056197893	0.46027068205075616	0.5137392766604801	0.4600966364623168	0.5080491643620972	0.46760015006852756	0.50423137916451	0.46347638954999404	0.502417789705863
0.45966611230319426	0.5430172479358318	0.46646500576517125	0.5513711909561005	0.46017615178880295	0.5500149377246196	0.47056086999311414	0.5471368453102758	0.4666619459083355	0.5459196218755415
0.4737579911147085	0.5527650495330835	0.46033018237963225	0.5478826063111701	0.4601688182103498	0.5433673046552606	0.4760413060252549	0.5378357993565289	0.4610660070750567	0.5348821476344325
0.4631229162523994	0.554216417519735	0.46033324606293224	0.5574692883277232	0.46018904873766253	0.5554378022754497	0.4676203795320162	0.554316271195402	0.47720069110099644	0.5536499668240393
0.45966611230319426	0.5091754737122616	0.4602377404049834	0.5014308011693406	0.4721617071405302	0.49100963668360315	0.46130358780667	0.48700092787434673	0.460960002761659	0.48688044061193386
0.46843756397467656	0.5516107188733518	0.46032774755138295	0.546844901147457	0.4601666345488145	0.5349681947835431	0.47201623454962577	0.5298843644271203	0.47169735222481957	0.5281472237762083
0.46424904239698717	0.5612166539248019	0.46568304722485393	0.5568913350227843	0.47304465088884284	0.552923895711426	0.4692495323564557	0.5503298941395969	0.47105828170576153	0.5493048046827259
0.45966611230319426	0.5195102961042304	0.4602681201841937	0.5134405156310565	0.46009599039937077	0.508930175018211	0.4726835133530067	0.5064137859439347	0.4610107422734328	0.5055818579558303
0.4683372289446281	0.5373110401243477	0.47009176333865693	0.5219796861030296	0.4651822177582062	0.5147094353233465	0.4666659813374678	0.5106739091906997	0.46101244297265426	0.5098035802331444
0.45966611230319426	0.5588306256673777	0.46034301247517817	0.5567304891914345	0.4681702157137471	0.5548883973145536	0.46142529764815227	0.5515221839698145	0.4610866445459118	0.5482888929079527
0.4634632159112358	0.5546226878304722	0.46033411871752994	0.5499373997150684	0.4601731752393108	0.5372585670979929	0.46138778925229346	0.5316238068041622	0.47129862536361455	0.5304598302978569
0.45966611230319426	0.5535941866168868	0.460331961804823	0.5392657628219806	0.463863517412148	0.5310711152294165	0.46913081541126195	0.5276530945313184	0.47055404228632386	0.526204094116684
0.46726229529140606	0.5440542779583014	0.46031174631753463	0.5290256114120501	0.4725486622743074	0.5212629039835772	0.4738120144098391	0.5175321807792999	0.461023109789038	0.5155525502111137
0.4719082219808148	0.5402904072262269	0.46030377050303417	0.5255236852730666	0.460121550431872	0.5182382176374488	0.4613473102794443	0.5145985192029505	0.4732000116676362	0.5127726539308032
0.4661774606455058	0.553002796970232	0.46033066354424335	0.5522638138962147	0.4682095639498251	0.5478813316339368	0.4614103854040249	0.5451998448941213	0.4610847065495792	0.543950878789625
0.45966611230319426	0.501435944475011	0.4602213635202371	0.5034829962488524	0.46615703302107214	0.5037250046642593	0.46133018676586124	0.5033516495603381	0.46904804344861584	0.5041570970772985
0.46901694732687027	0.5524183383425596	0.47336097500759833	0.547596915876282	0.46016820287741367	0.5427838417577878	0.46139954812207495	0.5348123640936248	0.4656071324902392	0.5307585848344495
0.45966611230319426	0.5449685831524248	0.47087125596461693	0.5293395214680767	0.47440281778321064	0.5230013415892019	0.46136732234922095	0.5193748856481839	0.4610307319103996	0.5178073453096199
0.4689188905996232	0.5228107963454697	0.4602666690460313	0.5281051318745342	0.4725167869596409	0.5386900107850049	0.47143903559348993	0.5455782345631075	0.4724467590851637	0.547873323681854
0.46955137650919604	0.543736894218495	0.4603110627257951	0.5283060295368524	0.4692784409003478	0.5175308400944646	0.4613555209072919	0.5137952139515045	0.46101922735261763	0.512247901998247
0.45966611230319426	0.5258873193279858	0.47089603244451717	0.5194833865347933	0.46011397318268826	0.5133620298178256	0.46908551315710606	0.5101363554146537	0.46674341392462776	0.5083870914411136
0.45966611230319426	0.5581145229289078	0.46034151791426675	0.5538340087675485	0.4601813941823225	0.5468262115814506	0.4614081510761036	0.5366708793589309	0.4610546654688284	0.5336799463263766
