0.0005	0.00213707375808768	0.00213707375808768	0.004129500311549188	0.004129500311549188	0.005076302099097614	0.005076302099097614	0.006131027653788052	0.006131027653788052	0.007746927018758583
0.0005	0.003712122085386931	0.003712122085386931	0.007699569477046272	0.007699569477046272	0.010579889225603588	0.010579889225603588	0.013862050273986517	0.013862050273986517	0.016424853429320454
0.0005	0.004482072157416515	0.004482072157416515	0.008683498736460429	0.008683498736460429	0.01143071992868948	0.01143071992868948	0.01464494243857254	0.01464494243857254	0.017628189950430393
0.0005	0.0048396735296461005	0.0048396735296461005	0.009593072856410749	0.009593072856410749	0.012932846337985455	0.012932846337985455	0.016266745646414994	0.016266745646414994	0.018702368293423078
0.0005	0.004277948225985962	0.004277948225985962	0.007612262705305525	0.007612262705305525	0.01065959191431776	0.01065959191431776	0.013086271943696728	0.013086271943696728	0.01618416932732263
0.0005	0.000411423828442673	0.000411423828442673	0.00022997062065230003	0.00022997062065230003	0.0002396527243259133	0.0002396527243259133	0.00023887734683626595	0.00023887734683626595	0.00024559659576985814
0.0005	0.00017938419927437097	0.00017938419927437097	0.00016748777333434805	0.00016748777333434805	0.00017420968054936451	0.00017420968054936451	0.00017824192400313013	0.00017824192400313013	0.0001694811747187319
0.0005	0.00017357906658950123	0.00017357906658950123	0.0001540639299986187	0.0001540639299986187	0.0001582889390599024	0.0001582889390599024	0.00016055534545089307	0.00016055534545089307	0.00021605110555231668
0.0005	0.001352519275622407	0.001352519275622407	0.00042917577370363237	0.00042917577370363237	0.0002745986803027495	0.0002745986803027495	0.00026394099721289803	0.00026394099721289803	0.0003062864374535119
0.0005	0.00023865133101502828	0.00023865133101502828	0.00021691424546245165	0.00021691424546245165	0.00019943164190458065	0.00019943164190458065	0.00018719406533765584	0.00018719406533765584	0.00019837269821526657
0.0005	0.00016884923923372598	0.00016884923923372598	0.0001609024511541292	0.0001609024511541292	0.00016302224858400914	0.00016302224858400914	0.0001697998128668619	0.0001697998128668619	0.00018357643848629832
0.0005	0.00021997887740349235	0.00021997887740349235	0.000162752545260237	0.000162752545260237	0.00016278708398540453	0.00016278708398540453	0.0002017429822321168	0.0002017429822321168	0.00015786364375023387
0.0005	0.0003052040262854005	0.0003052040262854005	0.00022293901736427537	0.00022293901736427537	0.00025891768787448535	0.00025891768787448535	0.00024386642087702691	0.00024386642087702691	0.00024026965851534592
0.0005	0.00028454574970020603	0.00028454574970020603	0.0002856678882835748	0.0002856678882835748	0.00028105284954311	0.00028105284954311	0.0002606119198110868	0.0002606119198110868	0.00024857221677758527
0.0005	0.0003197015436854842	0.0003197015436854842	0.00029147324814563543	0.00029147324814563543	0.0002938041830074121	0.0002938041830074121	0.0002692853468415256	0.0002692853468415256	0.0002853184735531719
0.0005	0.0009321153883596187	0.0009321153883596187	0.0008775360442300241	0.0008775360442300241	0.00029055304508796535	0.00029055304508796535	0.0002742228041129884	0.0002742228041129884	0.000293015529820009
0.0005	0.00029833850240481815	0.00029833850240481815	0.00023517151882307543	0.00023517151882307543	0.00029316664974289895	0.00029316664974289895	0.0002083068353428382	0.0002083068353428382	0.0002565391981599317
0.0005	0.0002607526771630002	0.0002607526771630002	0.00025025475186615624	0.00025025475186615624	0.00025259626409021324	0.00025259626409021324	0.00024304459790135	0.00024304459790135	0.0002177235419751913
0.0005	0.00026512640844773074	0.00026512640844773074	0.00024923843490875185	0.00024923843490875185	0.00024698445328375944	0.00024698445328375944	0.00024401812454924067	0.00024401812454924067	0.0001874029158824901
0.0005	0.0005328373087960727	0.0005328373087960727	0.000525309232348393	0.000525309232348393	0.0006527178522496386	0.0006527178522496386	0.0003018035909228027	0.0003018035909228027	0.00021264264016230929
0.0005	0.00020451495959601142	0.00020451495959601142	0.00017596247017488803	0.00017596247017488803	0.000185723719904188	0.000185723719904188	0.00020042312791192102	0.00020042312791192102	0.00019333360158590025
0.0005	0.00023375852805179373	0.00023375852805179373	0.00022758148245532038	0.00022758148245532038	0.00020067993645932856	0.00020067993645932856	0.00022527197557993385	0.00022527197557993385	0.0002382951916337564
0.0005	0.00027381432660838204	0.00027381432660838204	0.00023693520581630312	0.00023693520581630312	0.00021912924798350036	0.00021912924798350036	0.00022999980569406828	0.00022999980569406828	0.0002439408340292399
0.0005	0.000261392608818683	0.000261392608818683	0.0002535229715522546	0.0002535229715522546	0.0002553679237069119	0.0002553679237069119	0.00025638052883338784	0.00025638052883338784	0.0002357540375714554
0.0005	0.0008095568186833772	0.0008095568186833772	0.0008574193120004876	0.0008574193120004876	0.00041561895737675386	0.00041561895737675386	0.00030141516603061317	0.00030141516603061317	0.00029448698430287944
0.0005	0.000193374118437482	0.000193374118437482	0.00021021268835869555	0.00021021268835869555	0.00017051596688381698	0.00017051596688381698	0.000204760002427687	0.000204760002427687	0.00022452637437460747
0.0005	0.0003350200250438346	0.0003350200250438346	0.00030131397904420356	0.00030131397904420356	0.0002842957348987401	0.0002842957348987401	0.0002810667857655287	0.0002810667857655287	0.0003128921375574831
0.0005	0.0005774854103939	0.0005774854103939	0.00026521328863608865	0.00026521328863608865	0.0005857098020573599	0.0005857098020573599	0.0002989910350324001	0.0002989910350324001	0.00027773393293694363
0.0005	0.0005362406302458819	0.0005362406302458819	0.00028285664549556705	0.00028285664549556705	0.00018101775003615675	0.00018101775003615675	0.0001733738712995632	0.0001733738712995632	0.00017321460433805232
0.0005	0.00042464526007648164	0.00042464526007648164	0.0002928648995168438	0.0002928648995168438	0.00028796664256062034	0.00028796664256062034	0.00025809940068076696	0.00025809940068076696	0.0002578368244090474
0.0005	0.00017355190020870422	0.00017355190020870422	0.00015493402936676406	0.00015493402936676406	0.00015621133645218018	0.00015621133645218018	0.00017208884305067507	0.00017208884305067507	0.0001817043519450443
0.0005	0.000245581795015637	0.000245581795015637	0.0002480778519544217	0.0002480778519544217	0.00024263373428039218	0.00024263373428039218	0.00029530883326632664	0.00029530883326632664	0.00030915960405474685
0.0005	0.00016691622894933497	0.00016691622894933497	0.00015396430268012096	0.00015396430268012096	0.00015672618806441538	0.00015672618806441538	0.00017614848259818211	0.00017614848259818211	0.00019754336554356433
0.0005	0.00019435100364412298	0.00019435100364412298	0.0001588182807291533	0.0001588182807291533	0.0002480245124944711	0.0002480245124944711	0.00020809890219733538	0.00020809890219733538	0.00043278243598380905
0.0005	0.000392420980370577	0.000392420980370577	0.0002775978626155907	0.0002775978626155907	0.00025126978061592854	0.00025126978061592854	0.00024910004674995133	0.00024910004674995133	0.000253007756999142
0.0005	0.0002821187575178917	0.0002821187575178917	0.0002535257249669726	0.0002535257249669726	0.00024891803279543167	0.00024891803279543167	0.0002490425499643578	0.0002490425499643578	0.0002507457860227841
0.0005	0.00018199431298957343	0.00018199431298957343	0.00015288067276041683	0.00015288067276041683	0.0001546661871893207	0.0001546661871893207	0.0001632632148784728	0.0001632632148784728	0.00016237652375568907
0.0005	0.0006354029266024526	0.0006354029266024526	0.0002928850418293994	0.0002928850418293994	0.00042908713885201537	0.00042908713885201537	0.00021512061067111354	0.00021512061067111354	0.0002511236740774064
0.0005	0.00032846849153640674	0.00032846849153640674	0.0002898315029472877	0.0002898315029472877	0.0002627210431037954	0.0002627210431037954	0.00025422148224204686	0.00025422148224204686	0.0002493118441634154
0.0005	0.00020210600867850742	0.00020210600867850742	0.00016095435867364934	0.00016095435867364934	0.0001611648765566784	0.0001611648765566784	0.0001702295770680253	0.0001702295770680253	0.0001663831657064342
0.0005	0.0001878837311370464	0.0001878837311370464	0.0001931106891296913	0.0001931106891296913	0.00019175181658877106	0.00019175181658877106	0.00018920227197339714	0.00018920227197339714	0.00020720651790379752
0.0005	0.00025446729249217276	0.00025446729249217276	0.0002028276128837526	0.0002028276128837526	0.0002769669765914546	0.0002769669765914546	0.0002182568695412552	0.0002182568695412552	0.00022845702409677552
0.0005	0.00062575648474936	0.00062575648474936	0.00020055359274689008	0.00020055359274689008	0.00015778657942888355	0.00015778657942888355	0.00018283791608887266	0.00018283791608887266	0.00019844573102361282
0.0005	0.00020229158832854021	0.00020229158832854021	0.00019096049946714608	0.00019096049946714608	0.00018088605484611688	0.00018088605484611688	0.00021973079857494268	0.00021973079857494268	0.0001989422242478779
0.0005	0.00027439488473916937	0.00027439488473916937	0.0002543012208638403	0.0002543012208638403	0.00022292695448085855	0.00022292695448085855	0.00022627305359674285	0.00022627305359674285	0.00023061786894897546
0.0005	0.00027255547046533223	0.00027255547046533223	0.00028336672248412207	0.00028336672248412207	0.000255744142591724	0.000255744142591724	0.0002535334528924834	0.0002535334528924834	0.0002660308225867775
0.0005	0.00016915428579659735	0.00016915428579659735	0.0001573179347882615	0.0001573179347882615	0.0001586140936634905	0.0001586140936634905	0.0002112780161669866	0.0002112780161669866	0.00028293754423823296
0.0005	0.00016593726315816026	0.00016593726315816026	0.00015402424723751836	0.00015402424723751836	0.00015845711247971302	0.00015845711247971302	0.000176002842492527	0.000176002842492527	0.0002038434614106711
0.0005	0.0003099917696048771	0.0003099917696048771	0.00032822229477207397	0.00032822229477207397	0.0003412365531703063	0.0003412365531703063	0.0003260655038978654	0.0003260655038978654	0.0003444204247646815
0.0005	0.00023671262721693638	0.00023671262721693638	0.00026218328835275474	0.00026218328835275474	0.00028885515013768047	0.00028885515013768047	0.00027770787887856994	0.00027770787887856994	0.00030800417724726067
0.0005	0.0005536220259467088	0.0005536220259467088	0.00022000722098833737	0.00022000722098833737	0.00023273034049283738	0.00023273034049283738	0.00024167223769057142	0.00024167223769057142	0.0002647131468330469
0.0005	0.00028412065937580955	0.00028412065937580955	0.00030547231269549037	0.00030547231269549037	0.0002860086308911389	0.0002860086308911389	0.0002853133919386953	0.0002853133919386953	0.00028229445040588955
0.0005	0.0010442319927885379	0.0010442319927885379	0.0009953991347247542	0.0009953991347247542	0.000692459437565039	0.000692459437565039	0.00029794388272518717	0.00029794388272518717	0.0002835471039903787
0.0005	0.00017068683457806695	0.00017068683457806695	0.00015318939504880774	0.00015318939504880774	0.00015577490373801256	0.00015577490373801256	0.0001976073320199465	0.0001976073320199465	0.00016727360447915785
0.0005	0.000461500160609946	0.000461500160609946	0.00020192370856079203	0.00020192370856079203	0.00021860849790745807	0.00021860849790745807	0.00022888258552750189	0.00022888258552750189	0.00025798144250356266
0.0005	0.0002282637825868378	0.0002282637825868378	0.00021392602957060052	0.00021392602957060052	0.0001902438239535761	0.0001902438239535761	0.00020085685820943469	0.00020085685820943469	0.00020658216245811992
0.0005	0.00025297451172723784	0.00025297451172723784	0.0002244941804690032	0.0002244941804690032	0.00022817387384204855	0.00022817387384204855	0.000245358650554103	0.000245358650554103	0.00021711309439166124
0.0005	0.00022383811031062882	0.00022383811031062882	0.00021623496253938196	0.00021623496253938196	0.00023839355102694474	0.00023839355102694474	0.00020605479691253374	0.00020605479691253374	0.00015799468267292392
0.0005	0.00048064281706427793	0.00048064281706427793	0.0002702757881728696	0.0002702757881728696	0.0002531798446630838	0.0002531798446630838	0.00024589788046288155	0.00024589788046288155	0.00022531042221244098
0.0005	0.0001913880185804808	0.0001913880185804808	0.0001608895165155542	0.0001608895165155542	0.00017524587103467487	0.00017524587103467487	0.0001966174145424437	0.0001966174145424437	0.00018658685507868386
0.0005	0.00027439735126842094	0.00027439735126842094	0.00027685685074538627	0.00027685685074538627	0.00026128653872394464	0.00026128653872394464	0.0002625902941932086	0.0002625902941932086	0.0002822461550093314
0.0005	0.00019927315350094473	0.00019927315350094473	0.00021184272780903419	0.00021184272780903419	0.0002194335134086321	0.0002194335134086321	0.00019662970298369784	0.00019662970298369784	0.00023166503447190595
0.0005	0.0001781513421629741	0.0001781513421629741	0.0001522401713639957	0.0001522401713639957	0.00015352208909783508	0.00015352208909783508	0.00026408140053237695	0.00026408140053237695	0.00019538801999903802
0.0005	0.000159148636824225	0.000159148636824225	0.00016727074573234734	0.00016727074573234734	0.00016104758304677546	0.00016104758304677546	0.00017264198813563862	0.00017264198813563862	0.00016883940011093053
0.0005	0.0002105524694610134	0.0002105524694610134	0.00020457902538295917	0.00020457902538295917	0.00023048016151027033	0.00023048016151027033	0.00023378854251130833	0.00023378854251130833	0.00027271356579232006
0.0005	0.00016894578223749116	0.00016894578223749116	0.00017381906208561516	0.00017381906208561516	0.00016519822461055666	0.00016519822461055666	0.0001621613578010772	0.0001621613578010772	0.00018568216392898372
0.0005	0.0003008527835097722	0.0003008527835097722	0.000307577012345009	0.000307577012345009	0.0003053325445971632	0.0003053325445971632	0.0002853642758679432	0.0002853642758679432	0.00028297253340259313
0.0005	0.00017846037170272464	0.00017846037170272464	0.0001995541447851257	0.0001995541447851257	0.00027077677751297086	0.00027077677751297086	0.0002792489215949273	0.0002792489215949273	0.00028329986107491876
0.0005	0.0005765868397970005	0.0005765868397970005	0.0003745655127793718	0.0003745655127793718	0.00022971323581537833	0.00022971323581537833	0.00023846733390232391	0.00023846733390232391	0.00027471830700188937
0.0005	0.0006181783716987958	0.0006181783716987958	0.00018359998600916763	0.00018359998600916763	0.00018671546061514542	0.00018671546061514542	0.0002101906126394113	0.0002101906126394113	0.00022814624967922357
0.0005	0.0002566563617455044	0.0002566563617455044	0.00030388560201909765	0.00030388560201909765	0.0002343867567974246	0.0002343867567974246	0.0002680355536036666	0.0002680355536036666	0.00021361848206001075
0.0005	0.0010685588030886811	0.0010685588030886811	0.0007941444449864122	0.0007941444449864122	0.0002834307339389826	0.0002834307339389826	0.0002791979276934028	0.0002791979276934028	0.0003069306756889906
0.0005	0.0006931956992992619	0.0006931956992992619	0.00014904584282026214	0.00014904584282026214	0.0001699089401608373	0.0001699089401608373	0.00018610471119059622	0.00018610471119059622	0.00019495044265956693
0.0005	0.00034482722494723794	0.00034482722494723794	0.0003087604091913545	0.0003087604091913545	0.0002847172231693072	0.0002847172231693072	0.00029219625180460553	0.00029219625180460553	0.00029587227263032535
0.0005	0.0002459090915899336	0.0002459090915899336	0.00016343918590383522	0.00016343918590383522	0.0001653695834610502	0.0001653695834610502	0.00017254193992725792	0.00017254193992725792	0.0001718007922487595
0.0005	0.00016583127572907945	0.00016583127572907945	0.0001619259324831069	0.0001619259324831069	0.00016455661572549056	0.00016455661572549056	0.00020611547962161308	0.00020611547962161308	0.0001872064827819835
0.0005	0.0002190421416500024	0.0002190421416500024	0.00019537626643986822	0.00019537626643986822	0.00025239624817797296	0.00025239624817797296	0.0002599035803882164	0.0002599035803882164	0.00022524187419405292
0.0005	0.0002230825289148756	0.0002230825289148756	0.00030966212139507324	0.00030966212139507324	0.00028839805224417013	0.00028839805224417013	0.0002762514786552603	0.0002762514786552603	0.0002704674589230882
0.0005	0.00029943363380585447	0.00029943363380585447	0.00022940781484439863	0.00022940781484439863	0.000227866794264324	0.000227866794264324	0.0002405262694807292	0.0002405262694807292	0.0002507622994804837
0.0005	0.00033182619094335256	0.00033182619094335256	0.00046329474776193386	0.00046329474776193386	0.0003643705637772723	0.0003643705637772723	0.00042685042129090586	0.00042685042129090586	0.0003065888742893005
0.0005	0.00034488361040142736	0.00034488361040142736	0.00022082231366763952	0.00022082231366763952	0.00022584600004844514	0.00022584600004844514	0.0002278354128758706	0.0002278354128758706	0.00022806462674893245
0.0005	0.00020389378222113665	0.00020389378222113665	0.00024371648213907554	0.00024371648213907554	0.0002602669616237361	0.0002602669616237361	0.00021473279193750684	0.00021473279193750684	0.00021893504756277153
0.0005	0.00024297250781260443	0.00024297250781260443	0.0002073258249202211	0.0002073258249202211	0.0002245769931755525	0.0002245769931755525	0.00023052822342927324	0.00023052822342927324	0.00024136955238287697
0.0005	0.00018785405547240176	0.00018785405547240176	0.00016937329738660724	0.00016937329738660724	0.00016442028336569408	0.00016442028336569408	0.00017820566187519123	0.00017820566187519123	0.0001673024654511965
0.0005	0.00018705496503524798	0.00018705496503524798	0.00020393008916880576	0.00020393008916880576	0.0002155165054170265	0.0002155165054170265	0.0002453565134548712	0.0002453565134548712	0.0003243192986090302
0.0005	0.00017422568197197528	0.00017422568197197528	0.00023930634463592988	0.00023930634463592988	0.00040885935818591455	0.00040885935818591455	0.0002985171892465596	0.0002985171892465596	0.00029844497433327154
0.0005	0.00021952792905362072	0.00021952792905362072	0.00016302361195955317	0.00016302361195955317	0.00016434275476677444	0.00016434275476677444	0.0001866703503176529	0.0001866703503176529	0.00017978783847429308
0.0005	0.00019666577131916728	0.00019666577131916728	0.0002431705301965196	0.0002431705301965196	0.00021700273908101695	0.00021700273908101695	0.0002640736124584152	0.0002640736124584152	0.00029565429663410135
0.0005	0.00032791005642028803	0.00032791005642028803	0.0003053721271262282	0.0003053721271262282	0.0003087463714612162	0.0003087463714612162	0.00033521241452260693	0.00033521241452260693	0.00032390008376351133
0.0005	0.00017548480024490268	0.00017548480024490268	0.00022559358204884812	0.00022559358204884812	0.00024109178025369732	0.00024109178025369732	0.00020412565562071778	0.00020412565562071778	0.000207256006225291
0.0005	0.00028199586106790404	0.00028199586106790404	0.0002517063898231438	0.0002517063898231438	0.0002123798026976336	0.0002123798026976336	0.00022799512414277398	0.00022799512414277398	0.0002762026274205354
0.0005	0.00016731847795295481	0.00016731847795295481	0.0001648379839923272	0.0001648379839923272	0.0001716964792920082	0.0001716964792920082	0.0002105058456185356	0.0002105058456185356	0.00023050984722346768
0.0005	0.00030114875062972336	0.00030114875062972336	0.00024371161917918711	0.00024371161917918711	0.00022815399607999866	0.00022815399607999866	0.00023361612486341016	0.00023361612486341016	0.000276008646160255
0.0005	0.00015947845387346754	0.00015947845387346754	0.00015449676240274286	0.00015449676240274286	0.00015607654168867482	0.00015607654168867482	0.00015952373242344382	0.00015952373242344382	0.00018852930428256298
0.0005	0.00028406617394201403	0.00028406617394201403	0.00023921447908608934	0.00023921447908608934	0.0002750806219315019	0.0002750806219315019	0.00023777974820915793	0.00023777974820915793	0.0003066486030278992
0.0005	0.00030415778352413457	0.00030415778352413457	0.0002956554503772176	0.0002956554503772176	0.00028286765318366933	0.00028286765318366933	0.00027914807695626266	0.00027914807695626266	0.0002678260838513719
0.0005	0.0007098469227512225	0.0007098469227512225	0.0003072463495892225	0.0003072463495892225	0.00029856508831482473	0.00029856508831482473	0.0002653624649857848	0.0002653624649857848	0.0002809848858694789
0.0005	0.0006886487566656603	0.0006886487566656603	0.00020998536900945815	0.00020998536900945815	0.0002120660665126166	0.0002120660665126166	0.00021038426967292408	0.00021038426967292408	0.00020828963957068446
0.0005	0.00020613605284523632	0.00020613605284523632	0.00024079531520280388	0.00024079531520280388	0.0002218848742475814	0.0002218848742475814	0.00020120783804365147	0.00020120783804365147	0.0002527419949121245
0.0005	0.0003828234545517752	0.0003828234545517752	0.0004937119438049818	0.0004937119438049818	0.00030055095770918324	0.00030055095770918324	0.00025973668040470176	0.00025973668040470176	0.0003010925307260938
