0.5967905517235509	0.6255557118064881	0.6038351517754523	0.5997224765499666	0.600984189845136	0.5884471326733842	0.6053311018953104	0.578470523872807	0.5981007445567202	0.5706444246333239
0.603841335363746	0.6330945221086317	0.6064343141306957	0.624855034144694	0.6171705836753141	0.6201776070327801	0.6176220916400097	0.6067686354217984	0.6008715099571459	0.5937870473558913
0.6025175803616966	0.6419527144829656	0.605742706107823	0.6097039722245969	0.6149305071705296	0.6052960136320266	0.6152932668525782	0.6067833094111458	0.6163298427066114	0.590279587544334
0.6102224263315488	0.6274137231599883	0.599928380420226	0.6359113129875279	0.6060359259543564	0.6243314538644946	0.6075633791753312	0.6088262380687647	0.6075000891125022	0.5945873808790296
0.6033140566551544	0.6362732740663807	0.6158004407370862	0.6249222349455814	0.6155920510464579	0.6234931839247234	0.601295492952839	0.6091183939985628	0.6047118329910866	0.5990573507244716
0.4596674762385943	0.630882222238427	0.4740712175371953	0.6048634018016991	0.4727851958548361	0.6028371214297877	0.47172131747790497	0.5947654781143809	0.45927841810160963	0.5824982478346835
0.4596674762385943	0.635800745042741	0.47379587284647584	0.6154707360076852	0.46108298220172217	0.6060856266627794	0.4715398812441352	0.5992245093457262	0.45928864383093954	0.5841559589168094
0.4596674762385943	0.6334138502113109	0.4686164057782698	0.6109882784516267	0.47123219727511995	0.6033767746647987	0.4609906398796718	0.5960108440733624	0.4697844008002925	0.5854253284054688
0.4676318836757582	0.6423480838191298	0.46116268432209806	0.6261825138787896	0.4611060610714514	0.6114816598190457	0.4709398131703375	0.6010077587209672	0.4741924642762625	0.5805496475370021
0.4693773580453926	0.6390908114683163	0.47006207714794196	0.6076458104813763	0.461066054592709	0.6029573598804759	0.47301017156008757	0.6012621539328791	0.4648431323276131	0.5851902825187276
0.4596674762385943	0.628018416079957	0.46113269574059934	0.6321497075096222	0.4611190498396989	0.6236357672413012	0.4610340019515878	0.6014395826468983	0.4592915784995208	0.5844674982182835
0.4596674762385943	0.6222356406631439	0.4611205176266077	0.606204274833248	0.4710030833272781	0.5915476649190902	0.4609653316396555	0.5838726850892709	0.4592555746672251	0.5805858315229445
0.4596674762385943	0.6298540984776524	0.4611365561465299	0.6122116281978606	0.4610760294217634	0.5916131190461446	0.4724565989832094	0.5767429535981764	0.4592415823015434	0.5550161940969335
0.4703410673592138	0.6242337241497254	0.4611247054960302	0.6063747383270842	0.4700538791018657	0.5902405272714627	0.47034696437003304	0.5825278425539386	0.46907747249610887	0.575285512831584
0.4596674762385943	0.6357270034871396	0.4646809672529589	0.613523058307992	0.4610835166715817	0.6023299506059178	0.4674491373999041	0.5913771003115568	0.46621837896400026	0.5958876022262692
0.4685796384334683	0.6353402999241132	0.4704684094285625	0.6134640803871467	0.4733133367462584	0.6030676224880314	0.460997297852237	0.587293268141554	0.4592607136774569	0.5885009095464934
0.4690668889809208	0.63383416527997	0.46114481452503886	0.6308765484383325	0.46773703367012925	0.6175302093063183	0.4610208971257249	0.6031682513225274	0.4592951671149891	0.5860259406769712
0.4596674762385943	0.6246596282755082	0.47096960991592585	0.6054677374156893	0.4703467628684558	0.5840360535339816	0.460949302667978	0.5679559186024187	0.46456145171373037	0.5473462498556098
0.4680654971590427	0.6421135652822914	0.4611621927986843	0.6159418375233094	0.4709475990342296	0.5971801196229843	0.4609773799479369	0.5880459064880835	0.4592634025196128	0.5658815752935229
0.4596674762385943	0.6330141054810821	0.4688297702503802	0.6187050218760808	0.46108974438800615	0.6132590715387352	0.46101173601227097	0.6101511768666716	0.46842209768688603	0.5963719795199219
0.471015893793519	0.6333988257556552	0.4611439021050627	0.6306737821980946	0.47496568213866475	0.619198988116662	0.47033774330252315	0.605542759811689	0.46973200739865284	0.5882122542384486
0.4596674762385943	0.6367494346472249	0.4690129968196097	0.6056173770033262	0.4610616730989415	0.5960071010227859	0.4609702493210273	0.5933028480237078	0.4654278535053578	0.5784646271245529
0.4596674762385943	0.6259169116979091	0.470728854095521	0.6081477730732238	0.461067095779192	0.5964070347771403	0.4609838115521989	0.5930127161281545	0.4592696902710803	0.5752174210075607
0.4596674762385943	0.6421199532571452	0.4744567807259429	0.6138497074570043	0.4697169778147422	0.5940813058875865	0.46097075132702997	0.5836146556438595	0.4688390387510721	0.5626740334659331
0.47404992425827347	0.633586050523358	0.46114434035464175	0.6128211261677002	0.4670626720062277	0.6096742787258136	0.4609999187718622	0.5998572837360918	0.4592849856928702	0.5912246426264981
0.4691237305652002	0.6340446201803076	0.46114528108188296	0.6097084913864095	0.4706264611418773	0.5902185368801947	0.4662050719891803	0.5775552396690257	0.4725877901765645	0.559790145154007
0.47077045616490115	0.6348641067751281	0.4611469933973485	0.6126106181036725	0.4610768041875292	0.6056639508067849	0.4739377125691115	0.5974746160004516	0.4592782566916826	0.5730164781533611
0.46726676389759414	0.6419676866802306	0.4611618822785487	0.615797026992141	0.46108366139982343	0.6127605898156553	0.4717359041928942	0.6111840753723137	0.47241991847565973	0.5958690092543484
0.4596674762385943	0.642417858403138	0.4701867174614172	0.6165136181693883	0.46108517765078827	0.5997441422107403	0.47245056955849624	0.5892439748036238	0.4709798494156033	0.5692307816501901
0.46618720943398473	0.6309488816731134	0.4611388509255026	0.6255422022496845	0.4665706343463239	0.6083506055626865	0.46946257456621526	0.5917223636848267	0.46737076063954974	0.5738588942648408
0.4596674762385943	0.6222254932806587	0.46112049635823155	0.6143835538004752	0.4755343484310703	0.6109637837049393	0.46819210931223004	0.6015434392415938	0.45928713823235795	0.6008719874981945
0.4596674762385943	0.6374809396359005	0.47453926314078393	0.6118257332652487	0.4610751214520967	0.6127299620650085	0.469256709221	0.6019514497289381	0.4592897493019288	0.5870271931986071
0.47021999340674947	0.6405079773207997	0.46736833528251936	0.615206133446735	0.4689135984410258	0.612639682620161	0.47180045260479914	0.6074356500645052	0.4592999425691608	0.6105434575630174
0.4596674762385943	0.6350854954415015	0.4733425375252385	0.6091510057380904	0.471234717351352	0.5937918979162052	0.4725517228717326	0.5883084626180207	0.45926438035900125	0.5721156514652651
0.4596674762385943	0.635738843303833	0.4673985541701686	0.630074584673907	0.4611145659918388	0.6287075823171296	0.4742509395888946	0.6125651442360248	0.45931049277780134	0.5997092174784354
0.4682603548719486	0.6421360492577636	0.4611622528192802	0.6214673876136291	0.4692145011148133	0.6081038031958899	0.4610007392133241	0.6045990933754875	0.4592940099539705	0.5885220204287167
0.4596674762385943	0.6379459637246646	0.4611534529008221	0.6060386767854313	0.46106257057925193	0.5963141665604749	0.46097551959208605	0.5960193523569701	0.47059055693750884	0.5720465500330648
0.4679540969711342	0.6222784793783428	0.4678641677661347	0.6200469012331501	0.46109805552950534	0.6144670229078973	0.46102047365689924	0.5964191061688365	0.46664051990844435	0.5848345608970312
0.4704269308126357	0.6351464785484995	0.4692727612726665	0.6270457839737918	0.46969812360734753	0.6237990988280444	0.4759660020706052	0.6085325309370934	0.4726470061619529	0.5982674662723061
0.4596674762385943	0.6375101632388862	0.4659988760843022	0.6067281673738381	0.46106405471337725	0.5968559011216416	0.4609758895077049	0.5930217629612763	0.4677360662030999	0.5732414134366564
0.4648144355151865	0.6411880065983477	0.461160265811259	0.6100093422553017	0.4657057804417241	0.5935521746190425	0.47419150691115897	0.5921845547244142	0.45927325231322097	0.5721198404205894
0.4596674762385943	0.6293035274229917	0.4611353314460155	0.6079729582545671	0.4610667182000529	0.5978634552999557	0.46098158911556747	0.5914513695864541	0.4592670791017277	0.5760735817219873
0.4596674762385943	0.6327920736841129	0.47072179346058124	0.6280053509884658	0.46110989988888323	0.6151115244783564	0.47140035803748853	0.6021821291559493	0.4592930942316096	0.5854621441448602
0.4759776924268733	0.6419810118640682	0.46116691851726654	0.6263656946239575	0.4611064896082918	0.6243828562067575	0.4714951127121311	0.6178351493118487	0.4593288602454389	0.6037511650779349
0.4702366124589888	0.6386043871288845	0.46115485888432056	0.6219708349547136	0.4610970612942396	0.62394984534415	0.46961917664526304	0.6126329847028726	0.46777494730616226	0.6016879918670643
0.4681925107393899	0.6234457643954672	0.469988912200852	0.6133837250462291	0.4654733737345573	0.5976357605843846	0.46737719885260237	0.5885120214485832	0.4592648933915487	0.5769501798470937
0.4726742281643806	0.639937932941045	0.4611576280014359	0.6141844642034302	0.4713950577968137	0.6119749831484228	0.46940273063435395	0.605550683028426	0.4592956703964442	0.5903226846140948
0.4596674762385943	0.6365212434816968	0.4665464602980414	0.6033463231496431	0.4708394634220704	0.5978221883740897	0.47364508717026843	0.5946053658095729	0.4649371204153586	0.5817407395508669
0.4596674762385943	0.6357366612053096	0.4611488222562038	0.6064681188230417	0.4610634981820648	0.5952494650435922	0.47015738125252826	0.5942670853140211	0.46693709252357857	0.5735965048522891
0.4596674762385943	0.6240054920554908	0.46991011615466877	0.5966049123493978	0.46362670133624123	0.5856172037920978	0.4609526337831911	0.5792459667156746	0.45924782820310117	0.5763362250910375
0.4596674762385943	0.6380094124589566	0.4698316412926776	0.6058949084934199	0.46106225493473446	0.5876843027213989	0.4694430731266253	0.5810102695170712	0.4690501328499209	0.5635949077959622
0.4596674762385943	0.6341354877575235	0.4721498608348958	0.6253953806824079	0.46110422445610183	0.6181515300778697	0.4727856023972273	0.6040012212190171	0.46338031269647	0.5871806818979599
0.4596674762385943	0.6201158950320681	0.46111606228908636	0.5938843660091708	0.46103621036544673	0.585021526247464	0.46876581378975607	0.5887633829438024	0.4656357816349615	0.5909721614311352
0.4596674762385943	0.6349264290386261	0.4611471498244394	0.6163463924399609	0.46483952205591733	0.6131763293459721	0.4610136092769264	0.6017724953080051	0.4592883766658219	0.5915050097834339
0.4702908410775101	0.6329882544259797	0.46114310022043875	0.6331170490302511	0.4707895414825772	0.6277282201317667	0.4656629523501824	0.6102981879544445	0.4593064888146685	0.5951257113331668
0.4596674762385943	0.6383934300289741	0.4611543907767271	0.6067564283987119	0.47306453904586876	0.5992582533623306	0.47267215321427336	0.5982688785853689	0.4592848967461716	0.5816729037441422
0.4596674762385943	0.6357028907711564	0.46114869268916536	0.6102791644444902	0.46107153654198313	0.6040920511516039	0.46099212790390687	0.5982083212180704	0.459284692730005	0.5911778308547283
0.47142600649280236	0.6339697154860159	0.4611451187653941	0.6068002382456543	0.46106425336064183	0.5996481978811046	0.46098266386676956	0.5956839155498551	0.4713051334591431	0.5850440252688
0.4702459193066573	0.6363738741394908	0.4724103103254658	0.6156004448888399	0.46108323079357993	0.6051270695108238	0.4676636666339518	0.5980848742913133	0.4725806955506147	0.5772828788030756
0.4596674762385943	0.6343502713304437	0.46114596781705447	0.6334548429629345	0.4732457405809125	0.6304928899212511	0.4610515711388073	0.6136674573902278	0.4593133906073013	0.5980093013645978
0.4596674762385943	0.6277778018106113	0.4693852225781799	0.6149895545920767	0.4716961671435253	0.6118954331991191	0.46101309692545395	0.6109382873547033	0.47247918535422445	0.5922202070960376
0.4596674762385943	0.6251115925121191	0.4707362822378257	0.60828941678336	0.46106735851178077	0.5938560407141434	0.46933052200968217	0.5864724217373152	0.47122076775297705	0.5790253886102841
0.46290932755811687	0.6409316808356068	0.4611597237299981	0.6173514771584583	0.47312937902105967	0.6177917685348396	0.4610243924074263	0.6135220393886474	0.472512372858667	0.5998483129223743
0.46880308341823773	0.6420655693495609	0.46116209220479243	0.6117885365292735	0.4743896517973048	0.5980434596497308	0.4721622001926049	0.5949268340477315	0.4592784001314024	0.5770378489063273
0.4596674762385943	0.6247312837115913	0.47134724687074686	0.584981434962187	0.470552672202026	0.5795341156679438	0.460944740523914	0.5844344645129952	0.46740116020293143	0.5905350405030618
0.46593382554800117	0.6379890828826948	0.469932858789292	0.6059197682789745	0.4692673050350882	0.5878509590173738	0.47143051549298315	0.5797145321136248	0.47114239374407685	0.5635272677714905
0.4651481767726475	0.6374588942861936	0.4684122009539039	0.6053983708951225	0.469427454284423	0.5958948466157828	0.4702057068360945	0.5951141469181479	0.4693042980974062	0.5712071570909018
0.4680761429354718	0.6233655671514686	0.47509864921872813	0.616860385480235	0.46108590108950903	0.6125140941113688	0.4720525794034982	0.6112237992405003	0.45930701757304837	0.5987206663910851
0.4596674762385943	0.627579608324625	0.46113170564007133	0.6067328543923048	0.46106397164487894	0.5933917427404419	0.4704887930342817	0.5815106443971746	0.45925003960342436	0.5734214083608972
0.4596674762385943	0.6198710834158456	0.4701334410906091	0.6077086433900185	0.4610661041994112	0.6026483507153786	0.46899577143700977	0.6000889029808517	0.459284268238659	0.595699320633337
0.4596674762385943	0.6354728605715544	0.4717450140512642	0.6259875508764944	0.47470152245635544	0.6266657657840422	0.4690775090695524	0.6100806159309682	0.465855956737862	0.5975672694677395
0.47043857536571065	0.633571066753914	0.4684961665521986	0.6117478176589939	0.4610749658107375	0.607947931857286	0.4609987093094846	0.5989621630482388	0.4592816932457045	0.5899961999927967
0.47125081021975	0.638964107781398	0.4663138038056421	0.6328380133170717	0.461120375720828	0.6204591011726117	0.4754087226477931	0.6045872994003629	0.47006598409663214	0.5840707062786356
0.4702239550009135	0.6387949705320926	0.46115523738518005	0.6084112678338642	0.4702860274953597	0.5890497406337922	0.4758363434915227	0.5771471670590304	0.4683563313687272	0.5611850013025265
0.4692724277330829	0.6335172597008623	0.46636956762063286	0.6204529476771499	0.47495084095545165	0.6166401146852547	0.4610157448641499	0.6029400355840991	0.45928963011934687	0.5928580046956825
0.46838661029845347	0.6412232743427639	0.46116032685069885	0.611556498704061	0.472243455960578	0.591726268790329	0.4609657053573405	0.5846218089231049	0.47340214812497167	0.5654772293369068
0.4740990002838246	0.6423071522373154	0.4719834327243265	0.6267935748685929	0.46533639227332035	0.6130462265004988	0.4686931448366471	0.6034344702393584	0.45929748174109875	0.5841545317801037
0.4596674762385943	0.6330898431065153	0.46501357699709595	0.6293565730219021	0.4611130552637275	0.6170315028176802	0.46616060266391657	0.5979968467716327	0.4684489647242404	0.580703524587289
0.4596674762385943	0.634727805960073	0.46114673350554947	0.6085516465256938	0.4610680617297194	0.6080839928590864	0.4649078156913627	0.5989749568421325	0.4693752158397087	0.5899427540604988
0.4596674762385943	0.6235716303796984	0.4679228197957846	0.6084000931105531	0.46106759027711836	0.5943018504184728	0.4704146031976891	0.58728243092384	0.4669266805271884	0.5774610608576475
0.4657794177483198	0.635343255907706	0.46114800291433744	0.6062511674598184	0.4610630244284726	0.5955228222129606	0.4689442838870643	0.5917751496706539	0.45926821430335707	0.5731719939310772
0.4718471709610543	0.6323674849577166	0.4611417532345579	0.6148488856658034	0.4610815182922162	0.595209784003325	0.4716246719595776	0.5864679266369307	0.47132441292625166	0.5681286143786487
0.4596674762385943	0.619458198955085	0.46111466033971615	0.5790600422123908	0.47068779158983537	0.5574704799920496	0.4608946764138185	0.5516253208711861	0.4591841432041272	0.556823717128288
0.46879313281633966	0.6352487554172124	0.4611478176080747	0.6064266644428735	0.46106342859297217	0.5948107730090932	0.46706576104638137	0.5936928950137558	0.466742666082316	0.5728996720224712
0.46893233611429463	0.6290968724349334	0.472901060640096	0.6121387993797822	0.47168436718407863	0.5968601225597857	0.4732562529084072	0.5871393247331815	0.46739105315863205	0.5724322837579198
0.4596674762385943	0.6356333825799486	0.46114528081327644	0.6206302596334469	0.4610941655281618	0.619836781078283	0.46718152749973124	0.6081006435973956	0.45930420518803394	0.5951683533668022
0.4682404678151252	0.6402622225334835	0.4730148665655361	0.6096333886337577	0.4744985132980243	0.6099486639401395	0.4662875961175881	0.6068462547996664	0.4593008101256878	0.5921876324934356
0.4596674762385943	0.642543205066942	0.4611630932732087	0.6270507573587711	0.4667144048575509	0.6118446977980851	0.46100874833103295	0.5989540197467205	0.4592863326781476	0.5744758163618338
0.4671506337652368	0.6345780817290033	0.46114641191899813	0.6095294702449513	0.46107011792444436	0.5954238888487673	0.46097361515227364	0.5913488410209403	0.4673282245630981	0.5728128622283486
0.4596674762385943	0.6356817015314554	0.4611487070617867	0.6138422534320046	0.4683406015640995	0.6039341022579436	0.4690393577179305	0.5975115882964146	0.4700102792453731	0.5788917822617166
0.46909802699957553	0.6350444764789018	0.4611473714493687	0.6051104603753199	0.46878048494530433	0.5960661738758132	0.4707277916383742	0.5925092048352062	0.4592747744431889	0.5808024132078016
0.47045576079784235	0.6353299502936365	0.4611479697976445	0.6040229974636367	0.46105825428945474	0.598207559596711	0.4609795821040776	0.5941948892143537	0.4669609654537029	0.5833218493401666
0.46694177934262654	0.6261440348687426	0.46112872196030646	0.6077815484596821	0.4657178711240782	0.5973913621257188	0.46097783181234075	0.5929218543534365	0.4592740920264169	0.5781883444210438
0.4596674762385943	0.6281431982256542	0.46113284887249145	0.5826419427673136	0.46646739697654993	0.5639693764689707	0.46090713825307006	0.5596022879111122	0.4663915114599219	0.5793386394487577
0.47037857011703393	0.6377847266372512	0.46701353360276165	0.608378034656722	0.46106761830059173	0.5961521020970609	0.46097517291163664	0.5892517788402541	0.46641999662620537	0.5718537896975145
0.4596674762385943	0.6339411109575929	0.4715980662416292	0.6077235006757867	0.46781157192642125	0.5990993503215748	0.4609769027442427	0.593717588716738	0.45927375731499925	0.5823022694258541
0.4699213116169357	0.6324483187583833	0.46114189725029575	0.6102856919808952	0.4692982383482743	0.6016596769276904	0.46834485233873313	0.60020351006209	0.4708302257742434	0.5888543527396053
0.46806101558072016	0.6378201796398135	0.46115318926100773	0.6059027071446018	0.4742602030242138	0.5972546600894699	0.46097284691512996	0.5963440023441493	0.45927936955402365	0.5796850767947981
0.4596674762385943	0.6328027428771407	0.4690368526239119	0.630883465383239	0.4611209249864988	0.6286000653595132	0.46845768276828975	0.6150643508257574	0.4718916197035577	0.5983600859943548
0.4596674762385943	0.6415486169868697	0.4611610087320955	0.6100646239770742	0.46107126119583935	0.5940849491604104	0.4609707509521915	0.5898457400026837	0.4592671978862571	0.572523708110724
