0.00075	0.0009597548938874099	0.0009597548938874099	0.0011878609609337872	0.0011878609609337872	0.0014390073565330047	0.0014390073565330047	0.0017090027860256313	0.0017090027860256313	0.0019915711437416645
0.00075	0.0010167388131073446	0.0010167388131073446	0.001296691420004188	0.001296691420004188	0.0015901116613867073	0.0015901116613867073	0.0018976758877950748	0.0018976758877950748	0.002203256929505356
0.00075	0.0009909205129545575	0.0009909205129545575	0.0012231254194738626	0.0012231254194738626	0.0014648403581303926	0.0014648403581303926	0.0016948411452825517	0.0016948411452825517	0.0018922404789620828
0.00075	0.0009160937342738706	0.0009160937342738706	0.0010848558977711795	0.0010848558977711795	0.0012773054742592229	0.0012773054742592229	0.0014550525359472044	0.0014550525359472044	0.0016424726770899304
0.00075	0.0009705659075115861	0.0009705659075115861	0.001203252562442012	0.001203252562442012	0.0014214106591333689	0.0014214106591333689	0.0016315239137394133	0.0016315239137394133	0.0018186425525701607
0.00075	0.0006444296655240201	0.0006444296655240201	0.0005389555886747002	0.0005389555886747002	0.0004427144526495006	0.0004427144526495006	0.00034426466898069825	0.00034426466898069825	0.0002324012130191795
0.00075	0.0006422677624516456	0.0006422677624516456	0.000506004975428731	0.000506004975428731	0.00043439941240421513	0.00043439941240421513	0.0003574090729429581	0.0003574090729429581	0.00024332717429458955
0.00075	0.000682088898101674	0.000682088898101674	0.0006204524701618981	0.0006204524701618981	0.0005484541660896619	0.0005484541660896619	0.0005072909032497961	0.0005072909032497961	0.0004920226584022433
0.00075	0.000604042876328208	0.000604042876328208	0.00041391192091061793	0.00041391192091061793	0.00024784890562136273	0.00024784890562136273	8.389080958520722e-5	8.389080958520722e-5	1.003994940815922e-5
0.00075	0.0005859842888190709	0.0005859842888190709	0.00044901512815831413	0.00044901512815831413	0.0002764698012398133	0.0002764698012398133	0.00013148645002537094	0.00013148645002537094	1.3049698355506277e-5
0.00075	0.0005135335645843541	0.0005135335645843541	0.00033575064585921686	0.00033575064585921686	0.00012657099380840612	0.00012657099380840612	5.590868917468128e-6	5.590868917468128e-6	5.82609787347549e-6
0.00075	0.000590931578954098	0.000590931578954098	0.0004724233687016867	0.0004724233687016867	0.000350607568342989	0.000350607568342989	0.00019721943632412578	0.00019721943632412578	0.00010088295744189007
0.00075	0.0005876419189565136	0.0005876419189565136	0.0004238558695548973	0.0004238558695548973	0.00028629288545531085	0.00028629288545531085	0.00010595771334748318	0.00010595771334748318	1.585727652243861e-5
0.00075	0.0006344891644790388	0.0006344891644790388	0.0005199313653086259	0.0005199313653086259	0.0004534816171260542	0.0004534816171260542	0.00034400597415451637	0.00034400597415451637	0.00029367262477711365
0.00075	0.0006786658460529489	0.0006786658460529489	0.0005647075431773514	0.0005647075431773514	0.0005200948524699857	0.0005200948524699857	0.0004784312297392121	0.0004784312297392121	0.0003995214554923586
0.00075	0.0005524340334731117	0.0005524340334731117	0.00037706588961343576	0.00037706588961343576	0.000152431664393746	0.000152431664393746	1.3610192109172839e-5	1.3610192109172839e-5	1.3337332490380946e-5
0.00075	0.0006745811109339285	0.0006745811109339285	0.0006013768246180415	0.0006013768246180415	0.0005592988273962915	0.0005592988273962915	0.0005390246161461032	0.0005390246161461032	0.0005246175040313364
0.00075	0.0005716042158673072	0.0005716042158673072	0.00038672306639671864	0.00038672306639671864	0.00019099326539494732	0.00019099326539494732	1.0054891372869619e-5	1.0054891372869619e-5	9.938814656484353e-6
0.00075	0.0006114318464875652	0.0006114318464875652	0.0004610558659046552	0.0004610558659046552	0.00030794061487331484	0.00030794061487331484	0.00014295126259994867	0.00014295126259994867	7.551208180946656e-6
0.00075	0.000607506078697793	0.000607506078697793	0.000499676590573829	0.000499676590573829	0.00038978996197037915	0.00038978996197037915	0.00031985311844481097	0.00031985311844481097	0.00021998304126059798
0.00075	0.0006177727221710201	0.0006177727221710201	0.0005229098945474915	0.0005229098945474915	0.000444461879984543	0.000444461879984543	0.00039456984692822785	0.00039456984692822785	0.0003146574894303304
0.00075	0.000679615326340203	0.000679615326340203	0.000534448558062836	0.000534448558062836	0.00041579848715077224	0.00041579848715077224	0.00031591354708231263	0.00031591354708231263	0.0001444164669601766
0.00075	0.0006483353440181691	0.0006483353440181691	0.0005665490863989126	0.0005665490863989126	0.0004342857642890814	0.0004342857642890814	0.0003353094878548996	0.0003353094878548996	0.00021478756165399922
0.00075	0.0006266638533266207	0.0006266638533266207	0.0004695193088815154	0.0004695193088815154	0.0003606586609978824	0.0003606586609978824	0.0002701853854900724	0.0002701853854900724	0.00012474059215045278
0.00075	0.0006237876643381222	0.0006237876643381222	0.00047809451412839235	0.00047809451412839235	0.0003387938671597793	0.0003387938671597793	0.00020921466125959108	0.00020921466125959108	5.685756174380418e-5
0.00075	0.0006583262698138149	0.0006583262698138149	0.0005738130283554306	0.0005738130283554306	0.0004936054247659027	0.0004936054247659027	0.0004411546140884214	0.0004411546140884214	0.00038611446632095815
0.00075	0.0006735073326278116	0.0006735073326278116	0.0005859787918801434	0.0005859787918801434	0.0005089461032738489	0.0005089461032738489	0.0004313007506094312	0.0004313007506094312	0.00040763638495285324
0.00075	0.0006479679569543443	0.0006479679569543443	0.0005389987607061794	0.0005389987607061794	0.0004053469727008057	0.0004053469727008057	0.00030243473748035903	0.00030243473748035903	0.00021861715948368822
0.00075	0.0005399268588020696	0.0005399268588020696	0.00033545757970296564	0.00033545757970296564	0.00015754448584350453	0.00015754448584350453	4.55048076527858e-5	4.55048076527858e-5	1.60906251743027e-5
0.00075	0.0006375547063715034	0.0006375547063715034	0.000590310027718868	0.000590310027718868	0.0005205795878360364	0.0005205795878360364	0.00044010003058859006	0.00044010003058859006	0.0003715396071464105
0.00075	0.000588258994243199	0.000588258994243199	0.00042953828832464203	0.00042953828832464203	0.00028599615457469945	0.00028599615457469945	0.00014549478632297903	0.00014549478632297903	1.952731002941653e-5
0.00075	0.0006579322437857571	0.0006579322437857571	0.0005209292953266237	0.0005209292953266237	0.000386309508633589	0.000386309508633589	0.00030131644071800586	0.00030131644071800586	0.00021773247035074213
0.00075	0.0006344475790632731	0.0006344475790632731	0.0005117845527901853	0.0005117845527901853	0.0004310322574494229	0.0004310322574494229	0.00037964428081076077	0.00037964428081076077	0.00033250128107459927
0.00075	0.0006446022946311159	0.0006446022946311159	0.0005407945326478054	0.0005407945326478054	0.000500727832536311	0.000500727832536311	0.0004624761683720732	0.0004624761683720732	0.00036557168333830524
0.00075	0.0005761257288593593	0.0005761257288593593	0.0004474580777626932	0.0004474580777626932	0.00034915002808186393	0.00034915002808186393	0.0002427187585643406	0.0002427187585643406	0.00015661423329122126
0.00075	0.0005817282769968638	0.0005817282769968638	0.0004108287566020448	0.0004108287566020448	0.0002591667840318465	0.0002591667840318465	7.997922987664123e-5	7.997922987664123e-5	1.3441786880690222e-5
0.00075	0.0006286602460753547	0.0006286602460753547	0.0005437453031115615	0.0005437453031115615	0.00042256410141288796	0.00042256410141288796	0.0003297617257806027	0.0003297617257806027	0.0002155682780107119
0.00075	0.0005815750586648544	0.0005815750586648544	0.0004351066418004802	0.0004351066418004802	0.0003500368648210053	0.0003500368648210053	0.0002542152735239555	0.0002542152735239555	0.00017697913074480982
0.00075	0.0005802755189604181	0.0005802755189604181	0.0004226592631629714	0.0004226592631629714	0.0003202610463212193	0.0003202610463212193	0.00022461095613683966	0.00022461095613683966	0.00011318975560906494
0.00075	0.0005727240425072827	0.0005727240425072827	0.0003867963806874993	0.0003867963806874993	0.0002014055946402322	0.0002014055946402322	2.6137790185383188e-5	2.6137790185383188e-5	1.1936058356262375e-5
0.00075	0.0005910527954245149	0.0005910527954245149	0.00036322111112949086	0.00036322111112949086	0.0002042065609357597	0.0002042065609357597	4.698374570108211e-5	4.698374570108211e-5	7.6093880678032316e-6
0.00075	0.0006533774494557088	0.0006533774494557088	0.0005253018518839501	0.0005253018518839501	0.00045749765639328647	0.00045749765639328647	0.0004081429606045531	0.0004081429606045531	0.00035459566115025973
0.00075	0.0005581660367482446	0.0005581660367482446	0.0003522245789800805	0.0003522245789800805	0.00019349779357605014	0.00019349779357605014	2.92622115248112e-5	2.92622115248112e-5	1.2559948097013961e-5
0.00075	0.0006503941506232578	0.0006503941506232578	0.0005422596364617695	0.0005422596364617695	0.00044548733280916624	0.00044548733280916624	0.0003156674867176062	0.0003156674867176062	0.0002308252251906519
0.00075	0.0005613826549236532	0.0005613826549236532	0.00036839513137202056	0.00036839513137202056	0.0001498872589174664	0.0001498872589174664	8.773643092143825e-6	8.773643092143825e-6	9.427113765859954e-6
0.00075	0.0006245824237737847	0.0006245824237737847	0.0004914549110138702	0.0004914549110138702	0.0004240542374418611	0.0004240542374418611	0.0003434686826133176	0.0003434686826133176	0.00022190516220296238
0.00075	0.0005748395408422767	0.0005748395408422767	0.00044507401930623267	0.00044507401930623267	0.0003579414950481581	0.0003579414950481581	0.000264160298666335	0.000264160298666335	0.00014628985326745555
0.00075	0.0006750238386640841	0.0006750238386640841	0.0006052025722835346	0.0006052025722835346	0.0005700591030681784	0.0005700591030681784	0.0005439673741647681	0.0005439673741647681	0.0005099079042227313
0.00075	0.0006437898016874756	0.0006437898016874756	0.0005758565554269008	0.0005758565554269008	0.0005288393096257065	0.0005288393096257065	0.0004568379580370427	0.0004568379580370427	0.00042361528294780274
0.00075	0.0005633650951560565	0.0005633650951560565	0.0004226713120700797	0.0004226713120700797	0.0002559623678963132	0.0002559623678963132	0.00010702062276036967	0.00010702062276036967	1.691153552018988e-5
0.00075	0.0005887263148768447	0.0005887263148768447	0.0004893038715699953	0.0004893038715699953	0.0003491421529491369	0.0003491421529491369	0.00020346704471105244	0.00020346704471105244	7.781041657216576e-5
0.00075	0.0005850043247265384	0.0005850043247265384	0.00043651853917311506	0.00043651853917311506	0.0002960671086336225	0.0002960671086336225	0.00015584349266865069	0.00015584349266865069	6.417388514083499e-5
0.00075	0.0006092039254190731	0.0006092039254190731	0.0004524749486417526	0.0004524749486417526	0.0002983905986134061	0.0002983905986134061	0.0001442447433790441	0.0001442447433790441	7.644410633501848e-6
0.00075	0.0006700419774259464	0.0006700419774259464	0.0006052628415075345	0.0006052628415075345	0.0005197866363828349	0.0005197866363828349	0.00043835689199076477	0.00043835689199076477	0.0003612000949182036
0.00075	0.0006217561503564726	0.0006217561503564726	0.00045367114023984426	0.00045367114023984426	0.0003823221599288788	0.0003823221599288788	0.00026401574926072913	0.00026401574926072913	0.0001727134513548417
0.00075	0.0006058870145315058	0.0006058870145315058	0.0005297140360059983	0.0005297140360059983	0.0004072635770616366	0.0004072635770616366	0.0003069287179048997	0.0003069287179048997	0.00018299216004994656
0.00075	0.0006325810084562519	0.0006325810084562519	0.0005524625495669416	0.0005524625495669416	0.0004463739370184615	0.0004463739370184615	0.00037079160202735097	0.00037079160202735097	0.00033297941150023326
0.00075	0.000630192409761249	0.000630192409761249	0.0004963090624502327	0.0004963090624502327	0.00039748118251046056	0.00039748118251046056	0.0003279472847920948	0.0003279472847920948	0.00026647756873664224
0.00075	0.0006785930529283576	0.0006785930529283576	0.0006089195986362077	0.0006089195986362077	0.0005318032320617361	0.0005318032320617361	0.00044615337955572883	0.00044615337955572883	0.0003828836366244251
0.00075	0.0006264655656887779	0.0006264655656887779	0.0005157407326254104	0.0005157407326254104	0.0003492496077544162	0.0003492496077544162	0.000207304471966711	0.000207304471966711	7.72062439931764e-5
0.00075	0.0005924652183016477	0.0005924652183016477	0.0003795242137483226	0.0003795242137483226	0.0001761455770294174	0.0001761455770294174	6.381515011164193e-6	6.381515011164193e-6	6.718315659445767e-6
0.00075	0.0005712586941087055	0.0005712586941087055	0.0004717643591746777	0.0004717643591746777	0.00033079804449514096	0.00033079804449514096	0.0002516611123372089	0.0002516611123372089	0.00016818276202788771
0.00075	0.0006451117637811116	0.0006451117637811116	0.0005441216551037153	0.0005441216551037153	0.00041239972661888554	0.00041239972661888554	0.00033208001829926657	0.00033208001829926657	0.0002684336428760182
0.00075	0.0006602151453656664	0.0006602151453656664	0.0006305172582431806	0.0006305172582431806	0.000540277665345619	0.000540277665345619	0.0004551261089097194	0.0004551261089097194	0.00041724536453645615
0.00075	0.000606082215799086	0.000606082215799086	0.0004774124581057132	0.0004774124581057132	0.0003696020340514238	0.0003696020340514238	0.0002512123537167692	0.0002512123537167692	0.00016036813670357997
0.00075	0.0006237302559358163	0.0006237302559358163	0.0005285387757875161	0.0005285387757875161	0.00041839180548912294	0.00041839180548912294	0.00034812108606612375	0.00034812108606612375	0.00024103288687831042
0.00075	0.0006358071552286746	0.0006358071552286746	0.0005162176583045792	0.0005162176583045792	0.0004280889602326419	0.0004280889602326419	0.0003232792030319116	0.0003232792030319116	0.00023496263093532183
0.00075	0.0005668114335001297	0.0005668114335001297	0.0003912885028793196	0.0003912885028793196	0.0002492513985584373	0.0002492513985584373	7.0927679424576e-5	7.0927679424576e-5	1.9125781915174187e-5
0.00075	0.0005853457377621794	0.0005853457377621794	0.0004001778661922172	0.0004001778661922172	0.0002636829329436867	0.0002636829329436867	0.00014049741752246927	0.00014049741752246927	3.0496726123745252e-5
0.00075	0.0006520834862255221	0.0006520834862255221	0.0006023692959036364	0.0006023692959036364	0.0005398825458251722	0.0005398825458251722	0.0005140451369869594	0.0005140451369869594	0.000490603106906409
0.00075	0.0006537760970246863	0.0006537760970246863	0.0005750719223907379	0.0005750719223907379	0.0004669688216482099	0.0004669688216482099	0.0003992846950081244	0.0003992846950081244	0.00028431619724275924
0.00075	0.0006269346329598148	0.0006269346329598148	0.0004791773858515458	0.0004791773858515458	0.0003227022222821992	0.0003227022222821992	0.00014726664942203973	0.00014726664942203973	1.4495616852758081e-5
0.00075	0.0006199967031105445	0.0006199967031105445	0.0005351496591778997	0.0005351496591778997	0.0003972209057628699	0.0003972209057628699	0.00033423264298421514	0.00033423264298421514	0.00020339489222447594
0.00075	0.0005559442303767779	0.0005559442303767779	0.00046544383973005574	0.00046544383973005574	0.00030431497464397737	0.00030431497464397737	0.0001668221383380038	0.0001668221383380038	6.269370270379106e-5
0.00075	0.0006214135044316973	0.0006214135044316973	0.0005271988242237247	0.0005271988242237247	0.00041615674630572457	0.00041615674630572457	0.00031440090896343224	0.00031440090896343224	0.00025533568084403554
0.00075	0.0006523175475028095	0.0006523175475028095	0.000525503534884935	0.000525503534884935	0.00042384640407147286	0.00042384640407147286	0.0002998414280013549	0.0002998414280013549	0.00024422181887983854
0.00075	0.0005628836070340007	0.0005628836070340007	0.000382279162218754	0.000382279162218754	0.0001814655050216137	0.0001814655050216137	9.055541049261072e-6	9.055541049261072e-6	8.125435142377146e-6
0.00075	0.0005021236499141642	0.0005021236499141642	0.0002743803333541215	0.0002743803333541215	0.00012972385652681786	0.00012972385652681786	8.290482920593695e-6	8.290482920593695e-6	1.3266823862059482e-5
0.00075	0.0006349113523998958	0.0006349113523998958	0.0005143971368916122	0.0005143971368916122	0.00042441874542451576	0.00042441874542451576	0.00034596662230449446	0.00034596662230449446	0.00022057827137868003
0.00075	0.000650906768431664	0.000650906768431664	0.0005655853846428981	0.0005655853846428981	0.0004600536652597598	0.0004600536652597598	0.00037898620194092405	0.00037898620194092405	0.0003287182287393182
0.00075	0.0006085602523639094	0.0006085602523639094	0.00045828065625449387	0.00045828065625449387	0.0003686274444971912	0.0003686274444971912	0.0002608542976725193	0.0002608542976725193	0.00016178462848649613
0.00075	0.0006254565067364591	0.0006254565067364591	0.0005123476537590797	0.0005123476537590797	0.000457231573442959	0.000457231573442959	0.00040932284187595593	0.00040932284187595593	0.0003958325506657932
0.00075	0.0006017280524042322	0.0006017280524042322	0.00043301524801333597	0.00043301524801333597	0.00023297682186257398	0.00023297682186257398	0.00011452248521198993	0.00011452248521198993	1.1883337675378171e-5
0.00075	0.0006515442005498999	0.0006515442005498999	0.0005515302335555659	0.0005515302335555659	0.000473714172625584	0.000473714172625584	0.0004330475440258419	0.0004330475440258419	0.00040405698138586653
0.00075	0.0005289783930268814	0.0005289783930268814	0.00032611175863437913	0.00032611175863437913	0.00012042334874009047	0.00012042334874009047	1.2366431542258669e-5	1.2366431542258669e-5	1.3837691828691379e-5
0.00075	0.0005935498644575557	0.0005935498644575557	0.0004854898349492482	0.0004854898349492482	0.0003717084673061494	0.0003717084673061494	0.00023313431372608447	0.00023313431372608447	9.830919992519484e-5
0.00075	0.0006615009584271326	0.0006615009584271326	0.0006052879495611319	0.0006052879495611319	0.0005043602100031638	0.0005043602100031638	0.00039760928562846825	0.00039760928562846825	0.00036197485454871834
0.00075	0.0005922986089029508	0.0005922986089029508	0.00045354315309091846	0.00045354315309091846	0.00032184836968320035	0.00032184836968320035	0.00019635372301279218	0.00019635372301279218	8.774349859496603e-5
0.00075	0.0006400873366632138	0.0006400873366632138	0.0005286593847602664	0.0005286593847602664	0.00041907272963480455	0.00041907272963480455	0.0003535455011779142	0.0003535455011779142	0.00025059413688291975
0.00075	0.0005977094392529996	0.0005977094392529996	0.0004674158853236538	0.0004674158853236538	0.0003687308839318633	0.0003687308839318633	0.00023776378301219314	0.00023776378301219314	0.00014230185682821353
0.00075	0.0005999243873281007	0.0005999243873281007	0.0004597747504559354	0.0004597747504559354	0.00033188487248088296	0.00033188487248088296	0.00018279905042148454	0.00018279905042148454	8.435536047728177e-5
0.00075	0.0005560114945652844	0.0005560114945652844	0.00036333843851676174	0.00036333843851676174	0.00020169172023303507	0.00020169172023303507	3.7208712775029497e-5	3.7208712775029497e-5	1.3587881301811231e-5
0.00075	0.0006116798256630094	0.0006116798256630094	0.0004274717487748358	0.0004274717487748358	0.00023408108310230764	0.00023408108310230764	5.452735105328026e-5	5.452735105328026e-5	1.0354944013805223e-5
0.00075	0.0006131942922075189	0.0006131942922075189	0.0005089442036112924	0.0005089442036112924	0.00045435884406071816	0.00045435884406071816	0.0003479720514259453	0.0003479720514259453	0.0002459492266659859
0.00075	0.0005559529019682522	0.0005559529019682522	0.0003821657709811074	0.0003821657709811074	0.0001775936316278618	0.0001775936316278618	1.2880960400814913e-5	1.2880960400814913e-5	1.289575932977486e-5
0.00075	0.0006611458606922536	0.0006611458606922536	0.0005288420246426674	0.0005288420246426674	0.000493374261553874	0.000493374261553874	0.00041381733736038434	0.00041381733736038434	0.00036579482195706753
0.00075	0.0005888818507908592	0.0005888818507908592	0.00047781339221011654	0.00047781339221011654	0.0003460988914981473	0.0003460988914981473	0.0002511856761839153	0.0002511856761839153	0.00017857877566789624
0.00075	0.0006004830333197219	0.0006004830333197219	0.0004358789150262879	0.0004358789150262879	0.00027198469323294573	0.00027198469323294573	0.00014093118209546594	0.00014093118209546594	2.560991049493826e-5
0.00075	0.0006069074852808347	0.0006069074852808347	0.00047274022845171894	0.00047274022845171894	0.00034411821509017687	0.00034411821509017687	0.00022892973014697796	0.00022892973014697796	7.625280280026968e-5
0.00075	0.0006332912197560777	0.0006332912197560777	0.00048624534666594324	0.00048624534666594324	0.00030919643324344993	0.00030919643324344993	0.00017569676513612376	0.00017569676513612376	1.1067325693343774e-5
