0.6568225133678284	0.5519450664241461	0.654766615717885	0.5407135821946569	0.6582086527538844	0.5326354549542827	0.6616332455429778	0.5266355307966832	0.6615538495885616	0.5202696707304835
0.6628212167136346	0.5294518101600099	0.659765742677345	0.5197894392288687	0.6591832988519084	0.5124731781606467	0.6604675580753476	0.5066854448712427	0.6535052843283532	0.5007147634731409
0.6610125055058961	0.5405522490286726	0.654272081864219	0.5381696286045747	0.6632503475721585	0.542392878243959	0.6630278092030044	0.5480274156269367	0.6550749085280232	0.5563752416882435
0.6616435244553787	0.5785966573184633	0.6585174218318434	0.5741363400832131	0.6673030060004614	0.5710782177564195	0.65538123761166	0.5665077067676518	0.6567299995814646	0.5630199290101285
0.659250637005177	0.5489676832494305	0.663644946492367	0.5473016190271122	0.6581746869419773	0.5490956385962943	0.6615938066547079	0.5565371793516855	0.6552230718892502	0.561663752473888
0.4911877342943475	0.5439729015323503	0.4843226600706892	0.5370596984953296	0.4853125023806414	0.5334330703932568	0.4779404426031499	0.527165334437527	0.46650077787592475	0.5224325058566833
0.5045047648685451	0.5583708836427034	0.48213062658781386	0.5502620200992392	0.5072713315026447	0.5430741130149261	0.49930709195599826	0.5378022616866053	0.47574719116555836	0.5327881404897181
0.48413946856091755	0.5180950195100501	0.4773217571868521	0.5081399711567584	0.46769966647683175	0.5036988185128719	0.48161644830512795	0.5021980797250478	0.4926995526609041	0.5003336750848083
0.48759941714242166	0.5605779789783087	0.463187885341702	0.5582533630505223	0.4725417419375335	0.5555732495821449	0.47094922458020183	0.55292827259829	0.4586835066800766	0.5497298429487947
0.47347701793249114	0.5554848735229921	0.48525278910242026	0.5537373694327734	0.4734276484974245	0.5597003119566419	0.4908226856334651	0.5633143612406746	0.4753148766475058	0.5684172038310913
0.4605119409749749	0.5787451586827804	0.48870579322795654	0.5775972525905477	0.4702031423888018	0.5747929684142248	0.49081533884172995	0.5723287499541606	0.4889442721743884	0.5698905246172278
0.4708969244496536	0.5504311349726057	0.48594140735354846	0.5451955124797997	0.4823392686780683	0.5432471688574306	0.46603280510458917	0.5427268711140654	0.4936144816092748	0.5417827210503954
0.4765023126936061	0.5576813532153605	0.4730926963293643	0.5549857210301541	0.48440529521059367	0.5531867872603821	0.4601731990799875	0.5503407851338795	0.46580069474167424	0.5460939869367868
0.49627222469971	0.5540276424601965	0.48268647684062205	0.5399653764258074	0.49931146541004645	0.5325363395013716	0.4719856724987198	0.526723493984507	0.4961863693229343	0.5213530440116448
0.49366290290874953	0.5293299798822866	0.46312039395767257	0.5200995453954725	0.4913316721126882	0.5136380174664115	0.4877032585777098	0.5085350699430901	0.46426357128105206	0.5037184584044807
0.48321424299080207	0.5819972262542801	0.4899793930686107	0.577663464998458	0.4605422439619212	0.5728593565717521	0.4905417375432579	0.56666366965637	0.4755532740080113	0.5635964725102607
0.4881138924929423	0.5258233370259892	0.47878942918951645	0.5153915723474596	0.4858919457446498	0.5069309443555029	0.48946900616516864	0.4996061117901622	0.48561254381097985	0.4928160998683413
0.4725483198476956	0.5617462119140311	0.4692012583674866	0.5616418331027537	0.4672960863875808	0.5651609868884734	0.47577339665536206	0.569435773143836	0.4739851025257351	0.573850361854273
0.49649157625781964	0.5657756530140056	0.4912205071836011	0.5664084974750646	0.4869424708576446	0.5635000963732952	0.4772183169503369	0.559712993087028	0.4826121837538073	0.5558730773482594
0.47768898428660383	0.5489359449376761	0.48743239032830654	0.5413471343902874	0.48077050882281747	0.5357138231245461	0.4971337960831608	0.5321022178459833	0.4771037183956119	0.5270387569877356
0.48329709245488295	0.5494107313693505	0.4877358054917061	0.5351672193034139	0.48770157405925707	0.5269255813407144	0.49543354363394604	0.5203795601621259	0.47373532585649125	0.5136915046054426
0.5067220970425229	0.541914433872445	0.4631473856134668	0.5357307697521386	0.4776463923306808	0.5369714277868051	0.49306327271288203	0.5430057427471314	0.46418118219032867	0.5499297222514079
0.4977260570740193	0.5485583850649381	0.5018609858171499	0.5427541146267674	0.47457254882131095	0.5407042098762529	0.48990218876546926	0.5393903269825857	0.47889204303619876	0.539153006136668
0.49369491707319574	0.5553629904098799	0.47031952860172005	0.5488918008242782	0.48770792852255285	0.5421382524643265	0.4923123713308467	0.5375490090847107	0.45865447798528436	0.5313768746551105
0.4916380131344711	0.5547441809654222	0.48137784577550363	0.5542244208803225	0.4825721312653756	0.5522224547496623	0.4859197776781613	0.5507093806282666	0.4720947192431875	0.54827326900109
0.49589853015775076	0.5417353952508284	0.49124250067821473	0.533499121407396	0.48612493745244606	0.526228739247218	0.49397129483997954	0.5201967001787355	0.4866080776569581	0.5141281515406653
0.4895183981843648	0.5277647318704466	0.47193053213163394	0.5156948025054164	0.4665448863492732	0.505061230652378	0.4600762778057538	0.49889895413803254	0.488246037443864	0.5000782202722388
0.49675700272719736	0.547773024250015	0.4868152398056286	0.5412998379297075	0.46932821479526116	0.5361541087979257	0.48013242174097714	0.5315885393511692	0.48435878477730765	0.5262675737756501
0.46610798518192664	0.5711445557808666	0.46320567379789085	0.5654403133474409	0.4686923970466326	0.5576489439764073	0.49614085652242407	0.5521606956177734	0.489808323400803	0.5449376835651603
0.4786895023605839	0.5349121491748011	0.5005214045309522	0.52414374385729	0.4799914648565862	0.5148566847979015	0.46767164123416866	0.5079114198579316	0.46882883149405447	0.5031090432150942
0.4984341479920954	0.5793046508704999	0.4942385742186077	0.5735989271778764	0.49218764185914937	0.5639587087340978	0.49076457742278085	0.561015261548621	0.47973148063026416	0.5567579631336459
0.4987390768806096	0.5447729549877037	0.4691794396949273	0.5376809139244868	0.4669935915641131	0.5343034849106397	0.4895592854733034	0.5320558194310583	0.4882843869009162	0.5300763720845486
0.4830210201220057	0.5407972305903526	0.4716415832728829	0.5329730964094376	0.48484013322938746	0.5252162808997781	0.4940171154293611	0.5197111037487233	0.4898172604503793	0.513388760318436
0.48421911479660196	0.5369179674810522	0.47551136141828415	0.527415242409932	0.49922306253673865	0.5192564125924783	0.4944581592710626	0.5135839913532034	0.4586027990869999	0.5070550416039091
0.4703191752149315	0.5572563107852605	0.4886006883566452	0.5529345139049997	0.49832832180260445	0.54748234664304	0.4899982209560384	0.5432138557147911	0.49548443232234796	0.5385366949589119
0.4955615761599427	0.5796974376615303	0.4898802980020992	0.5753300581995017	0.4962620114983142	0.5720929977833846	0.47739462634209356	0.5669884034197096	0.4873331064714826	0.5633911926465923
0.471091322516394	0.5317611994787034	0.4914960005413646	0.5339534720232736	0.47773194632922944	0.5383225471786743	0.49063947289608345	0.5370406607122292	0.47396591458597487	0.5310626384709273
0.47024860834480064	0.554461079012338	0.4728092673559457	0.5460434757881347	0.4977500025061039	0.5402848909958649	0.48793803842183137	0.5358488340703218	0.4935600806155488	0.5321781520051115
0.46814329823727235	0.5530055387570517	0.463169956857412	0.5419780847561675	0.48234723059335954	0.5335463390141998	0.48146701000822345	0.5292920551003594	0.4698666580876098	0.5255772583514935
0.48270928637703875	0.5713472651234313	0.4780125309940499	0.5709763619039625	0.4828853933950155	0.5755807864186299	0.4874247514474633	0.5750586536748707	0.4937733390232576	0.5725264981749626
0.5035448290858169	0.5830184313735578	0.46323327305350587	0.5771491152010692	0.49231123853858527	0.5718185136354327	0.48963365773673234	0.5682450653540734	0.4913594315054819	0.5637498407705782
0.49013539697040137	0.538446672242517	0.46313848825393333	0.527176287039837	0.48545697051607756	0.5193590682613907	0.4890757999326679	0.5137531478269985	0.48058644041357657	0.5073600901407663
0.48583019705286673	0.5817471786787025	0.47132873916253126	0.5742994680465998	0.4905468240809228	0.5699102167829287	0.4804956656705958	0.5626134566962203	0.4587078315302885	0.558992522132764
0.4945455945738823	0.5443485192622407	0.48314460840060836	0.5372118654813393	0.4852317698284889	0.5336179216547916	0.4640624351512947	0.5289723581970815	0.48254100258463	0.5249621333481214
0.48699599387328124	0.5813046664114812	0.4820757050023566	0.5785694667781689	0.4656612628154695	0.574915199042724	0.46022205826268986	0.5707878471077557	0.46500250880393895	0.5679972654795017
0.48301892027243054	0.545727708385566	0.4726810356544856	0.5392447920344565	0.5036578099033985	0.5373581466893961	0.49772295788721965	0.5380157353014705	0.48535551635055646	0.5461372765557485
0.46930595625278154	0.5568861858316352	0.4840280562641265	0.5489108170321318	0.4992271412735195	0.5427934034025672	0.4888449019922699	0.5357355001831846	0.4715682324507056	0.5305034551501259
0.4978587949611998	0.5353468756291839	0.4929191025416316	0.5278297357318915	0.504647544197762	0.5222192788054492	0.5024335536171458	0.5154794180687841	0.49216923468910345	0.5091989696601139
0.4816004997286736	0.5347055988849624	0.4923448890137862	0.5263115121440708	0.4964369119941758	0.5199455348947775	0.47942583695317365	0.5154265127474901	0.49368740521210513	0.5102987427566997
0.47097698786370606	0.5642944402856597	0.48579747363941606	0.5561443651823795	0.46756821518915775	0.5509226872760027	0.4704666814219685	0.5449375539899219	0.47386118604378324	0.5381344164500483
0.4687282546130468	0.5493650971745934	0.4992995896969521	0.5490108113503966	0.48234592818639954	0.5524267874968213	0.4815230011437273	0.5543605552628218	0.4890556449615613	0.551883959031012
0.4730956281854194	0.555593465822185	0.47248196010206883	0.5467248528787911	0.4693964371829896	0.5396221524527175	0.46418655126763775	0.534298359250119	0.4878031169382809	0.5336379207022067
0.5003839231228292	0.5707819604132682	0.4923389900037171	0.5707034783924038	0.4961453765524615	0.5731875515666235	0.5005323808613218	0.5776053084785294	0.5050651894029715	0.5814637541714567
0.5005535807609238	0.5405325920479286	0.5006281342856747	0.5330177022448583	0.4841222238137878	0.5268603263761267	0.4816966398710166	0.5224115120670308	0.47958809550034726	0.5181664940366367
0.495463827741934	0.559585752563707	0.46318544074974644	0.5472279458080764	0.5052368260086314	0.5409113161641458	0.4753746863094198	0.534527891643482	0.482471412059031	0.528122561011944
0.4689572534319293	0.5410137461661221	0.4963009813134391	0.5343874705761881	0.4729365060549899	0.534161735527208	0.4876349598326662	0.5378023894110188	0.48320595894737717	0.5451742378748684
0.48021272021116396	0.5389222159830589	0.49019486032634074	0.5302540897710208	0.47138063971433086	0.5244249459885122	0.48232920782727784	0.5201203753228048	0.4979866049487117	0.5168927002122609
0.4922723229021403	0.5521761180214809	0.4772099015916154	0.5441515752471464	0.48709451143418464	0.5365084514040809	0.49578966839845773	0.5305566172576682	0.4934273654462569	0.5241622234739776
0.4854714961195027	0.5211749696553422	0.48106927355484086	0.5159060007008921	0.4757109227276709	0.5142691060149067	0.4701630665570796	0.512987992810086	0.4831200340386517	0.5147549055043029
0.49134879841118606	0.5531160155667885	0.4929065355520786	0.5482689520836891	0.46048023338030514	0.5437257958158351	0.4685083082000848	0.5394808760939265	0.4709121905146082	0.5359613045014076
0.4907168172843331	0.5694842081335029	0.4632061204376727	0.5696766227143523	0.4716613168073866	0.5733506351668787	0.4698620288591178	0.5779626797112039	0.481832911154421	0.5823495616399321
0.4605119409749749	0.5498825939206293	0.48834209346310464	0.538089260930123	0.4604597665257004	0.5309429238654881	0.48734258200791114	0.526911048086871	0.48111386510530685	0.5228530402599967
0.4908928575613096	0.5433369756707738	0.4829047720180549	0.5333998263567955	0.4604505016976779	0.5263114659401059	0.4832639885735385	0.5234238427333147	0.48813653446712996	0.5199597221787544
0.4768141277527808	0.5217065550699771	0.5022075092832315	0.517056452844477	0.46913526445808035	0.5142550609068904	0.4706287567076314	0.5132045349255896	0.49501378406373553	0.5139541562503492
0.46895625972245364	0.5409151518229238	0.46876215846005825	0.5330970373067557	0.47531837651309894	0.5292235885402174	0.46767588991165177	0.5268707300790085	0.4789274405847017	0.5243495490912747
0.4825767318521657	0.5457116038842132	0.4914341191485671	0.5390298592226888	0.4777226288988276	0.5327961140480422	0.4956344692706131	0.5307698289821006	0.4747712511055427	0.5283153506994294
0.48049090373182324	0.5375873261174654	0.4741278750651674	0.533922623527193	0.48763391314105176	0.5316982621770209	0.4764965500209565	0.5289014286213028	0.478094121447638	0.5222524074959319
0.476636200214888	0.5682304834648451	0.47115169382836364	0.5589131591387893	0.48309263733705826	0.5541111894975388	0.4601773899469362	0.5493392495138542	0.45867972510827154	0.5445978164110228
0.4951242857382075	0.5774514168571113	0.48035341495776945	0.5729373507427243	0.49567777113757444	0.5639252377618555	0.4982808979216559	0.55987365563228	0.5013552006253756	0.5563555463247275
0.48613869228409884	0.5350969491713544	0.49898923538760653	0.5238463305485194	0.48409915523354213	0.5153425302728118	0.49638045073493964	0.5092991551540449	0.4949717107098443	0.5066927257501206
0.49515473299219015	0.5432666844798228	0.49614538157870136	0.5354974688956945	0.4754684120755727	0.5295199624467911	0.4916262097787551	0.5254682730987666	0.46533630750205995	0.5228205563847372
0.49146583433861546	0.5529985178587117	0.4746458890154851	0.54852451256961	0.4707944596179246	0.5490320414025875	0.46615349356253855	0.5538712799926174	0.49074761966440406	0.5591726214583335
0.48182533506240666	0.5468269835071492	0.4979753399626226	0.5403988619289143	0.4656589986755063	0.534623375382992	0.5006439735902545	0.532138104979594	0.46415006156272914	0.5295689369425796
0.4605119409749749	0.5575398257866137	0.5028518881343065	0.5481020834576525	0.4604799158384558	0.5410443483815347	0.46746730727553176	0.5362137254285135	0.4827230384736766	0.5347872562907786
0.46629108852503814	0.5305843363091844	0.47503240172873573	0.522139741832693	0.46042620585428573	0.5159472448132714	0.46009853054374134	0.5109764492148692	0.47694814226306026	0.5064807563227889
0.49100306951571987	0.5398442957643208	0.4694183194125823	0.5328253257215452	0.47582616702791125	0.5266547324346245	0.4601219883706789	0.5221244764057221	0.4902768425606778	0.5180866471214338
0.47270554850319507	0.5662637449862521	0.4751496987702894	0.5654519211778927	0.4605133934378532	0.5609202220364145	0.4713430999777089	0.5575480819638791	0.4851862335181691	0.5531299504323449
0.4605119409749749	0.5844501160178731	0.46323477428985677	0.5771064325698839	0.49897781745108705	0.5713060558647357	0.483501054426754	0.566288224426289	0.4861285293865256	0.560654829756685
0.4897019971346739	0.5472463209347157	0.47736704694549786	0.5376241546996599	0.48554641444042934	0.5305356101739691	0.48698724529837156	0.5262133068583815	0.458629902946924	0.521324078409831
0.49707989124134416	0.5466265070255294	0.49703007824693995	0.5396907701413441	0.4812741886582692	0.5340400483498597	0.48895273181022925	0.5294864634696475	0.4989721523585823	0.5241061389593822
0.485384118950639	0.5561039927686785	0.47504658936300215	0.5501863874177186	0.4980840803765725	0.5429106862552294	0.4821310211907549	0.5360175946031042	0.47967360607013143	0.5292084406631002
0.48188171652140693	0.5441534631531985	0.4749380106750016	0.5314924371636816	0.49722355156907044	0.5247815917271164	0.4952100667603608	0.5191644325438394	0.5055585543342273	0.5123036999392808
0.49480022769795273	0.5689362014958419	0.4895737654622826	0.5739301676577413	0.468829340863849	0.5688485539391785	0.5049117266051295	0.5641388949304228	0.4712848331127504	0.5593188853203896
0.48932004430632203	0.5385479440313801	0.48127613103166234	0.53128311452877	0.4850339387835269	0.5239419692485265	0.4990237775146205	0.5193570918144578	0.4974763956087423	0.5119716769287446
0.46994474090211047	0.5804555443886474	0.47447165560248517	0.5759049727987401	0.46855581757734477	0.571400022524436	0.46021070013160875	0.5659546987983626	0.4857406065162932	0.5619343739297544
0.4717344258465319	0.549959493617762	0.4928700830034891	0.546900097757679	0.48957553551296074	0.5464662193344908	0.4770329186115585	0.5463199954015565	0.47936696609167856	0.54677952299214
0.49295972181962405	0.5372092426060312	0.4987612868746307	0.5268677913076254	0.4690413805784049	0.5195052503574161	0.4601057714666714	0.5134812336540484	0.4902396054218867	0.5080568209617832
0.48557070513266865	0.5644214006812138	0.4894831235258063	0.5588608514318155	0.4868915544693493	0.55273894617319	0.4850605177538345	0.5478078410890358	0.491152970117647	0.5454580823265662
0.4786692882590704	0.5336256199274585	0.47200997788248905	0.5277239538339312	0.4694151196123968	0.5242084471751851	0.4885106385713366	0.5212742527997741	0.4668708024015395	0.5183464845490635
0.46595208938060095	0.5420973697540983	0.47512350783639057	0.5402702848010512	0.4932427286858669	0.5425852293817423	0.48174422264166405	0.5472277731015024	0.5050320351969685	0.5527629982889409
0.4811149339045901	0.5561527402405576	0.48199670344068124	0.5520715218767166	0.48625507230790727	0.5502000112953852	0.47620862392394003	0.5507515349536395	0.5063193928768371	0.5555412378489664
0.4837491924405416	0.5807434451578873	0.47766732247008686	0.5740038504943569	0.4832943732999507	0.56411773244184	0.47594890113991023	0.5581904048688917	0.4924504416627491	0.5546136300741376
0.49638941580489715	0.5655495029733982	0.47046468566528277	0.5625687241093185	0.46630912065244	0.5630044534886844	0.4771032249669143	0.5668800909913992	0.4812819045153472	0.5718785241745333
0.4790926913114684	0.5474955452076976	0.48463489712030855	0.53675994141847	0.5005554082778451	0.527848088053161	0.46903791996786376	0.5222313162853117	0.4664622443492709	0.5174736567292422
0.4869568306827103	0.5839803796985668	0.49200620465490785	0.5788997701484948	0.47300181534797064	0.5752878850246258	0.46021870518545516	0.5677047087027087	0.4694887603537972	0.5645154226007127
0.4924625732089244	0.5368896428627598	0.46313933510211447	0.5292912531269329	0.5058094531770149	0.5235433347214034	0.4791291741440347	0.5189076362407462	0.4904255611267829	0.5144368188284002
0.47637416450994974	0.5569332391145383	0.49483315389596344	0.550367383186309	0.4771556690661493	0.5430129194221117	0.49020569799800195	0.5376623056551004	0.4945060665115456	0.5308095167695689
0.47894305813428373	0.553701541474392	0.47197640481352654	0.5542784639603011	0.4710810850267272	0.5530281959233706	0.4871396440192841	0.5526663995880342	0.4990663219116141	0.5567269577119104
0.4758706721717871	0.5474169295314014	0.47781834297353915	0.5449019713881257	0.48332168597754244	0.5476326926583065	0.49415680117573485	0.5517510436473062	0.48207257704088013	0.5584110407142072
0.48201630057913053	0.5403706907010828	0.4706525278526266	0.5441754643976778	0.4604726022731402	0.5489970589844181	0.48893783060284457	0.5556876646565075	0.45869150053857943	0.5548553419979125
