0.00075	0.0008538642259563042	0.0008538642259563042	0.0009578317103060035	0.0009578317103060035	0.00106743343700285	0.00106743343700285	0.0011907736016086756	0.0011907736016086756	0.0013188455759430443
0.00075	0.0008799000850159095	0.0008799000850159095	0.001008187764786945	0.001008187764786945	0.0011459555185980455	0.0011459555185980455	0.0012860377595668583	0.0012860377595668583	0.001429284837096364
0.00075	0.0008710801242956637	0.0008710801242956637	0.0009907029365956587	0.0009907029365956587	0.0011124187571840405	0.0011124187571840405	0.0012299148412711744	0.0012299148412711744	0.0013536194297360854
0.00075	0.0008304471290457486	0.0008304471290457486	0.0009046050484023889	0.0009046050484023889	0.000993915857499355	0.000993915857499355	0.0010802281247082927	0.0010802281247082927	0.001170449074889371
0.00075	0.0008596551127996004	0.0008596551127996004	0.0009743488113548219	0.0009743488113548219	0.00108819871378571	0.00108819871378571	0.0012058724343608608	0.0012058724343608608	0.0013218453363669869
0.00075	0.0006934999305030952	0.0006934999305030952	0.0006367719022093658	0.0006367719022093658	0.0005802248483390132	0.0005802248483390132	0.0005202719748419659	0.0005202719748419659	0.0004539616873267911
0.00075	0.0006948357391323523	0.0006948357391323523	0.0006178186114008242	0.0006178186114008242	0.0005623108747693895	0.0005623108747693895	0.000515160362870714	0.000515160362870714	0.0004531605881361617
0.00075	0.0007172001445088042	0.0007172001445088042	0.0006758519809311867	0.0006758519809311867	0.0006320270881791366	0.0006320270881791366	0.0006064228801642669	0.0006064228801642669	0.000599369158154609
0.00075	0.0006794594546384708	0.0006794594546384708	0.0005799062314707314	0.0005799062314707314	0.00048814846132097316	0.00048814846132097316	0.0004043410261255677	0.0004043410261255677	0.0003086835579445784
0.00075	0.00067221570611327	0.00067221570611327	0.0006075034909957503	0.0006075034909957503	0.0005190363539286966	0.0005190363539286966	0.00046750875728250027	0.00046750875728250027	0.0003916500684531896
0.00075	0.0006323069061661367	0.0006323069061661367	0.0005372553716695962	0.0005372553716695962	0.0004302575793599942	0.0004302575793599942	0.00033671977969988324	0.00033671977969988324	0.00026095967585532164
0.00075	0.0006638217580369713	0.0006638217580369713	0.000597178002484261	0.000597178002484261	0.0005259445071021689	0.0005259445071021689	0.00045150540032411	0.00045150540032411	0.0003970490650637257
0.00075	0.0006740842755783987	0.0006740842755783987	0.0005918212768450878	0.0005918212768450878	0.0005270024507085663	0.0005270024507085663	0.00043476518819562736	0.00043476518819562736	0.00035560305875181636
0.00075	0.0006805411260069106	0.0006805411260069106	0.0006209362221941204	0.0006209362221941204	0.0005605801500042869	0.0005605801500042869	0.000489647471492599	0.000489647471492599	0.0004426992569602052
0.00075	0.0006959402195108119	0.0006959402195108119	0.0006288745697350612	0.0006288745697350612	0.0006077711999622266	0.0006077711999622266	0.0005756948855175338	0.0005756948855175338	0.0005270187105566421
0.00075	0.0006417306348945788	0.0006417306348945788	0.0005402180452359423	0.0005402180452359423	0.00042049755141158163	0.00042049755141158163	0.00032910069216885536	0.00032910069216885536	0.00022656785854892892
0.00075	0.0007021294974749161	0.0007021294974749161	0.0006599024590129707	0.0006599024590129707	0.0006228271182689836	0.0006228271182689836	0.0005964534573951159	0.0005964534573951159	0.00057679978167893
0.00075	0.0006550484293447752	0.0006550484293447752	0.000560007378384827	0.000560007378384827	0.0004704663276508996	0.0004704663276508996	0.0003866590589637001	0.0003866590589637001	0.0003007758243217515
0.00075	0.0006849346406951626	0.0006849346406951626	0.0006079467397269616	0.0006079467397269616	0.0005367116582835716	0.0005367116582835716	0.0004552186251732401	0.0004552186251732401	0.000380691018446284
0.00075	0.0006812463942737945	0.0006812463942737945	0.0006218866036452811	0.0006218866036452811	0.0005553951212541823	0.0005553951212541823	0.0005122753509564468	0.0005122753509564468	0.00045423453840944434
0.00075	0.0006848227018605753	0.0006848227018605753	0.0006390468839233427	0.0006390468839233427	0.0005833681411589171	0.0005833681411589171	0.000546281337719604	0.000546281337719604	0.000484389521861603
0.00075	0.000705727724926396	0.000705727724926396	0.000626469960152229	0.000626469960152229	0.0005689842243353838	0.0005689842243353838	0.0005350713884107986	0.0005350713884107986	0.00047015296300190467
0.00075	0.0006997860976332151	0.0006997860976332151	0.000645840590450275	0.000645840590450275	0.0005754819811333245	0.0005754819811333245	0.0005188695963260643	0.0005188695963260643	0.0004601693838372172
0.00075	0.0006825174558467362	0.0006825174558467362	0.0005982787822387503	0.0005982787822387503	0.0005366754838943604	0.0005366754838943604	0.0004798834982903189	0.0004798834982903189	0.00039621519541209146
0.00075	0.000692240061766969	0.000692240061766969	0.0006155621111294452	0.0006155621111294452	0.000544356181732164	0.000544356181732164	0.00048284889111918774	0.00048284889111918774	0.0004126558789284016
0.00075	0.0006982517881423007	0.0006982517881423007	0.0006530931391995413	0.0006530931391995413	0.0005985400428466559	0.0005985400428466559	0.0005654447374837304	0.0005654447374837304	0.0005238625852867451
0.00075	0.0006983821642095055	0.0006983821642095055	0.0006426024824669304	0.0006426024824669304	0.000593219523076013	0.000593219523076013	0.0005411325311845618	0.0005411325311845618	0.0005230731603439871
0.00075	0.0007008892268596431	0.0007008892268596431	0.0006432175404157154	0.0006432175404157154	0.0005687459016500207	0.0005687459016500207	0.0005103008901843683	0.0005103008901843683	0.00045526259380605566
0.00075	0.0006472901810894925	0.0006472901810894925	0.0005392240807919437	0.0005392240807919437	0.0004372515531283425	0.0004372515531283425	0.00037609474772071243	0.00037609474772071243	0.00030609949745001347
0.00075	0.0006988834624374361	0.0006988834624374361	0.0006612440967288001	0.0006612440967288001	0.000605667912220554	0.000605667912220554	0.0005557795172690211	0.0005557795172690211	0.0005043493535446473
0.00075	0.0006607042795099584	0.0006607042795099584	0.0005830334095475704	0.0005830334095475704	0.0004969786124600479	0.0004969786124600479	0.00042119869758304484	0.00042119869758304484	0.0003292093712856272
0.00075	0.000709460321089612	0.000709460321089612	0.0006372448017310365	0.0006372448017310365	0.0005689915358370869	0.0005689915358370869	0.0005201311921740214	0.0005201311921740214	0.00047549021455566156
0.00075	0.0006844172717108952	0.0006844172717108952	0.0006191828516816869	0.0006191828516816869	0.000565465211109353	0.000565465211109353	0.0005222779844963388	0.0005222779844963388	0.000491476339232352
0.00075	0.000694575000221316	0.000694575000221316	0.000635403712794862	0.000635403712794862	0.000603845737931858	0.000603845737931858	0.0005683819526769101	0.0005683819526769101	0.0005073661774577569
0.00075	0.0006627499874397276	0.0006627499874397276	0.0006017786202086718	0.0006017786202086718	0.0005450452210025393	0.0005450452210025393	0.0004889383176732964	0.0004889383176732964	0.00043730491945680243
0.00075	0.0006673449840490572	0.0006673449840490572	0.0005662527682807071	0.0005662527682807071	0.00048372358405069385	0.00048372358405069385	0.000390570720127581	0.000390570720127581	0.00030637972777825673
0.00075	0.0006890089832579702	0.0006890089832579702	0.0006462987546393915	0.0006462987546393915	0.0005897634187805318	0.0005897634187805318	0.0005475915759209001	0.0005475915759209001	0.0004930521782045437
0.00075	0.000661282243848376	0.000661282243848376	0.0005799798226192186	0.0005799798226192186	0.0005299434722333429	0.0005299434722333429	0.00047579333851412197	0.00047579333851412197	0.00042797662718421043
0.00075	0.0006662794698671714	0.0006662794698671714	0.0005756405654479134	0.0005756405654479134	0.0005016355728573375	0.0005016355728573375	0.000446799035225667	0.000446799035225667	0.0003829962295645849
0.00075	0.0006599381077533198	0.0006599381077533198	0.0005708518642809523	0.0005708518642809523	0.00048171613088210456	0.00048171613088210456	0.0003964556989317766	0.0003964556989317766	0.00031052306018663025
0.00075	0.0006680002372061121	0.0006680002372061121	0.0005455774364063779	0.0005455774364063779	0.00045464835286787114	0.00045464835286787114	0.0003705446205477844	0.0003705446205477844	0.00028873625310819266
0.00075	0.0007029698403338687	0.0007029698403338687	0.0006271735435182972	0.0006271735435182972	0.0005781162129936589	0.0005781162129936589	0.0005385465942260015	0.0005385465942260015	0.0004894934511189166
0.00075	0.0006488737168115051	0.0006488737168115051	0.0005363301177579564	0.0005363301177579564	0.0004465072947683841	0.0004465072947683841	0.00035458241949455513	0.00035458241949455513	0.00024443185763938733
0.00075	0.0006932417521114015	0.0006932417521114015	0.0006311149023424996	0.0006311149023424996	0.0005695316767729606	0.0005695316767729606	0.000499096188118119	0.000499096188118119	0.0004486773340626683
0.00075	0.0006542244588785949	0.0006542244588785949	0.0005501981172043054	0.0005501981172043054	0.0004357067972050828	0.0004357067972050828	0.000319827838873982	0.000319827838873982	0.0002115148682384421
0.00075	0.0006887312733374465	0.0006887312733374465	0.0006163096870950167	0.0006163096870950167	0.0005687054898283499	0.0005687054898283499	0.0005259845231980762	0.0005259845231980762	0.00048094542722681847
0.00075	0.0006632261719865093	0.0006632261719865093	0.0005893677654038178	0.0005893677654038178	0.0005362841298210952	0.0005362841298210952	0.00047543132336296337	0.00047543132336296337	0.0004012065109064816
0.00075	0.0007086558893795673	0.0007086558893795673	0.000656350223855499	0.000656350223855499	0.0006219107339029678	0.0006219107339029678	0.0005877642761370911	0.0005877642761370911	0.0005669100376787095
0.00075	0.0006944729841793738	0.0006944729841793738	0.0006577798599242275	0.0006577798599242275	0.0006218419599879933	0.0006218419599879933	0.0005771727929008774	0.0005771727929008774	0.0005489692984184394
0.00075	0.000663397870886873	0.000663397870886873	0.0005892879474926169	0.0005892879474926169	0.0005043160816123589	0.0005043160816123589	0.00041980359530942665	0.00041980359530942665	0.00034554463693934993
0.00075	0.0006682188933070357	0.0006682188933070357	0.000611935335943549	0.000611935335943549	0.0005441628214556297	0.0005441628214556297	0.0004797127062902337	0.0004797127062902337	0.00042510135666348775
0.00075	0.0006720991348862178	0.0006720991348862178	0.0005890492905270962	0.0005890492905270962	0.0005144184141417067	0.0005144184141417067	0.0004413121371829776	0.0004413121371829776	0.00038840466039566005
0.00075	0.000673234300301504	0.000673234300301504	0.000594533222850741	0.000594533222850741	0.0005107220964587451	0.0005107220964587451	0.0004468518441849657	0.0004468518441849657	0.0003758758429005837
0.00075	0.000716976869226445	0.000716976869226445	0.0006737021726178971	0.0006737021726178971	0.0006213914078520169	0.0006213914078520169	0.0005659176208978764	0.0005659176208978764	0.0005168382376394369
0.00075	0.0006862722004331496	0.0006862722004331496	0.0005897111045418612	0.0005897111045418612	0.0005292627024634181	0.0005292627024634181	0.00045523525905855175	0.00045523525905855175	0.0003907145476655852
0.00075	0.0006739615307386722	0.0006739615307386722	0.0006290491479989892	0.0006290491479989892	0.0005689010076836419	0.0005689010076836419	0.0005228069759366706	0.0005228069759366706	0.000477007330252989
0.00075	0.0006919604731513541	0.0006919604731513541	0.0006454234100478648	0.0006454234100478648	0.0005808957324779653	0.0005808957324779653	0.0005346438560398403	0.0005346438560398403	0.0004941218406724256
0.00075	0.0006861268994403597	0.0006861268994403597	0.0006034322304433778	0.0006034322304433778	0.0005410299596334668	0.0005410299596334668	0.00047925107047117125	0.00047925107047117125	0.0004241301681711743
0.00075	0.000710745675485342	0.000710745675485342	0.0006673784597621156	0.0006673784597621156	0.000623841275229642	0.000623841275229642	0.000579378303762541	0.000579378303762541	0.0005549500830848235
0.00075	0.0006771880908928398	0.0006771880908928398	0.0006168433646406005	0.0006168433646406005	0.0005259949674509405	0.0005259949674509405	0.000446703968340747	0.000446703968340747	0.0003706705567746624
0.00075	0.0006720634700596913	0.0006720634700596913	0.0005629156063801653	0.0005629156063801653	0.00046601814928984265	0.00046601814928984265	0.00037064841247832207	0.00037064841247832207	0.0002798420739390213
0.00075	0.0006560532420752343	0.0006560532420752343	0.0006057930938342675	0.0006057930938342675	0.0005237729292813698	0.0005237729292813698	0.00047668090844478527	0.00047668090844478527	0.0004335854950647427
0.00075	0.0006871400771566064	0.0006871400771566064	0.000630431846286257	0.000630431846286257	0.0005520171625290277	0.0005520171625290277	0.0004936244373919973	0.0004936244373919973	0.0004479179139586877
0.00075	0.0007057621862273738	0.0007057621862273738	0.0006804862877862738	0.0006804862877862738	0.0006288132292293495	0.0006288132292293495	0.0005819816436779298	0.0005819816436779298	0.0005543443924941579
0.00075	0.0006741507489233364	0.0006741507489233364	0.0006041451497596682	0.0006041451497596682	0.0005377420675992187	0.0005377420675992187	0.000478279976077704	0.000478279976077704	0.00042549753887198983
0.00075	0.0006812660249627666	0.0006812660249627666	0.0006166146682788598	0.0006166146682788598	0.0005517764162903653	0.0005517764162903653	0.0005082017289005014	0.0005082017289005014	0.00045122258913018315
0.00075	0.0006956701241816469	0.0006956701241816469	0.0006313613767185731	0.0006313613767185731	0.0005841936210048142	0.0005841936210048142	0.0005302845367694761	0.0005302845367694761	0.00047222402407113006
0.00075	0.0006644644006680845	0.0006644644006680845	0.0005633789840203639	0.0005633789840203639	0.00048076047765812887	0.00048076047765812887	0.00038614600997814296	0.00038614600997814296	0.0002902855408054527
0.00075	0.0006716110054708582	0.0006716110054708582	0.000571082798797524	0.000571082798797524	0.000490791078627098	0.000490791078627098	0.0004102079050542583	0.0004102079050542583	0.0003441143806269833
0.00075	0.0007030400684582749	0.0007030400684582749	0.0006727642645703302	0.0006727642645703302	0.0006364531318580847	0.0006364531318580847	0.0006126266296334378	0.0006126266296334378	0.0005909107240856534
0.00075	0.0006981580076312691	0.0006981580076312691	0.0006509868171219263	0.0006509868171219263	0.0005797380764083583	0.0005797380764083583	0.000542269576566948	0.000542269576566948	0.0004781426850100582
0.00075	0.0006885632040712444	0.0006885632040712444	0.0006048141504215781	0.0006048141504215781	0.0005222902503656582	0.0005222902503656582	0.00044257642031864195	0.00044257642031864195	0.0003935065856164244
0.00075	0.0006968114496979893	0.0006968114496979893	0.0006583415628590942	0.0006583415628590942	0.0005857420396533819	0.0005857420396533819	0.0005487292641591496	0.0005487292641591496	0.00048382801413092457
0.00075	0.0006499124258470974	0.0006499124258470974	0.0005933241966306872	0.0005933241966306872	0.000500588855014197	0.000500588855014197	0.000425056203282777	0.000425056203282777	0.0003660724163774574
0.00075	0.0006851548762951377	0.0006851548762951377	0.0006345628659306917	0.0006345628659306917	0.0005689601815981045	0.0005689601815981045	0.0005098773226785498	0.0005098773226785498	0.0004769087961263057
0.00075	0.0006938977841831489	0.0006938977841831489	0.000622931159332005	0.000622931159332005	0.0005660351813803343	0.0005660351813803343	0.0004964426989109367	0.0004964426989109367	0.0004551820145998569
0.00075	0.0006546941494483369	0.0006546941494483369	0.0005724632543636178	0.0005724632543636178	0.0004656089952387012	0.0004656089952387012	0.0003721339305097785	0.0003721339305097785	0.0002892679672554796
0.00075	0.0006257225944453017	0.0006257225944453017	0.0005015591213079362	0.0005015591213079362	0.0004113880774684349	0.0004113880774684349	0.0003298041795665686	0.0003298041795665686	0.0002448809902586734
0.00075	0.0006836823259292493	0.0006836823259292493	0.0006177778329771637	0.0006177778329771637	0.0005583059062091995	0.0005583059062091995	0.0005119372996885938	0.0005119372996885938	0.00044053234931318476
0.00075	0.0006989277091481988	0.0006989277091481988	0.000651046784973904	0.000651046784973904	0.0005863356885264987	0.0005863356885264987	0.0005321236422707185	0.0005321236422707185	0.000491263025366093
0.00075	0.0006817682787069829	0.0006817682787069829	0.0006087104334545025	0.0006087104334545025	0.000543393891109666	0.000543393891109666	0.00047521287897721266	0.00047521287897721266	0.00040522460508038606
0.00075	0.0006867761023967056	0.0006867761023967056	0.0006168176375241472	0.0006168176375241472	0.0005694234224004186	0.0005694234224004186	0.000527575661177819	0.000527575661177819	0.000506588801632892
0.00075	0.0006716289908963105	0.0006716289908963105	0.0005940584877515884	0.0005940584877515884	0.000484161449199291	0.000484161449199291	0.00040459881637352324	0.00040459881637352324	0.00031391652435285825
0.00075	0.0006994530524828544	0.0006994530524828544	0.0006344854388430628	0.0006344854388430628	0.0005861375339159863	0.0005861375339159863	0.0005584277246415101	0.0005584277246415101	0.0005358713751277822
0.00075	0.0006393042535103302	0.0006393042535103302	0.0005267001928703762	0.0005267001928703762	0.0004145973404411759	0.0004145973404411759	0.00030100315038871406	0.00030100315038871406	0.00021056037575925825
0.00075	0.0006768096336009306	0.0006768096336009306	0.0006269806043962433	0.0006269806043962433	0.000559311120774011	0.000559311120774011	0.0004954159290656847	0.0004954159290656847	0.0004371027631032714
0.00075	0.0006989369928972778	0.0006989369928972778	0.000660771612520192	0.000660771612520192	0.000597284346081554	0.000597284346081554	0.000533451116772813	0.000533451116772813	0.0004971713935917559
0.00075	0.0006744684779944506	0.0006744684779944506	0.0005937147129834114	0.0005937147129834114	0.0005224366051382194	0.0005224366051382194	0.0004609535609185035	0.0004609535609185035	0.00039682350132488414
0.00075	0.0006956820835456335	0.0006956820835456335	0.0006309169108692536	0.0006309169108692536	0.0005738864528100905	0.0005738864528100905	0.000539990776778054	0.000539990776778054	0.00048044490447293037
0.00075	0.0006746372890184786	0.0006746372890184786	0.0005998965420319219	0.0005998965420319219	0.0005551580366813219	0.0005551580366813219	0.0004986401396429357	0.0004986401396429357	0.00046588650555033016
0.00075	0.0006886548518044341	0.0006886548518044341	0.0006105444756716547	0.0006105444756716547	0.0005483754513750187	0.0005483754513750187	0.00047365082861839904	0.00047365082861839904	0.0004207996265582506
0.00075	0.0006444962079221569	0.0006444962079221569	0.0005430626132831518	0.0005430626132831518	0.0004541146794190576	0.0004541146794190576	0.00035652783609458396	0.00035652783609458396	0.0002777437803324188
0.00075	0.0006705910151610123	0.0006705910151610123	0.0005741432747644977	0.0005741432747644977	0.00047736169995948706	0.00047736169995948706	0.00039785102877905434	0.00039785102877905434	0.00032013743036858643
0.00075	0.0006743715581956447	0.0006743715581956447	0.0006114130836569495	0.0006114130836569495	0.0005728170835465851	0.0005728170835465851	0.0005129174029074518	0.0005129174029074518	0.00045018192973551597
0.00075	0.0006505494490347487	0.0006505494490347487	0.0005657526060663569	0.0005657526060663569	0.00046370780256509516	0.00046370780256509516	0.0003476203912894428	0.0003476203912894428	0.0002486474748685842
0.00075	0.0006938147246846213	0.0006938147246846213	0.0006196786062668501	0.0006196786062668501	0.0005853980169324148	0.0005853980169324148	0.0005336969600610256	0.0005336969600610256	0.000498761010451062
0.00075	0.0006679606388350521	0.0006679606388350521	0.0006003557880295767	0.0006003557880295767	0.0005228685167671523	0.0005228685167671523	0.0004697443272500354	0.0004697443272500354	0.00041056466565502094
0.00075	0.0006756714341530752	0.0006756714341530752	0.000592852535800622	0.000592852535800622	0.0005079849234498753	0.0005079849234498753	0.00044690935160771815	0.00044690935160771815	0.0003869807350515792
0.00075	0.0006804023601041007	0.0006804023601041007	0.0006167387660174238	0.0006167387660174238	0.0005637018421863828	0.0005637018421863828	0.0005201755515535895	0.0005201755515535895	0.0004567548713643385
0.00075	0.0006868634637491336	0.0006868634637491336	0.0006149128570146179	0.0006149128570146179	0.0005326579845288541	0.0005326579845288541	0.0004841108010118885	0.0004841108010118885	0.00040002963893019693
