0.6043605268151739	0.5252598898443052	0.6053656022578038	0.5249588889780372	0.6025948205373387	0.5220455945596018	0.5997538902432278	0.5205617620970556	0.6048213435523764	0.5201941612117625
0.6045447438724548	0.564171434246195	0.608592586960264	0.5634213352322971	0.6040978833536791	0.56093193020942	0.6117708575574088	0.5583043317082219	0.5947456720778821	0.5551733645389737
0.6039096501303504	0.5607268030990222	0.5977355011155456	0.5599475675974787	0.6098449015936783	0.5605736384289645	0.6023675304442351	0.5599185888984102	0.615082546646751	0.5602266200671316
0.6069505825041217	0.5570925518860002	0.6024381660267195	0.5563560401107664	0.6031259416423407	0.5536590925410323	0.6011781472821904	0.552356073800311	0.6098177949635979	0.5512909353352791
0.6072014289462663	0.5823939960763929	0.6137414177786841	0.581398328074131	0.6060440972484591	0.5790466214236641	0.5946746194296112	0.5766057282689099	0.6104870625240252	0.5744695943185427
0.4610669883568255	0.548251924689303	0.4651755015102031	0.5465297126860846	0.47321857112650684	0.5456315909434705	0.46913881280688835	0.545327311123224	0.4599589341228075	0.5450679954447715
0.4610669883568255	0.5825719986715647	0.4776062687125353	0.581343198991352	0.4612541439039289	0.5787805507121164	0.47240681205696106	0.5769191998710956	0.46002483775201697	0.5756362822557274
0.4610669883568255	0.5744455352220202	0.4729122325183511	0.573469210828025	0.46737448611992327	0.5709027076095476	0.460220530561703	0.5688795274362497	0.47299499999561084	0.5671128984448887
0.4706734000734051	0.5774535216321648	0.4610043416046894	0.577167688577164	0.4612453000482979	0.5765514686756329	0.4680711480926552	0.5760091107509995	0.4694277872889642	0.5754823037852017
0.4697426442245413	0.5615403773854925	0.4754485728268009	0.5606722829378944	0.46121082353287973	0.5595981846725937	0.4701935194551688	0.5585321566045274	0.46833247918106735	0.5574894238813405
0.4610669883568255	0.5432403090242727	0.4609321174691027	0.5396881123771111	0.46116694312864304	0.5373327035196169	0.46014856138960347	0.5344828135623672	0.4599354559945961	0.5300040436951559
0.4610669883568255	0.5334417457514334	0.4609114083532477	0.5332555672584329	0.47042305343764834	0.5323962462534982	0.46013795441332145	0.5315205898119656	0.45993033304555214	0.5310764614519197
0.4610669883568255	0.5069775316053899	0.46085556179451337	0.5057964927504086	0.46109594901345324	0.5040667871437612	0.4674278929416244	0.5029498905288414	0.45986960260930865	0.5019980368127325
0.47285516163156	0.5337100973512605	0.4609119749231071	0.5333752057093459	0.4674212690016232	0.5324309938808912	0.46890400789069264	0.531351400323945	0.46604280785194385	0.5317609688119674
0.4610669883568255	0.5380702056446378	0.4664766795308847	0.5351915157145413	0.46116948286557025	0.5323495253877163	0.4687395831782225	0.5303049321221347	0.46870463792873784	0.5282567030485331
0.46917757171868124	0.5584549009410111	0.47124081741497154	0.5549319222953447	0.474094637936645	0.5501653128746696	0.4601832948350499	0.5460309902106358	0.45998089433669803	0.5414506287661588
0.46530824973426477	0.5193962392512365	0.4608817436666342	0.518931333760639	0.4734670219509004	0.5180207561892662	0.4601071165868364	0.51804536498143	0.45990002680383957	0.5180453578246181
0.4610669883568255	0.5176500148395036	0.4686731697097915	0.5160629708357852	0.4715712582222236	0.5133636676812565	0.4600971689648549	0.5122830731245572	0.4685222557435395	0.5102063436644048
0.46834280961697133	0.5513264750400189	0.4609491794853399	0.5528947331535387	0.4700870400723513	0.552609401189986	0.4601812776848997	0.553327026089318	0.45997599335724937	0.5545822511617394
0.4610669883568255	0.5316515563958626	0.47062072598900073	0.5302268693512935	0.46114683493879616	0.5269109277940598	0.4601261587676799	0.5245460704147807	0.47150300878566903	0.5221991557189468
0.46754051628644827	0.5458113108487892	0.46093751314306053	0.5462794016997798	0.47308310006296683	0.5462163748729261	0.46817045225276166	0.5464956433643569	0.4704929654588563	0.5460427083296617
0.4610669883568255	0.5659010462211688	0.4684239188353519	0.5651837373139169	0.4612202644118171	0.5641300894979436	0.4602170412520774	0.5630274925585912	0.4662404045018422	0.5620279557048401
0.4610669883568255	0.5418859252162758	0.4681221579933474	0.5439651238356555	0.4611757319803586	0.5431223176259432	0.4601687908805226	0.5436238147042437	0.45997236948002096	0.5429978264210205
0.4610669883568255	0.5588275384887939	0.47121832661010044	0.5605215334873039	0.4699248596442658	0.5589070195329369	0.4601947827651725	0.5588676298301336	0.4661888690173104	0.5587277364893779
0.47004182743086376	0.5678432476532571	0.46098407447208717	0.5670553014336435	0.47035598865666095	0.5643442703316597	0.46021666805388695	0.5623676775482975	0.4600025495355621	0.5611293128435499
0.46861907821337484	0.5482655401206483	0.46094270579210334	0.5479216011446381	0.4701770747213895	0.5463267445258698	0.47031699201805627	0.5461779791840209	0.4699432917232558	0.5473710474100253
0.4685596358481348	0.5809216414808	0.4610116755397356	0.5797076046835868	0.4612507170764594	0.5769107430367825	0.47001729691089744	0.5747325684159088	0.46003257076980913	0.5725923284794971
0.4708997946147613	0.5670959597986212	0.4609824852188047	0.5664692990025219	0.46122295784169065	0.5677565550029771	0.46829287122350544	0.5671053530827491	0.47063497687273637	0.5664223940086149
0.4610669883568255	0.5667366374691108	0.4661824656419443	0.5667635645553262	0.46122349284397973	0.5659949948836497	0.47067329264922564	0.5654844113690234	0.46735158404356353	0.5648377727190033
0.47092897047225757	0.5252061529735128	0.46089405031151315	0.5239837474415249	0.47086470072283215	0.5230869665116482	0.4684751254969858	0.521961200139726	0.4665790768234847	0.5207731287795327
0.4610669883568255	0.5509960909436422	0.46094847079270834	0.5498607473509655	0.4717996149458975	0.547700602027938	0.47166100581054166	0.546403033420846	0.4599729010146249	0.5453454912450769
0.4610669883568255	0.5843361881044968	0.47235355916488647	0.5832783522723273	0.4612582013046909	0.5826859675646817	0.4658248603739485	0.5813217251234479	0.4600445344556985	0.5792793526704548
0.46806410549242206	0.5505531386135593	0.47334302214103324	0.5471899193478116	0.4695136854280653	0.5448291982847029	0.4703587968839878	0.5416990011936912	0.45996106695200717	0.5378044622509293
0.4610669883568255	0.5706432465961055	0.4726864750080544	0.5701754332542307	0.4715707676843947	0.5690700151180246	0.46897068238028505	0.5681825544003182	0.4600076507266623	0.5672676428565584
0.4610669883568255	0.5814483129738144	0.47147017872407143	0.5798258239454847	0.4612510140817695	0.5766365651411898	0.46678427983776927	0.5726180703665777	0.4600257477816763	0.5688057417476433
0.4681702963222381	0.5724756669083325	0.4609938434915345	0.5721620455714289	0.467738837674106	0.5728246852078591	0.4602246404651567	0.5726437773814486	0.4600209687874732	0.572332267848459
0.4610669883568255	0.564312600336314	0.460976608647089	0.5634532906638571	0.46121661625855614	0.5623258286887272	0.46020212585429493	0.5614024979349486	0.4678528479130688	0.5603186626604033
0.46795418773145836	0.5725948642808623	0.47336243038292486	0.5690997995048281	0.46123247654574684	0.5673040271654963	0.4602187968870999	0.5636233022544939	0.4672496771078062	0.5601990385227746
0.46607605143219905	0.5774093781838536	0.47464456555268103	0.577425424636407	0.47181625939322586	0.5739235990701378	0.4682333725600825	0.5711102826912874	0.469943620509994	0.5675367192857979
0.4610669883568255	0.5599562019767823	0.46807001667831144	0.5608935873975969	0.46121121827988054	0.5599567015207872	0.4602061906987254	0.5601455355617487	0.4671758529194123	0.5611807114801735
0.470317724586923	0.5652082808177119	0.4609784882839485	0.5642770696428028	0.47540918870437093	0.5634432339486192	0.4693200007376176	0.5629082801448424	0.45999592403621736	0.5623202800429733
0.4610669883568255	0.5433813102699956	0.4609324047252674	0.5441163164147634	0.46117603779410815	0.5429379783830584	0.46016986921981157	0.5448188337564873	0.45996887182281104	0.5448886808965505
0.4610669883568255	0.5302968477139486	0.4699212215768001	0.5302163609562818	0.46114682670117463	0.529326741591786	0.46865867273545075	0.5295115158035458	0.45992471866630963	0.5292090693967646
0.4777772641078394	0.5745097947340781	0.4610051794405082	0.5732886684516544	0.4612372453315286	0.5740114900701275	0.47415704837187433	0.5738658298708559	0.4600227335352266	0.5737149350589174
0.47629657861541813	0.5821919563833782	0.46101434869621555	0.5806936420147867	0.46125282078430846	0.5813170763107168	0.4676391569538653	0.5811178207669028	0.47009940546683787	0.5806841599872921
0.47284962115915036	0.5475884649018259	0.4669814731341835	0.5486247939416807	0.4726630049485935	0.5465056690589942	0.4699689920502545	0.5459697484680576	0.4599609806594643	0.5482164128979986
0.47029323760032454	0.5881832987924299	0.4610270070232201	0.5876899860850322	0.4683123106100465	0.5871311869955326	0.4707277110812207	0.5867447056713795	0.46005698325448824	0.5849978033369871
0.4610669883568255	0.5631603304632141	0.4708187711661261	0.5623092218855887	0.4703717024017267	0.5612712835189504	0.47002807706439304	0.5603293701486455	0.4712143538189934	0.559258113585865
0.4610669883568255	0.5681126152811853	0.46098463170486603	0.5673248061393908	0.4612247044019275	0.5661910207732819	0.46830524515969174	0.5653315797993557	0.46549501307702656	0.5643015511541527
0.4610669883568255	0.5307225367149694	0.46527497226413983	0.5305543253466511	0.4705492107274754	0.528374233973538	0.46012931863359546	0.5280482979897735	0.4599209373146742	0.5269232414359117
0.4610669883568255	0.5693680117859777	0.47358586200883307	0.5686271954777973	0.4612274198089239	0.5676319580399917	0.46880896244822395	0.5666921595682762	0.47016171607513874	0.565640504010984
0.4610669883568255	0.5171717534563467	0.4706256537786992	0.5170118585964087	0.46111916188838137	0.5161556559042318	0.47164775973173334	0.5153346978194114	0.46788550218849906	0.5143656391663228
0.4610669883568255	0.5296373519084728	0.46090336543634836	0.5290936412876058	0.4611444769612918	0.5262817207481943	0.47557235072004994	0.5251562317052468	0.46486423562732526	0.5233874029292802
0.4610669883568255	0.5760196992104393	0.46100131676490297	0.5746505552600178	0.469598645381381	0.5728600732316304	0.46023252897818273	0.5707585645027272	0.46002315191810234	0.5692375547190861
0.47008869475486154	0.5761739864770865	0.46100164252355064	0.5736166117854444	0.4723664951492154	0.5692378674551709	0.4734020834763129	0.5655114231925927	0.46001168640957485	0.5613668336061163
0.4610669883568255	0.5623377730639564	0.46097243914291525	0.5615391845128775	0.46754245516864607	0.5605511640676134	0.4665727933131557	0.5594736453864038	0.4599892535273347	0.5582638940272101
0.4610669883568255	0.5070879612536413	0.4608557371722748	0.5051860034923906	0.461094411807551	0.5031021380240763	0.4600750939306027	0.5015228982281775	0.45986442595115395	0.5012650971497354
0.4726489973359419	0.5671192612850309	0.4609825344157293	0.5657043144143046	0.4612213778088999	0.564044089526442	0.46020582223467965	0.5629534673278266	0.4692776531665521	0.5620198479324909
0.46757387577349746	0.5747568107157268	0.47350321070439905	0.576479868596916	0.4612438614750113	0.5747827276411058	0.4672075168664362	0.5740865752197932	0.465603067336098	0.5751017131109368
0.4610669883568255	0.5762454725102627	0.46100180511645555	0.5734354478122103	0.4679739659694405	0.5708897208610234	0.46022808006073046	0.5671778747589409	0.4600152127435278	0.563134048998546
0.4610669883568255	0.5543270879899721	0.46937788890930243	0.5552696455591215	0.46985339160067036	0.5549565247372271	0.4601945862465288	0.5560952029726314	0.46852508266771153	0.5577255190890273
0.4610669883568255	0.530211000627005	0.47092987115437923	0.5298384033966903	0.4611460989611954	0.5288723654556707	0.46937800027930016	0.5282596056569384	0.4688492722832722	0.5279196337001208
0.47555658730838457	0.5583997378825871	0.46096413595284497	0.5574616078943058	0.4736309230477927	0.556779024638	0.4601894202313422	0.5561032166137082	0.4748893762082899	0.5559205440869133
0.46534020497389245	0.5653502576231012	0.4609787880400868	0.5647637578091944	0.4704490446454272	0.564099957788245	0.4657347459493696	0.5639676153733111	0.4599985676755495	0.5636852599860047
0.4610669883568255	0.5175615746932665	0.46735197473853146	0.5157327596206562	0.47194288984270866	0.5145223271803321	0.46011006693009776	0.513055443546043	0.4686069895095255	0.5117915283640225
0.46980475784928966	0.5661058809240495	0.46998757574554834	0.5673691515124789	0.47207082804188916	0.5671621470333267	0.4678749995932011	0.566876017883128	0.46674618779694776	0.5664573338826149
0.4699088899347222	0.564253233683667	0.47284713056320105	0.5634404170196569	0.4719008475781996	0.5624377805049996	0.4686456182865095	0.5614464702321078	0.4669658221851139	0.5603387555358202
0.47010572011593676	0.5554705494817171	0.4712405276786283	0.5555735308748305	0.46120001722468235	0.555998032645053	0.46888725341294607	0.5568756997925371	0.4599949771332722	0.557625453927459
0.4610669883568255	0.5253470643578988	0.4608943074650448	0.5255414473506939	0.46113707718947605	0.5230741823730045	0.46916902383942405	0.5211680855871187	0.4599091942865403	0.5205917903231189
0.4610669883568255	0.5399587471667585	0.4682794094592189	0.5393377899075827	0.461165975348008	0.5367152981500426	0.4691313557179024	0.5355425911432836	0.45994917323702117	0.5341687139743287
0.4610669883568255	0.5800162664788061	0.4689659136273226	0.578524875493252	0.4737998616242746	0.5757662247842599	0.471941431327693	0.5722863019177703	0.46915131775207697	0.5682684787598724
0.4693763964561314	0.5653564644149346	0.47308185257005797	0.5641701585669625	0.4612181647439014	0.5625361345374642	0.4602116499309882	0.5608709849424628	0.4600033491390192	0.5592988846438149
0.4737938337499031	0.5464301014292666	0.46787545316889206	0.5455713096144126	0.46117903224282214	0.544051389839008	0.46922666181047173	0.5446283817549477	0.46970973036422875	0.5447908894994566
0.4729296998410046	0.5666942938892724	0.4609816257075121	0.5666979361314586	0.4662497301582913	0.5665109993716881	0.47019189322049476	0.5648590981089759	0.4646400912737842	0.5641066915033154
0.46538292529316794	0.5736491430586117	0.47114215763315936	0.5729273026549176	0.4727131381720072	0.5697287172207737	0.46022694091346866	0.5683163018250389	0.4600191816067535	0.5660786940125344
0.4698075129451713	0.5667842073208142	0.46098181554191003	0.566122946843173	0.47187024828027113	0.5648941517223844	0.46020763359042594	0.5640420032132132	0.4736240465030234	0.5631668079328855
0.4637051525190564	0.5789684350881763	0.4734704065085059	0.57844879643012	0.4706901265142483	0.5776919227374078	0.4681926192154517	0.5771681838883767	0.46002529453950974	0.5765926244033417
0.4610669883568255	0.5372346414673792	0.471936064061673	0.5338650418306319	0.4611547493611684	0.5313645381680607	0.47034530519107	0.5294897232734116	0.46892315469574153	0.5269549694900721
0.4610669883568255	0.5607357345377106	0.4609690463792055	0.559887251241566	0.4612091908922899	0.5588551043461066	0.47047059093481436	0.5577574432998488	0.4705806326213639	0.5565627016435549
0.4610669883568255	0.5334853463043643	0.47410819141745597	0.532620607604433	0.46115193743702587	0.5319780592373875	0.46868857367779854	0.5327228083836508	0.4687764018470338	0.5331213437121044
0.4670478801943986	0.555893887403145	0.46095882272680805	0.5577463165175952	0.4612046143834541	0.556727088179047	0.4671259601001307	0.5569769497979029	0.45999389975119553	0.5564708918478521
0.4702782251244152	0.5363784825320266	0.4609176086772171	0.5379908166446284	0.4611631971378249	0.5369298183407049	0.46916153977349023	0.5375645951807225	0.4673226449580373	0.5385915230401772
0.4610669883568255	0.5394659538739547	0.4609240616741649	0.5385082837096801	0.4666122824535372	0.5371148158686838	0.4601581903920202	0.5344135653118336	0.45994765057188536	0.5329025150303581
0.47331046198671667	0.5678881998505417	0.4609841578919641	0.5671276686476286	0.46122431444418793	0.5661872534974483	0.46795783219016834	0.5651070414971749	0.4650816758041955	0.5641090795351495
0.4672588686276252	0.5598494648716406	0.4685324628330829	0.5602048523037615	0.46832094312917844	0.5590372529473556	0.47439389241226076	0.5583558116134516	0.46842170563699337	0.5586975383673993
0.4610669883568255	0.5598126503941852	0.46097678238455003	0.5596352047921052	0.4612086965941	0.5589569408606446	0.47019821335172424	0.5584701028434333	0.46000671258516096	0.5565944935670835
0.46923887876137754	0.5605379483680211	0.4693124316939614	0.5596744754880086	0.46885816083366116	0.5585911352296705	0.46633329055023615	0.557620447801721	0.45998959749336943	0.5566684436453403
0.4610669883568255	0.5659104836062195	0.4609799708469911	0.5666442401136519	0.46885144963362396	0.5661564554416931	0.46021032894757247	0.5659516095423516	0.46000318072237434	0.5656697484678996
0.470653157303556	0.5712706037157547	0.46099129922337917	0.5705637609718585	0.4612315016438879	0.5687242210285981	0.4602158471104139	0.5677392540833167	0.4703295794487842	0.5666996643196378
0.4610669883568255	0.5796015067207902	0.4610088883377083	0.5786892302343689	0.4718599854271593	0.5759512205574563	0.4691822820013414	0.5735998346873121	0.47311220994373493	0.5726737748811662
0.4694872772719253	0.565094174505876	0.4609782588037707	0.5642224197228339	0.4658645339482394	0.5632233820267845	0.4638038947197579	0.5622814034125826	0.45999400839414667	0.5611449001810951
0.4684687264056415	0.5642258796066162	0.4609764255514409	0.5633482918799774	0.46121643020670045	0.5622752812615522	0.46020202901056884	0.5613065970110208	0.47216158534843444	0.5602302960134018
0.469592656771416	0.539865904935837	0.4609249825866098	0.540458486363942	0.47561800861011966	0.5411994915392548	0.46015680937202125	0.5401454718751014	0.459948654936764	0.5421159604832865
0.4610669883568255	0.52651108766614	0.4608967437318035	0.5259961410076988	0.4680171534956585	0.5232681558256	0.4601295268432719	0.5207171662097839	0.46983179466446034	0.519343858994757
0.4666538616980102	0.5629890537077449	0.4778897614675482	0.5631182375201176	0.4612158675142783	0.5631126077211227	0.46020381309272995	0.5630783892938727	0.46415119252250225	0.5634174281897324
0.4610669883568255	0.5691727547393151	0.4674372327798467	0.5684177470497055	0.4717871748957733	0.5661056695036677	0.46022104636489763	0.5641782853138657	0.460002887211616	0.562868179684398
0.46998513466052416	0.5244637508856628	0.46089243193943014	0.524257009472793	0.4680251547847731	0.5241494095630183	0.47359167522930345	0.5235195885053576	0.4742842333724168	0.523455370533815
0.47090002853153046	0.5634848414498212	0.46097486097873347	0.562598268291058	0.469067244111232	0.561642375098969	0.46021189463185885	0.5605612928747538	0.45999485657116007	0.5593846278379517
0.4610669883568255	0.5670585331548259	0.46866654252778156	0.563753240576566	0.4612262916473622	0.5618326599156298	0.46729865163781703	0.558205458252075	0.4751374275411119	0.5555354510728434
0.4610669883568255	0.5663336367934609	0.460980864251421	0.5655246755718188	0.4612209201899179	0.5647552706999879	0.46020733576203293	0.5638424984517268	0.4599986503436141	0.5634381743173782
