0.5975852042697198	0.6447240671100923	0.6055433890784939	0.6448603993097475	0.601786451490568	0.6449745911453306	0.5977354575169931	0.6451051444648689	0.5925354409675331	0.645267118903476
0.60604153916463	0.6429672472337155	0.5992706626907867	0.6428448071281166	0.609689295809255	0.6429650203563426	0.6192221625548839	0.6428512456029751	0.5980907977965206	0.6429015430471208
0.6033987295662872	0.6433744238357408	0.5966221955527574	0.6434950208086567	0.6160270972386652	0.6436560173284505	0.6140336845208247	0.6438517370906702	0.6091823880989302	0.6440198266755832
0.6136433983397611	0.6407522872407815	0.6034061697845233	0.6405465845603323	0.6061444362719481	0.640301243489593	0.610949559263571	0.6401095030291991	0.6015035765223354	0.6398341130925402
0.601842157294086	0.6478372928675675	0.6160584640499843	0.6473093935496531	0.6116814156758286	0.6471719753998335	0.5987767109894048	0.647241169593194	0.5989612297117578	0.6471014842584777
0.46034124212745625	0.6375964692735676	0.4772583282196956	0.6387635447012567	0.4725208799960709	0.6404935762562082	0.4725656034117331	0.6422767658910297	0.4616933964123745	0.6436322628769667
0.46034124212745625	0.6462523202893435	0.46884140762777726	0.6461461832198864	0.46133896424162474	0.6461559526649256	0.464823839544683	0.6458646125562516	0.4616990782151593	0.6454624769088915
0.46034124212745625	0.6437136357025551	0.4678343126848229	0.6438543646712751	0.4663893815892589	0.6433518677438976	0.4601676417233282	0.6433600748137959	0.4689526027934663	0.642988812777554
0.4743059696550536	0.6437406064295861	0.4630184033251083	0.6438646988187015	0.46133414030214553	0.6440102760148171	0.4657471111603441	0.6441868456958794	0.4683040071465069	0.644340837775388
0.4702589541741662	0.6433322389887823	0.4710512517755857	0.643480669193959	0.46133329772158443	0.643644504146999	0.47147259343058284	0.6438235795212197	0.4665901769503505	0.6440050517013755
0.46034124212745625	0.6420930780501369	0.46301490327556155	0.6417311631311212	0.4613295688823547	0.6412699808501033	0.4601631960239524	0.6425998055054817	0.46169362266539254	0.6419686773354141
0.46034124212745625	0.6446647189959932	0.46302034457314034	0.6446036172054895	0.4734974943657116	0.6446196725189145	0.46017033056202544	0.6446506900261548	0.461699405143244	0.6447289023099798
0.46034124212745625	0.6423225472861566	0.4630154049942598	0.6424977890355862	0.4613312383687385	0.6427009286240153	0.4751630215158227	0.6429112494390048	0.4616941224215374	0.6431184154516334
0.4665265124333475	0.6446076902073498	0.4630202231489814	0.6447205401921731	0.473337319568012	0.6448367658454746	0.4687832565478224	0.6450157124286188	0.4720958162211051	0.6452152845475074
0.46034124212745625	0.6475653592075887	0.46959454614673957	0.6474225948404855	0.46134508367543037	0.6474692070138074	0.46502650672508167	0.6475022031683613	0.4706728445893257	0.6474542269480722
0.46937008004347835	0.6481669822163056	0.4771290451426262	0.6483364427873476	0.47390970299127017	0.6477683557638649	0.460181128111412	0.6476430233001808	0.4617130008371637	0.64748153463373
0.469750748097615	0.6444217216842091	0.4630198140415303	0.6445300015479333	0.4747433175025931	0.6446657244886063	0.4601704159605417	0.6448196777024872	0.46169835413404553	0.6449683582747099
0.46034124212745625	0.6422744866321088	0.46656743805847545	0.6424419445190718	0.4762199087049864	0.642642762785542	0.4601661313938783	0.6428552485698831	0.47383366431772805	0.643065209152715
0.46727124263139275	0.6439012826793625	0.4630187323020573	0.6440421448442389	0.470967487272817	0.644183448273181	0.4601694095260392	0.6443471424023429	0.46169735560866	0.6444783857786148
0.46034124212745625	0.6412944414063954	0.47763745429146104	0.6410877340214727	0.46132836042042724	0.6408004082867027	0.4601621112729309	0.6405889130208268	0.470899469245354	0.6403562949859402
0.467937161882348	0.6438664541907024	0.46301863179085234	0.6442845985594012	0.4682684436044191	0.6441516333606347	0.46971796127910326	0.6440697114130164	0.4694669713154508	0.6439779563978114
0.46034124212745625	0.6441291162120967	0.471639264874012	0.6442894004535548	0.4613350211343637	0.6443872388238429	0.46016510956609535	0.6445806338538876	0.4715574790356662	0.6447274683291195
0.46034124212745625	0.6438746997658558	0.47397654575960124	0.6437969547593761	0.4613340180765792	0.6436748697238278	0.46017279206897904	0.6436619251083869	0.4617055837292201	0.6438190542241614
0.46034124212745625	0.643801690709956	0.4734561264335496	0.643949993877085	0.4724450152338839	0.6440983580019174	0.46016922728728943	0.644252338107665	0.47697162282640904	0.6444011832373804
0.4660017553852902	0.6427779060794315	0.4630163666387067	0.6427386084984161	0.4647910570998463	0.6426580373624992	0.46016483830825333	0.6427268574556659	0.46169946453129734	0.6428759763337402
0.46967139077225817	0.6439371042083245	0.46301880857315497	0.6440847755429815	0.471126162891665	0.6442249113576146	0.4649013444012188	0.6443752504731681	0.47119990174931986	0.6445237841641581
0.46860957637033424	0.6468430037767151	0.4630250221806438	0.6469504520715685	0.46134068718375026	0.6465831429049457	0.46651118924942936	0.6460623023025893	0.4617058954223433	0.6463154643188881
0.47024657148485405	0.6433734999192354	0.4630176216748822	0.6435226149637449	0.4613333911026324	0.6436785624716714	0.4655664929760799	0.6438600949611992	0.47258669827030303	0.6440291072946315
0.46034124212745625	0.6437877578880407	0.4694350049138508	0.6439154646363153	0.4613342525157416	0.6440625119614877	0.4680164506598661	0.6442427029509107	0.4750986420664552	0.6444011289174
0.46487523832281297	0.6423747009096965	0.46301551604680175	0.6425547036821576	0.46427298215938023	0.64274016547879	0.4687210281444951	0.642940345552582	0.47201385695068043	0.643150786044626
0.46034124212745625	0.6483015565347979	0.4630280879969998	0.6480599685438756	0.4688559256650104	0.6478970058818221	0.46495253689101	0.6477680596423762	0.4617092252289059	0.6475612459565291
0.46034124212745625	0.6494518319153461	0.472692287176526	0.6491805231017351	0.46134540689504633	0.6489000147307913	0.46920455452939913	0.6487574127529173	0.46171063743223656	0.6486901367522354
0.47173464765620343	0.6517376518123567	0.4697255915304781	0.6516547213127203	0.46709438062552716	0.6515673361495957	0.47148116017627895	0.6516623603855088	0.46171774446981634	0.6516025113901015
0.46034124212745625	0.6436371919505408	0.47274231858002486	0.6437501905266515	0.4714588262067189	0.6437888689798343	0.46395601114237717	0.643785992475246	0.4616984451822418	0.643731867144227
0.46034124212745625	0.6480652372450852	0.47030309757897537	0.6472026443549882	0.46134120696633407	0.6470463411422019	0.4658690544007143	0.6471871178879939	0.4617085061363591	0.6467977582253537
0.4664972379776113	0.6435386737739396	0.46301797336630907	0.6436680815088419	0.47280831620375297	0.6438317176815757	0.46016865622062286	0.6440043285995115	0.46169690185332746	0.6441688236783453
0.46034124212745625	0.6435633590959893	0.463018025926769	0.6437277935843705	0.46133383159837016	0.6439121813673376	0.4601688417659063	0.6439965836455718	0.46892556565333565	0.6441914285943929
0.47092330142947514	0.6388041549460466	0.4693253247140862	0.6404403480053965	0.4613313679641661	0.6409074492918958	0.4601664605645817	0.6430525616962622	0.4700468380692554	0.6432925052033035
0.47701552084708626	0.6463400212148646	0.4757022413701631	0.6460933172604028	0.4663438197104593	0.6461206532896121	0.4703423318102487	0.645599039719375	0.4678100483776365	0.6458572408823757
0.46034124212745625	0.6442129118847911	0.4731441131840371	0.6443306963634307	0.46133514388640606	0.6444434462650332	0.4601740779690204	0.6446420410628854	0.4659118219054397	0.6447725756070776
0.4725276904496107	0.6435895154834435	0.46301808161944763	0.6437096730040383	0.4683095466312323	0.6438695305068058	0.4680939909065753	0.644025118399896	0.4616969616853493	0.6442062706319219
0.46034124212745625	0.6444678077551385	0.4630199385448567	0.6445916286040168	0.4613357162348891	0.6447222486823933	0.4601757896300979	0.6448817391459686	0.4617028976632782	0.6450362575447517
0.46034124212745625	0.644380954007449	0.47359188037819966	0.6445028540879929	0.46133554462069537	0.6446470729697009	0.47189261513847797	0.6447836349461139	0.46169827696290316	0.6449316447745793
0.4772131243288284	0.6433814582337692	0.46302218247821725	0.6435248120028517	0.4613333957731017	0.643682006226133	0.4755159709562077	0.6438618077922221	0.4616968260539359	0.6440493142522316
0.4685412556667134	0.6506473254184004	0.46303310451669866	0.6506069439424874	0.4613484488405461	0.6502834774411966	0.4669602590357022	0.650196353354725	0.4678759292125094	0.650074346912672
0.46913089766292665	0.6435062933953622	0.47339951559504817	0.6436470434366761	0.47674275040542463	0.6433732990033029	0.4687103933699234	0.6433065420801584	0.4616973721494877	0.6432569731408317
0.46587103542806674	0.6502344348458934	0.4630322432662232	0.6502047788191174	0.4641405024104299	0.6494879959049578	0.4752827245170413	0.649597653432056	0.46171293728262724	0.6492923346356247
0.46034124212745625	0.643984667812069	0.4725969249619731	0.6441867162628678	0.46799044497174785	0.6443782715432792	0.4728663085682159	0.6444940169052567	0.4668327193637463	0.6445651698302804
0.46034124212745625	0.6442113892599793	0.46301940572398637	0.6440995629655211	0.46133464401752794	0.6440736701520833	0.4668949453131223	0.6441414257768141	0.4745312375217868	0.6442122540260619
0.46034124212745625	0.6451534660122141	0.4732372789806124	0.6451980282035749	0.4710639737268076	0.6452732422777009	0.46017173030341474	0.6452952774451368	0.4616961203647976	0.6451529631333917
0.46034124212745625	0.6438657770336248	0.46859809458698726	0.6439748868378926	0.461334370192219	0.6441494705870421	0.4696876431864506	0.6443052694120348	0.4746309033175873	0.6444957305286844
0.46034124212745625	0.6445384260677972	0.4690856814630712	0.6446416945704889	0.4613358790794453	0.644783134797772	0.4679942075612568	0.6449281630785217	0.47392185320387004	0.6450815935062363
0.46034124212745625	0.6440878119999318	0.4630191030961632	0.6441103163314441	0.46133475015554426	0.6438708940821793	0.46477554960089285	0.6438281243928333	0.46875873540003155	0.6437476042672113
0.46034124212745625	0.6450546228505537	0.46302121431013565	0.6450784125655998	0.4709277709970032	0.6445746815173027	0.4601754935082974	0.6445691080571635	0.46170225789149083	0.6444261129048332
0.4710190500892079	0.645683401856547	0.4630225350038495	0.6457774176451189	0.47146263856395365	0.6458933408083771	0.4656515623327816	0.6453895977709482	0.4617037471153658	0.6451065401109514
0.46034124212745625	0.6433452173611048	0.46301756145508705	0.6435075332938924	0.4740984300905194	0.6436703287249775	0.4672262140908697	0.6438479794122627	0.4616963000491891	0.6440079880980064
0.46034124212745625	0.6449497872306362	0.46302092978593506	0.6450229344680017	0.4613367189497379	0.6451743617561086	0.4601714651335917	0.6452985235513997	0.4616993661504635	0.6454380684680291
0.4664579823221059	0.6431929068410412	0.4630172502758893	0.6432610132923522	0.4613328438691572	0.6432270290764076	0.46016737435193344	0.6432113212543416	0.4658131040584373	0.6433292919269538
0.4692483489833564	0.6461722585437454	0.47325606262701747	0.6459575871309238	0.4613385802824818	0.6456516940685151	0.4669177708887555	0.6452518171996178	0.4725055559404836	0.6450890667422616
0.46034124212745625	0.649705229676079	0.463031111810625	0.649685209062575	0.4718174427373412	0.6490650428404118	0.4601845983882497	0.6486938383848819	0.46171067045899905	0.6488793250987672
0.46034124212745625	0.6505220979440647	0.4723994907361861	0.6505014502587096	0.47248436861562143	0.6505084584438038	0.460187574616823	0.6505846635633951	0.4667410193522672	0.6503920306156419
0.46034124212745625	0.6441820252637022	0.47142006964277067	0.6443245125866369	0.46133517923927486	0.6444301232308406	0.4713257567146269	0.6445761416209221	0.46770096069141126	0.6447217516859657
0.4684092278844237	0.6432127891901365	0.4630172926102076	0.6433514108800599	0.4701923121756424	0.643517824310014	0.4601679117987334	0.6437111861059897	0.4675319795903322	0.6438800126087221
0.46888150988071675	0.6436406994170184	0.4630181906012426	0.6437891559774783	0.4710487532228214	0.6439521559987931	0.46654142610129584	0.6441255682667032	0.46169868733514785	0.6442892595133203
0.46034124212745625	0.6447947533692867	0.4804600614958789	0.6449015353730156	0.4709595413586436	0.6450606026415979	0.46017633371446176	0.6451728316675188	0.47379514849531906	0.6453323318454894
0.4698423320858112	0.6439332641245086	0.473023086276361	0.6440713260166334	0.46962160647528484	0.6442382098637811	0.4706936108549482	0.644339380434435	0.4673323028291757	0.6445892429174251
0.4715854539837574	0.6437233792976708	0.4721073984582343	0.6439731329647386	0.47022259911139586	0.6440671812817779	0.47130110565529615	0.64425191175106	0.46835367154248564	0.6444121695028315
0.46690333492665376	0.6504079998360063	0.47284321564969434	0.6502492230000259	0.46134773963226827	0.6502431936278162	0.4678898975760954	0.6502529622038113	0.46171444858503685	0.650207392084174
0.46034124212745625	0.6443341425933239	0.46301962757214626	0.6444319732702666	0.4613354161390782	0.6445784062354339	0.4683390740252418	0.6447130556820878	0.46170091712234895	0.6448759963319051
0.46034124212745625	0.6459054126100191	0.4746381486335157	0.6456293114996106	0.4613379386948701	0.6455396174958538	0.4659539835913972	0.6454050498379904	0.46170472970320636	0.6451702359493015
0.46034124212745625	0.6488924594594477	0.4718294908424326	0.6487688413219403	0.4709058874073112	0.6486310160931218	0.46660760724313	0.6483506986415458	0.47158028387650464	0.6477234299460307
0.47044395476425444	0.6430314848514185	0.4721961563842642	0.642959932578854	0.4613321950427418	0.6428789618747297	0.46017058556061996	0.642897777697209	0.461699159652846	0.6429918236111497
0.46799353005665467	0.644196169424188	0.4710617195197596	0.644313024559311	0.46133515911261597	0.6444730450557904	0.46867617150647795	0.644593375990227	0.47129110296342813	0.6447624662377661
0.4691035221295917	0.6437505603551789	0.4630184113844618	0.6438738014685446	0.4724405207697564	0.6440260027151463	0.47178408722244153	0.6442052689293746	0.4744603785762093	0.6443634155910382
0.4747417844663853	0.644790752835567	0.47236165627723053	0.6446669384766567	0.4701826048443506	0.6442158537052208	0.4601721675668699	0.6438942160437856	0.46170134302412985	0.6439444366402197
0.47256119175241906	0.643630241858245	0.4630181683348101	0.6437611680189497	0.47187511723505077	0.6439199777776199	0.4601688452483293	0.6440839439351127	0.4706382289442048	0.6442636780982446
0.4777272377030096	0.6436987513069505	0.4687688805508572	0.6438216284328011	0.47038951928158707	0.6439763406505511	0.4717889499853991	0.6441380082771254	0.46169540499582246	0.6443097066639386
0.46034124212745625	0.6424773750433663	0.4723678392805472	0.642591915255963	0.4613314254364236	0.642757083937769	0.4683111283027821	0.6429794142230365	0.4647340968834044	0.6431014579660862
0.46034124212745625	0.6439678667036182	0.4630189003509939	0.6439566359651531	0.4613343140633835	0.6438556051343314	0.4687815235579427	0.6439591298394877	0.46954772627341596	0.6439959386764792
0.46034124212745625	0.6446035885195763	0.47259542045383335	0.644747154729655	0.4613360730718015	0.6449113926113069	0.47045238391569194	0.6450322459032253	0.46802973495647726	0.6452003127694611
0.46716634425263587	0.6441210520387342	0.4630192133765054	0.644058321764698	0.46133456065849066	0.6440758120981606	0.4666434593447525	0.6440536339957404	0.4617010101538826	0.6441308088249879
0.4703222380492075	0.6440696177149001	0.4630190774986711	0.6442023676903251	0.46133491539661203	0.6443412496488733	0.47052390317506915	0.6445086861285615	0.47380491461468754	0.6446487221050975
0.46034124212745625	0.6409917556109964	0.46301247670045376	0.6437085207667695	0.4683642362300615	0.6440922550265821	0.4601744472490621	0.6447040237300806	0.46170269066679526	0.6454611730452969
0.465960809690027	0.6437859043599167	0.46301849977428006	0.6436876304146936	0.4613337684090526	0.6438031145468628	0.4696034779804009	0.643813769400449	0.46865074827061	0.6438984349077113
0.4712754883186025	0.6441112339928321	0.47047236373692286	0.64388086189305	0.467599918956485	0.6435192568786766	0.46521784180513936	0.6438050133496711	0.4724056087768426	0.6435209141730527
0.46034124212745625	0.6439102906717029	0.4630185569632249	0.6439940203827038	0.46133437611211797	0.644060521865647	0.47312669489035214	0.6441864732967562	0.4617057283706187	0.6443423680448236
0.4708133567033225	0.6432834659177364	0.47060267867498823	0.6434298914441824	0.4711004229129562	0.6435938410064589	0.46639942181977595	0.6437719062110732	0.461701947753837	0.6439478469374323
0.46034124212745625	0.6438960504361114	0.4630187211615827	0.6440078632636047	0.4685975385337549	0.6441773330334755	0.4601693964289669	0.6443386223398123	0.4616973373661612	0.6444955378909697
0.46868047195128104	0.6433380782944131	0.46301754625444325	0.6434332728650649	0.46133322774337426	0.643394520001046	0.4601677198685339	0.6435621227544287	0.4682065310833845	0.6434069335663831
0.46034124212745625	0.6453051438474575	0.4630217477273659	0.6457571176554161	0.46773459356346375	0.6451361610126451	0.4713444634447608	0.6448847567301688	0.4667938051799653	0.6447245029726474
0.4704702827691875	0.6436453058069364	0.4630182135419611	0.6435810197517583	0.47017308474731334	0.6436726130472283	0.47024797178690614	0.6437783484292741	0.4616947750139255	0.6436555274173359
0.4678317761306493	0.6438276790669257	0.4630186018581567	0.6437526575826344	0.4613338716078752	0.643827398189262	0.46016866018300623	0.6439040831239399	0.47348788773648914	0.6438886118423743
0.4680386721604008	0.6446075205523907	0.46302023602051223	0.6445993757865223	0.47431427397827536	0.644557868080173	0.46017021142452963	0.6446689463833329	0.4617000292953954	0.6446690880236189
0.46034124212745625	0.6449569326767607	0.4630209449990273	0.6450688145755424	0.47288589862082203	0.6452209341587192	0.46017555657661974	0.6453266163806727	0.47151170228850764	0.645453874140237
0.46921729762243364	0.6438962786289738	0.4745291944419415	0.6440508410050428	0.46133453593842455	0.6442426078611266	0.46016953622874024	0.6443375087054926	0.47290244530759906	0.6445141006433079
0.46034124212745625	0.6428425576847879	0.4696046139228341	0.642868318060643	0.4711306978638435	0.6429672513351663	0.46016225432189517	0.6429617646374708	0.46170037288315796	0.6429819220175109
0.4689755414651297	0.6446203983066797	0.46302022390246345	0.6447289890734287	0.46809666630569646	0.6448857178667046	0.4705393604021691	0.6450199221766098	0.47047669736911146	0.6451583049128248
0.4716747855502976	0.6435670523046011	0.46301803379041406	0.6437078126363913	0.46915490291446155	0.6438481952743853	0.46016396286881295	0.6440595394150691	0.46170256196220316	0.6441514538652575
0.46034124212745625	0.6484433810199552	0.47051686922987096	0.6486966322451735	0.46134781415494375	0.648536524792258	0.4678203338492422	0.6486547796359076	0.471019757122084	0.6485718881975012
0.46034124212745625	0.6436689331009405	0.46301825071693	0.6438027365672206	0.4613340217227431	0.6439516633660369	0.46016891310973296	0.6441272717590081	0.4616968848385427	0.6442868830256091
