0.0001	0.0006152464472449513	0.0006152464472449513	0.0012755226053378923	0.0012755226053378923	0.001896503937066971	0.001896503937066971	0.002590839344868773	0.002590839344868773	0.003273869486472139
0.0001	0.0011151462492646018	0.0011151462492646018	0.0020795773280731407	0.0020795773280731407	0.0030224631267277936	0.0030224631267277936	0.004120906254797869	0.004120906254797869	0.004911027917942133
0.0001	0.0009671109037931294	0.0009671109037931294	0.0017338980684725228	0.0017338980684725228	0.002673658619574413	0.002673658619574413	0.0034935350803854117	0.0034935350803854117	0.0043713034901742805
0.0001	0.00056381437956168	0.00056381437956168	0.001007325328580272	0.001007325328580272	0.0014562532015808807	0.0014562532015808807	0.0018379139112807785	0.0018379139112807785	0.0022707880220136025
0.0001	0.000937383793988941	0.000937383793988941	0.0019117826653325452	0.0019117826653325452	0.0028320629713028656	0.0028320629713028656	0.003613829459843045	0.003613829459843045	0.004439114911286415
0.0001	0.00016628673459985626	0.00016628673459985626	0.0002724219909552723	0.0002724219909552723	0.00018302211525974803	0.00018302211525974803	0.0001435626756341039	0.0001435626756341039	0.00010834223456576278
0.0001	3.2910891410367926e-5	3.2910891410367926e-5	3.078221716978288e-5	3.078221716978288e-5	3.0389085428068512e-5	3.0389085428068512e-5	3.116097451857797e-5	3.116097451857797e-5	3.069026513171893e-5
0.0001	3.36333669133318e-5	3.36333669133318e-5	3.190101074606107e-5	3.190101074606107e-5	2.9962391807256055e-5	2.9962391807256055e-5	3.005178718871949e-5	3.005178718871949e-5	3.0155656713593114e-5
0.0001	4.579023860883704e-5	4.579023860883704e-5	3.6239400479128155e-5	3.6239400479128155e-5	3.1861735726219767e-5	3.1861735726219767e-5	3.28210027487745e-5	3.28210027487745e-5	3.310740527162222e-5
0.0001	7.613084268745027e-5	7.613084268745027e-5	0.00012122139433004823	0.00012122139433004823	3.499516118538276e-5	3.499516118538276e-5	4.768527132639186e-5	4.768527132639186e-5	3.81608074251756e-5
0.0001	4.185506596658365e-5	4.185506596658365e-5	4.459457327792e-5	4.459457327792e-5	3.4668162916185175e-5	3.4668162916185175e-5	3.283091438664007e-5	3.283091438664007e-5	3.326757924846312e-5
0.0001	3.350867668839747e-5	3.350867668839747e-5	3.153009524106585e-5	3.153009524106585e-5	3.217729564524941e-5	3.217729564524941e-5	3.7838132553136476e-5	3.7838132553136476e-5	4.9336602641211995e-5
0.0001	0.00013706578989411265	0.00013706578989411265	0.00016296925759346447	0.00016296925759346447	9.99502570305091e-5	9.99502570305091e-5	0.0001769944753429786	0.0001769944753429786	0.00010581923591071423
0.0001	3.205196125327764e-5	3.205196125327764e-5	3.14054306588588e-5	3.14054306588588e-5	3.1473205893058735e-5	3.1473205893058735e-5	3.578187757353093e-5	3.578187757353093e-5	3.193833474035186e-5
0.0001	6.572719870293407e-5	6.572719870293407e-5	9.145719420512822e-5	9.145719420512822e-5	7.097366877901032e-5	7.097366877901032e-5	9.847519498792896e-5	9.847519498792896e-5	9.112455881163483e-5
0.0001	0.00017223755313994726	0.00017223755313994726	0.00022546506727046158	0.00022546506727046158	0.00014761622449705318	0.00014761622449705318	0.00014179883349988193	0.00014179883349988193	0.00012623707766963368
0.0001	3.2128826936928263e-5	3.2128826936928263e-5	3.2057185369827555e-5	3.2057185369827555e-5	3.134554378772488e-5	3.134554378772488e-5	4.14270763949453e-5	4.14270763949453e-5	3.867861642088335e-5
0.0001	0.00013792778809068357	0.00013792778809068357	0.0001705116417641552	0.0001705116417641552	0.00013966491781869698	0.00013966491781869698	0.00010801687473069232	0.00010801687473069232	0.00015762684836886917
0.0001	3.68894028630048e-5	3.68894028630048e-5	3.241433752134834e-5	3.241433752134834e-5	3.142927731387363e-5	3.142927731387363e-5	3.147818324545063e-5	3.147818324545063e-5	3.150974308530553e-5
0.0001	4.22368450906305e-5	4.22368450906305e-5	3.863068059368621e-5	3.863068059368621e-5	5.025861200153019e-5	5.025861200153019e-5	3.963321443500179e-5	3.963321443500179e-5	4.4172657488546e-5
0.0001	3.2572133040361685e-5	3.2572133040361685e-5	3.313313734739233e-5	3.313313734739233e-5	3.32283239012715e-5	3.32283239012715e-5	3.267299516586412e-5	3.267299516586412e-5	5.520732379752172e-5
0.0001	3.093692358608167e-5	3.093692358608167e-5	2.976705835853785e-5	2.976705835853785e-5	2.982433431057163e-5	2.982433431057163e-5	3.000213926819282e-5	3.000213926819282e-5	3.2808725008616505e-5
0.0001	3.208553926120991e-5	3.208553926120991e-5	3.117768708872562e-5	3.117768708872562e-5	3.125137980649509e-5	3.125137980649509e-5	3.135721546439348e-5	3.135721546439348e-5	3.2304015382154325e-5
0.0001	4.128586278425703e-5	4.128586278425703e-5	3.119417753965205e-5	3.119417753965205e-5	3.12729569718978e-5	3.12729569718978e-5	3.254393729864321e-5	3.254393729864321e-5	3.232424747241382e-5
0.0001	3.8088217806532526e-5	3.8088217806532526e-5	3.3460973383930216e-5	3.3460973383930216e-5	3.315605245926346e-5	3.315605245926346e-5	3.15380235448668e-5	3.15380235448668e-5	3.212238111382043e-5
0.0001	3.16881315779998e-5	3.16881315779998e-5	3.3199704568141445e-5	3.3199704568141445e-5	3.146883230298193e-5	3.146883230298193e-5	3.401957231070814e-5	3.401957231070814e-5	3.236660374665464e-5
0.0001	3.2437227400712486e-5	3.2437227400712486e-5	2.986532854254094e-5	2.986532854254094e-5	2.999495656903949e-5	2.999495656903949e-5	3.476577513782754e-5	3.476577513782754e-5	3.1390667400267344e-5
0.0001	4.267376461518038e-5	4.267376461518038e-5	4.268485757451673e-5	4.268485757451673e-5	3.948615568960478e-5	3.948615568960478e-5	3.3581369548944474e-5	3.3581369548944474e-5	3.612675893279576e-5
0.0001	3.807487316227216e-5	3.807487316227216e-5	3.332362448866444e-5	3.332362448866444e-5	3.162178721092288e-5	3.162178721092288e-5	3.1695173927280226e-5	3.1695173927280226e-5	3.1786250578076006e-5
0.0001	3.023623088200439e-5	3.023623088200439e-5	3.254619027014452e-5	3.254619027014452e-5	3.285518173721254e-5	3.285518173721254e-5	4.18984562429552e-5	4.18984562429552e-5	3.190285662738118e-5
0.0001	3.208085732151303e-5	3.208085732151303e-5	3.3524910573903015e-5	3.3524910573903015e-5	4.288986702808259e-5	4.288986702808259e-5	4.5470447473704436e-5	4.5470447473704436e-5	3.4875216517363426e-5
0.0001	3.356818192279762e-5	3.356818192279762e-5	3.191669758340486e-5	3.191669758340486e-5	3.0888927387150885e-5	3.0888927387150885e-5	3.2629498992686156e-5	3.2629498992686156e-5	3.196668863809829e-5
0.0001	4.99362708465343e-5	4.99362708465343e-5	9.038944686721244e-5	9.038944686721244e-5	6.395924018329105e-5	6.395924018329105e-5	6.168823807405809e-5	6.168823807405809e-5	5.029137346724004e-5
0.0001	3.325287679568674e-5	3.325287679568674e-5	3.4076231760088345e-5	3.4076231760088345e-5	3.085901296361393e-5	3.085901296361393e-5	3.1227338050269334e-5	3.1227338050269334e-5	3.231972695752304e-5
0.0001	3.8889402643030435e-5	3.8889402643030435e-5	3.901843242739378e-5	3.901843242739378e-5	3.809978569306147e-5	3.809978569306147e-5	4.105513972781442e-5	4.105513972781442e-5	3.805185578226412e-5
0.0001	4.500592078675441e-5	4.500592078675441e-5	4.2278383502228466e-5	4.2278383502228466e-5	3.314385281560289e-5	3.314385281560289e-5	3.245375615275618e-5	3.245375615275618e-5	3.228717552531306e-5
0.0001	3.160626504317542e-5	3.160626504317542e-5	2.9800106812699743e-5	2.9800106812699743e-5	2.9901129276643935e-5	2.9901129276643935e-5	3.0270727640030958e-5	3.0270727640030958e-5	3.126166345396893e-5
0.0001	0.00017463982926231106	0.00017463982926231106	0.0001893851330093436	0.0001893851330093436	6.813646514444243e-5	6.813646514444243e-5	4.9761917295895336e-5	4.9761917295895336e-5	4.685382551334549e-5
0.0001	3.8656822448769994e-5	3.8656822448769994e-5	7.89000492447136e-5	7.89000492447136e-5	3.904433006607395e-5	3.904433006607395e-5	4.074485426737015e-5	4.074485426737015e-5	3.797811056484356e-5
0.0001	3.404562286956694e-5	3.404562286956694e-5	3.076463970088476e-5	3.076463970088476e-5	3.100014137039822e-5	3.100014137039822e-5	3.105523114435653e-5	3.105523114435653e-5	3.245761819484739e-5
0.0001	3.563972961409969e-5	3.563972961409969e-5	4.454077620493559e-5	4.454077620493559e-5	3.405147079599002e-5	3.405147079599002e-5	3.098512247740649e-5	3.098512247740649e-5	3.7432972996533526e-5
0.0001	3.123430897892249e-5	3.123430897892249e-5	3.110447150360552e-5	3.110447150360552e-5	3.1190298912124075e-5	3.1190298912124075e-5	3.134717472134996e-5	3.134717472134996e-5	3.173911776419772e-5
0.0001	3.214842323916833e-5	3.214842323916833e-5	3.2032450466577926e-5	3.2032450466577926e-5	3.203853523432077e-5	3.203853523432077e-5	4.702127608680957e-5	4.702127608680957e-5	3.7609239246286274e-5
0.0001	4.7644580887920406e-5	4.7644580887920406e-5	4.6806746521888244e-5	4.6806746521888244e-5	4.066502806549524e-5	4.066502806549524e-5	4.050718332700672e-5	4.050718332700672e-5	3.8266960558233474e-5
0.0001	4.351333854232112e-5	4.351333854232112e-5	4.430376723738654e-5	4.430376723738654e-5	4.033633025116294e-5	4.033633025116294e-5	4.066400518001898e-5	4.066400518001898e-5	4.167703090142388e-5
0.0001	3.331732504117274e-5	3.331732504117274e-5	3.147236343386199e-5	3.147236343386199e-5	3.154998790968145e-5	3.154998790968145e-5	3.164705670038589e-5	3.164705670038589e-5	3.220803226044841e-5
0.0001	3.8560469246782554e-5	3.8560469246782554e-5	4.2370631498128484e-5	4.2370631498128484e-5	4.0771068699910256e-5	4.0771068699910256e-5	4.417042820841035e-5	4.417042820841035e-5	3.62281024473217e-5
0.0001	3.309410056515381e-5	3.309410056515381e-5	6.495399832388396e-5	6.495399832388396e-5	2.9544094196418793e-5	2.9544094196418793e-5	2.964895517483318e-5	2.964895517483318e-5	3.076377219758487e-5
0.0001	3.1564744801735685e-5	3.1564744801735685e-5	3.0192665196759117e-5	3.0192665196759117e-5	3.0317737090831867e-5	3.0317737090831867e-5	3.510094193749404e-5	3.510094193749404e-5	3.46314580905677e-5
0.0001	3.15012020946087e-5	3.15012020946087e-5	3.699509416062541e-5	3.699509416062541e-5	5.111183835617857e-5	5.111183835617857e-5	4.4431270420938865e-5	4.4431270420938865e-5	4.1678070415588904e-5
0.0001	3.366107746948827e-5	3.366107746948827e-5	3.595007026646612e-5	3.595007026646612e-5	3.077619433805935e-5	3.077619433805935e-5	3.135256459447924e-5	3.135256459447924e-5	3.162765038078697e-5
0.0001	3.1304843839048845e-5	3.1304843839048845e-5	3.125324297794811e-5	3.125324297794811e-5	4.777468790945303e-5	4.777468790945303e-5	4.0288829711072266e-5	4.0288829711072266e-5	4.0133615769805815e-5
0.0001	6.340588504461855e-5	6.340588504461855e-5	4.1371903650865996e-5	4.1371903650865996e-5	3.504769373710106e-5	3.504769373710106e-5	7.339699695307383e-5	7.339699695307383e-5	5.0787028413563074e-5
0.0001	3.892127379499976e-5	3.892127379499976e-5	3.583357248281009e-5	3.583357248281009e-5	3.323767584781942e-5	3.323767584781942e-5	3.3773633933553346e-5	3.3773633933553346e-5	3.309529287831624e-5
0.0001	5.1702552798617686e-5	5.1702552798617686e-5	4.0306128174609344e-5	4.0306128174609344e-5	3.248302541821115e-5	3.248302541821115e-5	3.3616834082918365e-5	3.3616834082918365e-5	3.250644951303382e-5
0.0001	4.0749684913845094e-5	4.0749684913845094e-5	3.818457999819262e-5	3.818457999819262e-5	2.9557827106729066e-5	2.9557827106729066e-5	3.3516940912648816e-5	3.3516940912648816e-5	3.38643986117748e-5
0.0001	3.834131490004336e-5	3.834131490004336e-5	5.9299021539916704e-5	5.9299021539916704e-5	5.602169196324355e-5	5.602169196324355e-5	7.127369240294888e-5	7.127369240294888e-5	3.808081736028695e-5
0.0001	3.465220767578933e-5	3.465220767578933e-5	2.9647966025650253e-5	2.9647966025650253e-5	2.9702669555354927e-5	2.9702669555354927e-5	2.9837966518825866e-5	2.9837966518825866e-5	2.9951272812725483e-5
0.0001	3.265146260417178e-5	3.265146260417178e-5	3.147714810109987e-5	3.147714810109987e-5	3.1290688083747505e-5	3.1290688083747505e-5	3.547292301805141e-5	3.547292301805141e-5	3.155297302649061e-5
0.0001	3.842456908120463e-5	3.842456908120463e-5	3.3406021938407476e-5	3.3406021938407476e-5	3.380505049984805e-5	3.380505049984805e-5	3.3303094556878714e-5	3.3303094556878714e-5	3.29006751307247e-5
0.0001	3.263828895857054e-5	3.263828895857054e-5	3.277391729920501e-5	3.277391729920501e-5	3.30294685896319e-5	3.30294685896319e-5	4.099741493326182e-5	4.099741493326182e-5	3.303914021904158e-5
0.0001	3.79610600216266e-5	3.79610600216266e-5	3.247846100564845e-5	3.247846100564845e-5	3.286125249837622e-5	3.286125249837622e-5	3.5121380875015796e-5	3.5121380875015796e-5	3.855442369430723e-5
0.0001	0.00012173193750998776	0.00012173193750998776	0.0001131106234583857	0.0001131106234583857	8.633360097749787e-5	8.633360097749787e-5	7.031827971220922e-5	7.031827971220922e-5	6.980576842981702e-5
0.0001	4.696268117406215e-5	4.696268117406215e-5	3.540597584167514e-5	3.540597584167514e-5	3.113837998138498e-5	3.113837998138498e-5	3.243043101756292e-5	3.243043101756292e-5	3.5771599313508346e-5
0.0001	7.081838606773138e-5	7.081838606773138e-5	0.00013969790541518495	0.00013969790541518495	0.00011609865613871386	0.00011609865613871386	0.00010910845395309124	0.00010910845395309124	0.00011151829977887653
0.0001	4.3701868353150216e-5	4.3701868353150216e-5	3.463902824726627e-5	3.463902824726627e-5	3.1099957546572234e-5	3.1099957546572234e-5	3.124076125133692e-5	3.124076125133692e-5	3.138808634195816e-5
0.0001	3.343352199942624e-5	3.343352199942624e-5	3.112799577376097e-5	3.112799577376097e-5	3.002848781539353e-5	3.002848781539353e-5	3.1665268460325756e-5	3.1665268460325756e-5	3.268152719522977e-5
0.0001	3.3606453217975034e-5	3.3606453217975034e-5	3.414969081758953e-5	3.414969081758953e-5	3.3216948144206216e-5	3.3216948144206216e-5	3.387041879002172e-5	3.387041879002172e-5	3.319347092363879e-5
0.0001	3.4909290539909474e-5	3.4909290539909474e-5	3.173149244184127e-5	3.173149244184127e-5	5.497808339813172e-5	5.497808339813172e-5	4.300771235665014e-5	4.300771235665014e-5	4.2889677434600266e-5
0.0001	3.150233772036642e-5	3.150233772036642e-5	3.7882714211400166e-5	3.7882714211400166e-5	4.604954779606016e-5	4.604954779606016e-5	5.23821226378099e-5	5.23821226378099e-5	4.032563684926759e-5
0.0001	0.00010045076594012579	0.00010045076594012579	0.0001139361625047898	0.0001139361625047898	7.007206552685884e-5	7.007206552685884e-5	6.328344296725912e-5	6.328344296725912e-5	5.635877706467159e-5
0.0001	3.657634958812563e-5	3.657634958812563e-5	3.502490372281633e-5	3.502490372281633e-5	3.129008878652041e-5	3.129008878652041e-5	3.0762354257712766e-5	3.0762354257712766e-5	3.180885272611963e-5
0.0001	3.107775690309042e-5	3.107775690309042e-5	3.1990389405652414e-5	3.1990389405652414e-5	3.139914998775092e-5	3.139914998775092e-5	3.226552192035859e-5	3.226552192035859e-5	3.1515101320048284e-5
0.0001	4.90968788006727e-5	4.90968788006727e-5	3.5953024753379765e-5	3.5953024753379765e-5	3.1182932808380025e-5	3.1182932808380025e-5	3.129611530838696e-5	3.129611530838696e-5	3.1930176128073166e-5
0.0001	4.130769582926969e-5	4.130769582926969e-5	3.5628255712339024e-5	3.5628255712339024e-5	3.432604412698041e-5	3.432604412698041e-5	3.2778488599632945e-5	3.2778488599632945e-5	3.355119656185207e-5
0.0001	4.2627559103394364e-5	4.2627559103394364e-5	3.8108866407145045e-5	3.8108866407145045e-5	3.266994789805164e-5	3.266994789805164e-5	3.125673938193036e-5	3.125673938193036e-5	3.4305447075248497e-5
0.0001	4.231054901142144e-5	4.231054901142144e-5	3.4459814413597863e-5	3.4459814413597863e-5	3.166339975882171e-5	3.166339975882171e-5	3.264605858240486e-5	3.264605858240486e-5	3.4356078315368745e-5
0.0001	3.158724053005476e-5	3.158724053005476e-5	5.573689377934595e-5	5.573689377934595e-5	2.980358478113387e-5	2.980358478113387e-5	2.9110819414800106e-5	2.9110819414800106e-5	3.2270694486343604e-5
0.0001	4.3791561781573024e-5	4.3791561781573024e-5	3.146249777805635e-5	3.146249777805635e-5	3.0196756549080423e-5	3.0196756549080423e-5	5.850391879986442e-5	5.850391879986442e-5	2.9752762384205194e-5
0.0001	3.3508911021594424e-5	3.3508911021594424e-5	3.131236118199466e-5	3.131236118199466e-5	3.139112175028865e-5	3.139112175028865e-5	3.157986750869606e-5	3.157986750869606e-5	3.450919466815125e-5
0.0001	3.698478655623496e-5	3.698478655623496e-5	3.20600431604259e-5	3.20600431604259e-5	3.107420770327744e-5	3.107420770327744e-5	3.112333049906314e-5	3.112333049906314e-5	3.144960429409605e-5
0.0001	3.5833052743526507e-5	3.5833052743526507e-5	3.23643840148389e-5	3.23643840148389e-5	3.190609845722715e-5	3.190609845722715e-5	3.2540385162400234e-5	3.2540385162400234e-5	3.180120840659218e-5
0.0001	0.00010541853729243899	0.00010541853729243899	0.00011991846544540947	0.00011991846544540947	5.348410698414087e-5	5.348410698414087e-5	5.7615604801027344e-5	5.7615604801027344e-5	5.523020744685753e-5
0.0001	3.30242463805375e-5	3.30242463805375e-5	3.1427092556527576e-5	3.1427092556527576e-5	3.0486110645311966e-5	3.0486110645311966e-5	3.084710457025262e-5	3.084710457025262e-5	3.413447760711054e-5
0.0001	3.2922633656878136e-5	3.2922633656878136e-5	3.154636518302758e-5	3.154636518302758e-5	3.155279947902452e-5	3.155279947902452e-5	3.16543167272103e-5	3.16543167272103e-5	3.211778780668179e-5
0.0001	3.2241955158762534e-5	3.2241955158762534e-5	4.788301897191337e-5	4.788301897191337e-5	2.972041109185017e-5	2.972041109185017e-5	4.2708787768399095e-5	4.2708787768399095e-5	2.9272098186108055e-5
0.0001	5.352970017235217e-5	5.352970017235217e-5	0.0001245420948182683	0.0001245420948182683	5.5338565524492325e-5	5.5338565524492325e-5	7.832558669926674e-5	7.832558669926674e-5	3.18437697782611e-5
0.0001	3.8903557054895474e-5	3.8903557054895474e-5	3.1642717130319835e-5	3.1642717130319835e-5	3.168173599713005e-5	3.168173599713005e-5	3.2350874770096915e-5	3.2350874770096915e-5	3.1768155788119125e-5
0.0001	3.667451800358585e-5	3.667451800358585e-5	3.200920620396112e-5	3.200920620396112e-5	3.0604927964860444e-5	3.0604927964860444e-5	3.197858754037137e-5	3.197858754037137e-5	3.3344136711535055e-5
0.0001	3.401349098122682e-5	3.401349098122682e-5	3.0239872504677885e-5	3.0239872504677885e-5	3.0316455423234622e-5	3.0316455423234622e-5	3.138294250099786e-5	3.138294250099786e-5	3.058442308457488e-5
0.0001	3.1237947630712296e-5	3.1237947630712296e-5	2.9811198766411787e-5	2.9811198766411787e-5	2.979262678045495e-5	2.979262678045495e-5	2.9943434877786574e-5	2.9943434877786574e-5	3.0015583986308194e-5
0.0001	3.236838971830579e-5	3.236838971830579e-5	2.9482148818621238e-5	2.9482148818621238e-5	2.95897737407628e-5	2.95897737407628e-5	2.9739615844048864e-5	2.9739615844048864e-5	3.0034976247052796e-5
0.0001	3.398956786945525e-5	3.398956786945525e-5	3.120174729264256e-5	3.120174729264256e-5	3.133728799745695e-5	3.133728799745695e-5	3.138640749486552e-5	3.138640749486552e-5	3.147015648466071e-5
0.0001	8.336628967754752e-5	8.336628967754752e-5	5.440917869209052e-5	5.440917869209052e-5	6.299760646372626e-5	6.299760646372626e-5	5.6699843502193305e-5	5.6699843502193305e-5	7.00262697520511e-5
0.0001	3.733815683228783e-5	3.733815683228783e-5	3.5697213152278834e-5	3.5697213152278834e-5	3.0963911182667155e-5	3.0963911182667155e-5	3.1101996387249996e-5	3.1101996387249996e-5	3.139702185471221e-5
0.0001	3.162184392647689e-5	3.162184392647689e-5	3.007282777615177e-5	3.007282777615177e-5	2.9853874639210555e-5	2.9853874639210555e-5	3.021404654595464e-5	3.021404654595464e-5	3.0346901997442917e-5
0.0001	4.1273940061212036e-5	4.1273940061212036e-5	3.8250271769919504e-5	3.8250271769919504e-5	5.9982996140562374e-5	5.9982996140562374e-5	3.5246603384711926e-5	3.5246603384711926e-5	3.501303002707365e-5
0.0001	3.4980296628747e-5	3.4980296628747e-5	3.170660752204463e-5	3.170660752204463e-5	3.1701886594016505e-5	3.1701886594016505e-5	2.972125531072118e-5	2.972125531072118e-5	2.992916367384413e-5
0.0001	4.713840149996741e-5	4.713840149996741e-5	6.45555065014685e-5	6.45555065014685e-5	4.2163955840872655e-5	4.2163955840872655e-5	4.0296888909187945e-5	4.0296888909187945e-5	4.208166592547253e-5
0.0001	3.744013570091908e-5	3.744013570091908e-5	4.239835004273865e-5	4.239835004273865e-5	3.113114628709828e-5	3.113114628709828e-5	3.654018793361345e-5	3.654018793361345e-5	3.590017127117801e-5
