0.0001	0.0028023824487294594	0.0028023824487294594	0.007344833365569077	0.007344833365569077	0.008625236389946988	0.008625236389946988	0.010399209514011713	0.010399209514011713	0.01262751530282692
0.0001	0.006769695057369551	0.006769695057369551	0.012049325758121726	0.012049325758121726	0.01519652565392502	0.01519652565392502	0.01979102197732565	0.01979102197732565	0.023997057462353238
0.0001	0.0057615986447846	0.0057615986447846	0.012216524649462794	0.012216524649462794	0.01942823845107688	0.01942823845107688	0.027565599395301413	0.027565599395301413	0.03579771876297537
0.0001	0.006082369908576577	0.006082369908576577	0.011393756886080133	0.011393756886080133	0.0167574227908429	0.0167574227908429	0.0224778284643378	0.0224778284643378	0.02637544318839132
0.0001	0.0059561225235008316	0.0059561225235008316	0.009986306159179087	0.009986306159179087	0.010932303075910078	0.010932303075910078	0.012166640216952664	0.012166640216952664	0.013997447268466343
0.0001	0.0004905026035242882	0.0004905026035242882	0.0005154624865954639	0.0005154624865954639	0.000506687568053427	0.000506687568053427	0.0005184997878663105	0.0005184997878663105	0.0005369157700453945
0.0001	0.0003384733774239902	0.0003384733774239902	0.0003412417180886533	0.0003412417180886533	0.0027126140764826465	0.0027126140764826465	0.0026021294031216536	0.0026021294031216536	0.001479899528778127
0.0001	0.00033424433287846777	0.00033424433287846777	0.0003420966294453263	0.0003420966294453263	0.004976144853452066	0.004976144853452066	0.002728391998634636	0.002728391998634636	0.0012382326997990953
0.0001	0.0005935655908151858	0.0005935655908151858	0.0005923952803527594	0.0005923952803527594	0.0003285393643873682	0.0003285393643873682	0.0003327933225324274	0.0003327933225324274	0.0003945041594828577
0.0001	0.0003748512947512525	0.0003748512947512525	0.0003711335514774127	0.0003711335514774127	0.0023811732736132483	0.0023811732736132483	0.002421048238667869	0.002421048238667869	0.0010721554292096604
0.0001	0.00033741223415004016	0.00033741223415004016	0.0003659126393338014	0.0003659126393338014	0.0009012146559591565	0.0009012146559591565	0.0007063308824569744	0.0007063308824569744	0.0007140411733103862
0.0001	0.00040679345221466916	0.00040679345221466916	0.0003323329839473502	0.0003323329839473502	0.0004916675318059013	0.0004916675318059013	0.0005051214265463215	0.0005051214265463215	0.0005947410117253441
0.0001	0.0005270901475334134	0.0005270901475334134	0.00047764332806525214	0.00047764332806525214	0.0005217969378786651	0.0005217969378786651	0.0005300783133771511	0.0005300783133771511	0.0006609780562810898
0.0001	0.0005766806608861713	0.0005766806608861713	0.0005310820467321983	0.0005310820467321983	0.0006019900818295461	0.0006019900818295461	0.0005888658198263325	0.0005888658198263325	0.0006337677980649255
0.0001	0.0005873445365506787	0.0005873445365506787	0.0005614055897709408	0.0005614055897709408	0.00033846709076069953	0.00033846709076069953	0.0005901230492243878	0.0005901230492243878	0.00037508381867932584
0.0001	0.0005966012615149922	0.0005966012615149922	0.0006000603317500254	0.0006000603317500254	0.00035163127804551373	0.00035163127804551373	0.0003624403304221764	0.0003624403304221764	0.00038756045423044407
0.0001	0.00047685250487135023	0.00047685250487135023	0.00040766390361386657	0.00040766390361386657	0.0004586551221674678	0.0004586551221674678	0.00045373424719564987	0.00045373424719564987	0.000509450152918595
0.0001	0.0005496306109897409	0.0005496306109897409	0.00046600082456195094	0.00046600082456195094	0.0003784663435705435	0.0003784663435705435	0.000393986142774671	0.000393986142774671	0.00041107383447384953
0.0001	0.0004875818288885385	0.0004875818288885385	0.00038413152087103924	0.00038413152087103924	0.0013962579109684902	0.0013962579109684902	0.0017976740726214735	0.0017976740726214735	0.0014812977927259332
0.0001	0.00041121522364246505	0.00041121522364246505	0.0004408840887308611	0.0004408840887308611	0.0014265216690817987	0.0014265216690817987	0.002237823326509141	0.002237823326509141	0.0011356312121768661
0.0001	0.0004028097253407191	0.0004028097253407191	0.00039707335164947344	0.00039707335164947344	0.0007271359463608545	0.0007271359463608545	0.0006988609601711726	0.0006988609601711726	0.0007098689148691103
0.0001	0.00045489053895242425	0.00045489053895242425	0.0004844821967299104	0.0004844821967299104	0.001429231692728441	0.001429231692728441	0.0013816881925513937	0.0013816881925513937	0.0009046422899136548
0.0001	0.0004895340966184587	0.0004895340966184587	0.0005126104608822027	0.0005126104608822027	0.0005913672846893815	0.0005913672846893815	0.0007265697926181941	0.0007265697926181941	0.0006049103829754384
0.0001	0.000520695674330366	0.000520695674330366	0.00037805481715754455	0.00037805481715754455	0.0005414831518262979	0.0005414831518262979	0.0005523392319538133	0.0005523392319538133	0.0005676185132652103
0.0001	0.0012536589185614345	0.0012536589185614345	0.0006462461720000567	0.0006462461720000567	0.00040618224994160246	0.00040618224994160246	0.0004191220641033912	0.0004191220641033912	0.0004408947607445086
0.0001	0.00035676315754156385	0.00035676315754156385	0.00039877040942376914	0.00039877040942376914	0.003511731510965539	0.003511731510965539	0.003071883522359094	0.003071883522359094	0.0012298500405760176
0.0001	0.0005639611058145384	0.0005639611058145384	0.0005270863019329774	0.0005270863019329774	0.00047160922066364806	0.00047160922066364806	0.00043674714582850696	0.00043674714582850696	0.0005100221707130263
0.0001	0.0005996646758957328	0.0005996646758957328	0.000577228418729763	0.000577228418729763	0.0003916127519629704	0.0003916127519629704	0.00043238961672687935	0.00043238961672687935	0.0004603163359410031
0.0001	0.00044835674306924683	0.00044835674306924683	0.0003343908856495175	0.0003343908856495175	0.0003230166215535705	0.0003230166215535705	0.0003217005346532505	0.0003217005346532505	0.00031859149257934516
0.0001	0.0005544244146867508	0.0005544244146867508	0.0006013932954671456	0.0006013932954671456	0.0006097575996529801	0.0006097575996529801	0.0007938007994817755	0.0007938007994817755	0.0006253906447715594
0.0001	0.00037807298087344103	0.00037807298087344103	0.00032138081500872177	0.00032138081500872177	0.0005599756376765186	0.0005599756376765186	0.0004920357892969948	0.0004920357892969948	0.0005044263903798397
0.0001	0.0004948711291261552	0.0004948711291261552	0.0005710103471916212	0.0005710103471916212	0.0027712604701678996	0.0027712604701678996	0.0025133318760569637	0.0025133318760569637	0.000873555464687519
0.0001	0.00035661066752766616	0.00035661066752766616	0.00033669492636065747	0.00033669492636065747	0.005166976680123329	0.005166976680123329	0.0027740913607057446	0.0027740913607057446	0.0007412272692816425
0.0001	0.0004927949344868722	0.0004927949344868722	0.0006705899751084471	0.0006705899751084471	0.0008127654066168416	0.0008127654066168416	0.0007286334234883441	0.0007286334234883441	0.0008680756191239672
0.0001	0.0005267088900115846	0.0005267088900115846	0.0005462317414705946	0.0005462317414705946	0.0006036513800494348	0.0006036513800494348	0.0005823150056357929	0.0005823150056357929	0.0005497462937702415
0.0001	0.0005631387168057072	0.0005631387168057072	0.0005407188553069195	0.0005407188553069195	0.0005490229162314189	0.0005490229162314189	0.0005463783701687778	0.0005463783701687778	0.0005930215971024052
0.0001	0.0003520868981003754	0.0003520868981003754	0.0003282047574147518	0.0003282047574147518	0.001948711543386446	0.001948711543386446	0.001214035398054112	0.001214035398054112	0.0009525896368540333
0.0001	0.000469749583679399	0.000469749583679399	0.0005035644206084625	0.0005035644206084625	0.002291689800393395	0.002291689800393395	0.002509282984882763	0.002509282984882763	0.0017626995871847836
0.0001	0.0005433341296228017	0.0005433341296228017	0.0005533124453259016	0.0005533124453259016	0.0003399297337693686	0.0003399297337693686	0.000498364279065264	0.000498364279065264	0.00044569828883496583
0.0001	0.00047031284207035726	0.00047031284207035726	0.00047303457564375814	0.00047303457564375814	0.0006736442223930424	0.0006736442223930424	0.0006834362371470781	0.0006834362371470781	0.0007022624892333737
0.0001	0.0003807140416059234	0.0003807140416059234	0.0003650884164193452	0.0003650884164193452	0.0027947428207375957	0.0027947428207375957	0.0023209073906204553	0.0023209073906204553	0.0016196886332928524
0.0001	0.0004620891017120545	0.0004620891017120545	0.0004553012647045358	0.0004553012647045358	0.0005478492986840826	0.0005478492986840826	0.000515853222654651	0.000515853222654651	0.0005348699390435802
0.0001	0.0003732816753487988	0.0003732816753487988	0.000401349847826311	0.000401349847826311	0.0004753567171064581	0.0004753567171064581	0.00048485738113991444	0.00048485738113991444	0.0005079428378883591
0.0001	0.0004482933415863984	0.0004482933415863984	0.00037733689946076046	0.00037733689946076046	0.0005511880962178712	0.0005511880962178712	0.0005524413357138549	0.0005524413357138549	0.0005943030310078035
0.0001	0.0005116776453043389	0.0005116776453043389	0.0005177308830466117	0.0005177308830466117	0.000513217748921674	0.000513217748921674	0.0005251959404772144	0.0005251959404772144	0.0005461176265183041
0.0001	0.0005131279883360609	0.0005131279883360609	0.0005513515328962638	0.0005513515328962638	0.000589772942706474	0.000589772942706474	0.0005670391309490222	0.0005670391309490222	0.0006109503091598082
0.0001	0.00034249707307252235	0.00034249707307252235	0.000480858816664171	0.000480858816664171	0.0006794224396879172	0.0006794224396879172	0.0006772410076657299	0.0006772410076657299	0.000717863038241542
0.0001	0.0003427242987290801	0.0003427242987290801	0.0003516328177329773	0.0003516328177329773	0.004864320977942268	0.004864320977942268	0.0036076089547629657	0.0036076089547629657	0.0011438089884863805
0.0001	0.0006392397208763312	0.0006392397208763312	0.0007112903635534899	0.0007112903635534899	0.0006553486796164033	0.0006553486796164033	0.000663840555178657	0.000663840555178657	0.0007612972062223885
0.0001	0.0005859737805458993	0.0005859737805458993	0.0006305204226124684	0.0006305204226124684	0.0012569703437804343	0.0012569703437804343	0.0008384972968176427	0.0008384972968176427	0.0007623459796689695
0.0001	0.0004869454350669452	0.0004869454350669452	0.0004985949279189603	0.0004985949279189603	0.0006733879088256433	0.0006733879088256433	0.0010512871994897408	0.0010512871994897408	0.0006093658209732702
0.0001	0.0005754400175470258	0.0005754400175470258	0.0005690593415946492	0.0005690593415946492	0.0005624012947327632	0.0005624012947327632	0.0005706872996760048	0.0005706872996760048	0.0006484026690282499
0.0001	0.0011306768832664718	0.0011306768832664718	0.0005584940508331328	0.0005584940508331328	0.0003748056061949458	0.0003748056061949458	0.0003861983765989837	0.0003861983765989837	0.00041682068484058977
0.0001	0.00037518844992909587	0.00037518844992909587	0.0003217254491855149	0.0003217254491855149	0.0020761335303089734	0.0020761335303089734	0.0007402256507719465	0.0007402256507719465	0.000571474015050937
0.0001	0.0004563585639013501	0.0004563585639013501	0.000530628441395656	0.000530628441395656	0.0004944827944052641	0.0004944827944052641	0.0006180626591330374	0.0006180626591330374	0.0006292805890781246
0.0001	0.0003624617108964889	0.0003624617108964889	0.00038238958442297113	0.00038238958442297113	0.000624414252441002	0.000624414252441002	0.00035578010009975724	0.00035578010009975724	0.00043493709198156916
0.0001	0.0005186688551665368	0.0005186688551665368	0.0004415351599372976	0.0004415351599372976	0.0006294768574198763	0.0006294768574198763	0.000398421869560508	0.000398421869560508	0.0003627902534117434
0.0001	0.0004508152550515284	0.0004508152550515284	0.0004473945168715151	0.0004473945168715151	0.0007108310275747884	0.0007108310275747884	0.0013744572541926458	0.0013744572541926458	0.000932812464761478
0.0001	0.00048482975047339197	0.00048482975047339197	0.0004610592380489282	0.0004610592380489282	0.0005181708828799843	0.0005181708828799843	0.0005240620719425472	0.0005240620719425472	0.0005405638467688903
0.0001	0.0003714581992738573	0.0003714581992738573	0.00039255123458677166	0.00039255123458677166	0.0006719285371255865	0.0006719285371255865	0.0006695147581558599	0.0006695147581558599	0.0007430380709566077
0.0001	0.0005749056040654464	0.0005749056040654464	0.0006006536251857603	0.0006006536251857603	0.0006190805682121056	0.0006190805682121056	0.0009075799805218706	0.0009075799805218706	0.0007002258374614573
0.0001	0.0004758069701769948	0.0004758069701769948	0.0005209634214141816	0.0005209634214141816	0.0005089260811371278	0.0005089260811371278	0.000520279904436683	0.000520279904436683	0.0005322930314391332
0.0001	0.0003679033583109991	0.0003679033583109991	0.00031839577367735614	0.00031839577367735614	0.0008818465120414418	0.0008818465120414418	0.0004415784286667361	0.0004415784286667361	0.0007105776875095903
0.0001	0.0003648383833604451	0.0003648383833604451	0.00037148017404395995	0.00037148017404395995	0.0006901019903136913	0.0006901019903136913	0.000696356375827823	0.000696356375827823	0.0007117496445782245
0.0001	0.0004271171952219918	0.0004271171952219918	0.00048213105271757006	0.00048213105271757006	0.0016097275506777196	0.0016097275506777196	0.0013777384314383853	0.0013777384314383853	0.0007953288956067584
0.0001	0.00034475064459911763	0.00034475064459911763	0.0003657309761709756	0.0003657309761709756	0.005258489218344564	0.005258489218344564	0.0028910365819354708	0.0028910365819354708	0.0011912948585993681
0.0001	0.0005898553716702213	0.0005898553716702213	0.0005972890405835297	0.0005972890405835297	0.0005754770230197166	0.0005754770230197166	0.0005839436762998568	0.0005839436762998568	0.000630631619079166
0.0001	0.0005558951653188941	0.0005558951653188941	0.000584312194475813	0.000584312194475813	0.0008647391688526823	0.0008647391688526823	0.0006217564046690376	0.0006217564046690376	0.0006953261666721662
0.0001	0.0004779842496475366	0.0004779842496475366	0.0005118157672128621	0.0005118157672128621	0.0004894410474008911	0.0004894410474008911	0.0005019732925209435	0.0005019732925209435	0.000552481719346034
0.0001	0.00040833727587625385	0.00040833727587625385	0.00043646127737889234	0.00043646127737889234	0.0004765589014285596	0.0004765589014285596	0.0004890650702284185	0.0004890650702284185	0.0005064755874844825
0.0001	0.000509093898866889	0.000509093898866889	0.000544186405209298	0.000544186405209298	0.0006348612961356682	0.0006348612961356682	0.0006053594791823457	0.0006053594791823457	0.0006402707255550199
0.0001	0.000747046940732879	0.000747046940732879	0.0005807603070134398	0.0005807603070134398	0.00033197745536799907	0.00033197745536799907	0.00034478283874525106	0.00034478283874525106	0.0003670707999768893
0.0001	0.00033436081419530175	0.00033436081419530175	0.00035514226934392425	0.00035514226934392425	0.0007539211901381277	0.0007539211901381277	0.000484568277753657	0.000484568277753657	0.0005047293455647234
0.0001	0.0005851299325273072	0.0005851299325273072	0.000606974089308374	0.000606974089308374	0.0024161719990816364	0.0024161719990816364	0.0023932493537636916	0.0023932493537636916	0.001035423582277295
0.0001	0.00038977944924739236	0.00038977944924739236	0.00033775130054420314	0.00033775130054420314	0.002399487943742675	0.002399487943742675	0.0010495003184974364	0.0010495003184974364	0.0009872988301901377
0.0001	0.000407351833690352	0.000407351833690352	0.0005304819978936458	0.0005304819978936458	0.0006744497963015729	0.0006744497963015729	0.0006868949215343484	0.0006868949215343484	0.0006810839108373934
0.0001	0.00038868195394857203	0.00038868195394857203	0.00038674950303554153	0.00038674950303554153	0.002841777404525869	0.002841777404525869	0.002819492436545215	0.002819492436545215	0.0013455796411616754
0.0001	0.0004938453318447969	0.0004938453318447969	0.0005577616619553098	0.0005577616619553098	0.0006976679054996918	0.0006976679054996918	0.0006623544102404712	0.0006623544102404712	0.0007050386471011534
0.0001	0.0004957238408417727	0.0004957238408417727	0.0005030270702913237	0.0005030270702913237	0.0005250696215487413	0.0005250696215487413	0.0005351328195670317	0.0005351328195670317	0.0005520051995319842
0.0001	0.0007438389001994033	0.0007438389001994033	0.0005502368823605549	0.0005502368823605549	0.0004847178042271956	0.0004847178042271956	0.00048116386467800097	0.00048116386467800097	0.000526148697442311
0.0001	0.000494232719096906	0.000494232719096906	0.0004901356724906682	0.0004901356724906682	0.0005144994943145197	0.0005144994943145197	0.000511574396297988	0.000511574396297988	0.0005300023475197898
0.0001	0.0004533244532545536	0.0004533244532545536	0.0004984712136416331	0.0004984712136416331	0.0021040132524680548	0.0021040132524680548	0.0015744759101430324	0.0015744759101430324	0.0004641905207226865
0.0001	0.0004586732105095893	0.0004586732105095893	0.00047923007456484326	0.00047923007456484326	0.0006651880884617115	0.0006651880884617115	0.0004892943006574832	0.0004892943006574832	0.0006777491065759981
0.0001	0.0003604043397994592	0.0003604043397994592	0.0003357920195570277	0.0003357920195570277	0.0025949944465894514	0.0025949944465894514	0.001173497289258668	0.001173497289258668	0.0008729799245384356
0.0001	0.00043009136133331566	0.00043009136133331566	0.0007328347911594895	0.0007328347911594895	0.001459637945489841	0.001459637945489841	0.0012493269415225878	0.0012493269415225878	0.0009077275522613521
0.0001	0.000495567112044857	0.000495567112044857	0.0006217501837656517	0.0006217501837656517	0.002803982860305663	0.002803982860305663	0.002445503506231262	0.002445503506231262	0.0010425712717815926
0.0001	0.00038495955745722837	0.00038495955745722837	0.0003866274977072697	0.0003866274977072697	0.0020203866431071104	0.0020203866431071104	0.0012846342852552857	0.0012846342852552857	0.0009685310727671662
0.0001	0.0004143814579897539	0.0004143814579897539	0.0005722460980672487	0.0005722460980672487	0.0008216704453635444	0.0008216704453635444	0.0009936953739119482	0.0009936953739119482	0.0008433149227667571
0.0001	0.0005775220769449131	0.0005775220769449131	0.0006833418537411013	0.0006833418537411013	0.0004171925155344647	0.0004171925155344647	0.00042160206296800964	0.00042160206296800964	0.00046842598108327594
0.0001	0.00047993312347051234	0.00047993312347051234	0.00043781308283027183	0.00043781308283027183	0.0008804524238701876	0.0008804524238701876	0.000622805246849805	0.000622805246849805	0.0006678653241342391
0.0001	0.0004600748173719413	0.0004600748173719413	0.00047741817671695245	0.00047741817671695245	0.0005617944026786764	0.0005617944026786764	0.0006127232045314283	0.0006127232045314283	0.0006389860953323073
0.0001	0.0003878748137016426	0.0003878748137016426	0.0005240042005356997	0.0005240042005356997	0.0018733645351267825	0.0018733645351267825	0.0012898356297756776	0.0012898356297756776	0.0007940382240184221
0.0001	0.0004952605621301677	0.0004952605621301677	0.0005913752659782329	0.0005913752659782329	0.0005964155346804561	0.0005964155346804561	0.0003280570902027938	0.0003280570902027938	0.00039613638173955013
0.0001	0.0003469008601764827	0.0003469008601764827	0.00040948845501155595	0.00040948845501155595	0.0024959412579546197	0.0024959412579546197	0.0006414563285247468	0.0006414563285247468	0.0006525389333928784
0.0001	0.00047716125664260423	0.00047716125664260423	0.00046074078065981485	0.00046074078065981485	0.000540938251132771	0.000540938251132771	0.0005466052608034225	0.0005466052608034225	0.0007035001547668116
0.0001	0.0006015957029205559	0.0006015957029205559	0.0005985351836690565	0.0005985351836690565	0.000576971861239361	0.000576971861239361	0.0005757155587874318	0.0005757155587874318	0.0006074178021448551
0.0001	0.0005530675691083039	0.0005530675691083039	0.0005255831120087541	0.0005255831120087541	0.0003420870043325542	0.0003420870043325542	0.00035954747329469607	0.00035954747329469607	0.0003910071039004031
0.0001	0.000495888299089934	0.000495888299089934	0.0004622763195116245	0.0004622763195116245	0.0005071744914389005	0.0005071744914389005	0.0005115771925542897	0.0005115771925542897	0.0005598350311279757
0.0001	0.0004559903452473522	0.0004559903452473522	0.0005154937148364837	0.0005154937148364837	0.0005211025540163915	0.0005211025540163915	0.0005255299042882785	0.0005255299042882785	0.0005415606149867172
0.0001	0.000525741052794249	0.000525741052794249	0.0006738430654503422	0.0006738430654503422	0.0005163339014335799	0.0005163339014335799	0.0005078887311427754	0.0005078887311427754	0.0005345513721010549
