0.6027260297601841	0.598612043093904	0.6001174622145627	0.5758395170475243	0.605138642810844	0.5316251194085558	0.5992222312390308	0.514251459929092	0.5919322858709405	0.515942432856096
0.6096871873615722	0.6245638196854102	0.6014710048297565	0.6031314500613538	0.6071892094020784	0.5704953562431246	0.6191323866646746	0.5349294579163086	0.5994373433705223	0.5244787604790023
0.6106987460207557	0.6090070723692185	0.5992976720693207	0.6035194378172997	0.6127305479937916	0.5641689270052864	0.6083683751031269	0.5572711040090093	0.6107502640744972	0.5533645435434227
0.6172566377797911	0.6352206348719954	0.5985023929038588	0.6064340622421772	0.5976199505262609	0.5649899133081183	0.6056617600611229	0.5548588248558513	0.6047339690739197	0.5596261181218837
0.6073486533216675	0.6246637796573773	0.6116130254835028	0.6058360238140345	0.6129271495426123	0.5870519581360896	0.5962852886710898	0.550694593088324	0.6048907733439945	0.5397700791209646
0.4602119065299849	0.6047367769270293	0.4783316030397486	0.5918360188718422	0.46946348007235555	0.5534180277622046	0.46800237157277763	0.5265758916660325	0.46023556343317606	0.5160505463368007
0.4602119065299849	0.6145132323868726	0.47176490710915314	0.5951507074201595	0.4610516028629637	0.5896304400257808	0.4690162983638252	0.5637272188096134	0.4603135534937129	0.5596044795171075
0.4602119065299849	0.6099723072950008	0.4719945602149978	0.5928646510397407	0.46931688546495715	0.5826930948783362	0.4608651678262288	0.5569251441501271	0.47259881764914236	0.550353885297688
0.4687385848866808	0.6251947861520678	0.4618491396790943	0.6002890115271764	0.46106232524851665	0.5807017364705184	0.46716884183343316	0.5723298068682499	0.46933107985481193	0.5710965573758171
0.46986839396607455	0.6066036035962761	0.4737195948775607	0.59743170338251	0.4610563701169656	0.5653929684467024	0.4724146442830478	0.5524456282740278	0.47428714403978184	0.547283581075682
0.4602119065299849	0.6322436871264357	0.46186403321791414	0.5992163371248893	0.46106013597321344	0.5531795963961609	0.4608036347033926	0.5143495836299925	0.4601997878255292	0.5107930106076625
0.4602119065299849	0.6046846812329865	0.46180607904637666	0.5824667060677122	0.467777575701561	0.5385390836465375	0.4607730613738644	0.533258906296427	0.46024910183329876	0.535945921023044
0.4602119065299849	0.6114287023034052	0.4618203877042608	0.5738884640011072	0.4610072010305611	0.5230307390227704	0.46838724752689537	0.4962203196759537	0.46017325157558087	0.49364463487421145
0.468665598276945	0.6055701245305907	0.4618079288703056	0.5811190024195181	0.4701072376089034	0.5365119522753028	0.47265130204896627	0.5348846477838894	0.4673544276700029	0.5392369857452275
0.4602119065299849	0.6127349977892225	0.4716361140043467	0.5924905998543435	0.4610442982474794	0.5526167761162477	0.4708350666515765	0.5163806297321891	0.4676421533131013	0.5138155530735312
0.4685095381399695	0.6126430514552114	0.4722206408949828	0.5860542769673367	0.4719304478653923	0.5761614294312939	0.4608525033211294	0.5149790846786694	0.46021226176190033	0.5071317675275362
0.47024052883899703	0.6303430187220711	0.46185986710242166	0.6008040113748956	0.4758170092250959	0.5281373122066209	0.4607513839563192	0.5239597739648526	0.46022014217803126	0.5294980088133469
0.4602119065299849	0.6045834214944492	0.47421330061455924	0.5646608155715028	0.473373782519178	0.5303826622820385	0.46075610618624346	0.49766804510181845	0.47225245221966744	0.494157162601057
0.4694007184762608	0.6151832964506527	0.46182811638365656	0.5860206590790528	0.4718193093640308	0.5536965404293458	0.4608046795070482	0.5577308463886897	0.460291976289603	0.556240322585287
0.4602119065299849	0.6184523040716435	0.47048562879888545	0.6097199429503488	0.46108196808564644	0.5434532819467768	0.4607832879080772	0.5184059409842738	0.463740688207866	0.5182184571574059
0.46764951012239164	0.629845475768252	0.4618588363032565	0.6035312787228015	0.47065701256906484	0.5540742108740506	0.46913390232431884	0.5515517267188705	0.4683305071857064	0.5572178897457964
0.4602119065299849	0.6047025947476959	0.471591803551119	0.5890682028149866	0.4610388784810346	0.5695466419138897	0.46083705419918997	0.5548555666855546	0.4697837001705577	0.5513498265443473
0.4602119065299849	0.6072248543310594	0.4717570474587787	0.5922937286658093	0.46104561606983985	0.5487337688631095	0.46079514768245006	0.5485156110984599	0.4602818174487732	0.5524694693524573
0.4602119065299849	0.6125173689685103	0.473294044568863	0.5822142922102697	0.47281665416837665	0.5624393075507008	0.4608229104639084	0.5552386773475725	0.4698827628957427	0.5535511481442291
0.4690495623810052	0.612315417012242	0.4618221806963188	0.5966029064368662	0.4715242412980155	0.5760509186283513	0.4608487708596878	0.5475798905969557	0.46027467149845414	0.5366330204434456
0.4660940009453874	0.6086499295930614	0.4618144130743868	0.5746860038637862	0.46613351606894377	0.5504145956682776	0.47403182607298544	0.550585854565986	0.46988420700162936	0.5520196290571577
0.4739784137351799	0.6119195630215606	0.4618213256101574	0.5933652557165008	0.4610478831649642	0.5887296972383367	0.4650336741551242	0.5581779901642618	0.4602945911468256	0.552405857825998
0.46738663428025595	0.6149107384123671	0.4618275875353469	0.6078134295264765	0.4610780676175098	0.5667475702362255	0.4691080957467254	0.5640199517321881	0.4715499826276691	0.5558390910236121
0.4602119065299849	0.6153780126683499	0.4695299961207336	0.5892198773287477	0.46103919204834753	0.5668507888978527	0.4712518028133862	0.5613477822100751	0.47091132604790115	0.5597155747891406
0.4699532624562248	0.6241147288943795	0.461847000612824	0.5895877126211215	0.4717185677639734	0.5372536032663063	0.46639452515467755	0.5151563985916486	0.4647865799308969	0.5128965814218517
0.4602119065299849	0.6137897090730853	0.461825168637922	0.5998040293176118	0.46666978328337094	0.5552226566002426	0.4695902396366951	0.5378706534089289	0.46025122310674216	0.5399502498197676
0.4602119065299849	0.6109553420620603	0.47429931503737555	0.5976894724612415	0.46105692082064526	0.5865885354385013	0.47342531441500585	0.5671836156485478	0.46031093656109284	0.5567387201568548
0.468530532256629	0.6154214354446075	0.47085933789589735	0.6072726939357422	0.4697435686669258	0.5608546052004615	0.473873561517536	0.5225445239550548	0.4602216624798563	0.5197691564958813
0.4602119065299849	0.6083393587353262	0.4693521406281875	0.5881088988334647	0.47244002542666225	0.5752379700121675	0.4704478607189677	0.5604551851200695	0.46030506242622016	0.5570224145452285
0.4602119065299849	0.6299672036202361	0.4684144281818091	0.6088417325453911	0.4610802411100016	0.5859384785416996	0.4677236835098456	0.5438322653871316	0.46026601315756516	0.5320496510635844
0.4688599414421119	0.6205509063342775	0.4618394243786464	0.6021066823576452	0.46667681261115945	0.5726286898985772	0.46084416932727185	0.5699739549566591	0.4603240250248726	0.5680250020137525
0.4602119065299849	0.60516771173881	0.4618071579515151	0.5923103716390853	0.46104565455451185	0.5679599313771654	0.4608344337171184	0.5528637520474643	0.4738928437879429	0.549158860840872
0.4676354497180711	0.6199272252622274	0.47131618292619354	0.5926990740838913	0.4610483275758326	0.5805507101389331	0.46086457863662944	0.5320725703799738	0.4688381173438639	0.5244623418923972
0.4676860941996562	0.6272369877603571	0.4728790345060801	0.6045090796673293	0.46752356662293587	0.5859423726539565	0.46818352504003025	0.5436766786775095	0.4666270044793259	0.5310900680582237
0.4602119065299849	0.6057468163556265	0.47004192219908203	0.5926288158473195	0.46104631636495763	0.5595638750960412	0.46081323048435663	0.5572795712702401	0.4715864238847671	0.5536639877269722
0.4723589455316743	0.6086512461777587	0.4618144647705995	0.591608486191031	0.47432948476809816	0.5687099677376987	0.4704139692388909	0.5598423638618588	0.4603048522617591	0.5571431724800685
0.4602119065299849	0.6072136810845735	0.4618114128239783	0.5903846841765831	0.4610416263730329	0.5444269624745861	0.4607833786082254	0.5493681082977303	0.46027365092135536	0.5541163323948365
0.4602119065299849	0.6268362717530143	0.47230903565955856	0.6002146130313761	0.46106213370553334	0.5370244391819474	0.47122698676385644	0.5341787290846188	0.46024186848511883	0.5393749409583134
0.4760918911378338	0.6259561006036902	0.4618530749403547	0.6137648132042982	0.461090493233448	0.5738808502502497	0.4772294029276284	0.572613517660099	0.46032923713877955	0.5641680770613537
0.46923042297718304	0.6218559729174454	0.4618422182176903	0.6096614123786465	0.46108195423312914	0.5828237519166539	0.4706913885386989	0.5601129595035231	0.46736019561086395	0.5471687364132165
0.4656580128634634	0.6121246747123295	0.47136136760216835	0.5871319085956473	0.47439075927791613	0.5533660240837913	0.4734742064595022	0.5492895650518913	0.46028200903318756	0.5537088436228138
0.4681394234279594	0.6131496659655706	0.4618239306511107	0.6012356381711708	0.4704833179528311	0.5892660741994129	0.4728868315253097	0.5743456475639046	0.4603267256734827	0.5699854304631651
0.4602119065299849	0.602428614002541	0.47030431750794544	0.5910163031807586	0.4725642466210092	0.567089267278983	0.4710931161755265	0.5517182527765873	0.46655097985967936	0.5459918902557269
0.4602119065299849	0.6048611721819278	0.4618065149737963	0.5909923183119932	0.46104289985015995	0.5728021393514827	0.4704936476559118	0.5572368990994656	0.47286960970544306	0.5537359491054302
0.4602119065299849	0.5958920667783513	0.4780995462067083	0.5780182667757543	0.4710939934389083	0.5343293015244972	0.46076427224625144	0.5222944488212482	0.46021660157160826	0.5244745073634628
0.4602119065299849	0.6047625853427122	0.4747593255127665	0.5814091414206939	0.4610228594470802	0.5722011832055811	0.47353194930732156	0.5584032996185505	0.4692985790965634	0.5552705647044917
0.4602119065299849	0.625244531702235	0.4704705406273398	0.6018533494608148	0.4610655340827658	0.526893074070596	0.4690050818350759	0.5150663613533843	0.4674449605312394	0.5201793294903926
0.4602119065299849	0.5934573340725923	0.4617824954410109	0.5901181072590146	0.46104101000591474	0.5387407640892685	0.46853428204343145	0.5179339024102273	0.47195698246862483	0.5169112292756118
0.4602119065299849	0.6165633871165945	0.4618310913886928	0.5981777359086936	0.470363618175864	0.5843208591651461	0.46086505733688193	0.5527581934254414	0.4602807529184546	0.5415844863901754
0.4701521654800042	0.6326742319312569	0.4618649109149356	0.605973657336614	0.4671448947222087	0.5853988780005501	0.4694324906549122	0.5362781977186437	0.460246162641368	0.5266101642712767
0.4602119065299849	0.605839080638141	0.4618085711122371	0.5939626340138113	0.4700353672816183	0.5662206770436399	0.4715046752812413	0.5510413438360374	0.46027778738140207	0.5464543268469844
0.4602119065299849	0.6099208551762313	0.4618169698588343	0.5989439097904996	0.46105943774942343	0.5183433886419166	0.46073093075788274	0.5001097238349352	0.4601693886629737	0.5004902761529109
0.4708350570661426	0.605719380856415	0.4618083323283771	0.5923862223369861	0.4610458369690236	0.5746972686455534	0.46084849434049435	0.55487318875257	0.4734113752045422	0.5470617007917555
0.4680416637602857	0.6143873706436564	0.46867644541686676	0.5967390482662736	0.4610548984153238	0.5809552354874834	0.46632245116278953	0.5651412655748312	0.4686549304680465	0.5610512795856201
0.4602119065299849	0.6335647797896584	0.461866791668758	0.6094456841973214	0.4690282395752932	0.5838319209748448	0.4608645834281128	0.5354744751139996	0.4602444756830034	0.5290405028485636
0.4602119065299849	0.6141662861230447	0.4717908759158301	0.610442730912689	0.4691904670556583	0.5535827608260745	0.460802813435069	0.5647940179189289	0.4688137654598423	0.5690450255942389
0.4602119065299849	0.6074971966923249	0.47317941857090684	0.5848521417784667	0.46103004048516	0.5336240980184499	0.4746933691049155	0.5308023449174545	0.46950029488971	0.5345537679508715
0.4664296792378343	0.6171978908632079	0.4618324223410248	0.6099867792139608	0.4712752636986227	0.5623540407074928	0.46082920689206647	0.5472279593014501	0.4791676426783194	0.5374783086739131
0.47031739993621163	0.6110111984536133	0.4618194025399218	0.5956031073636954	0.4708110434026292	0.5672306576413738	0.4697597362006757	0.5607905645629511	0.4603061027890013	0.5591956911407077
0.4602119065299849	0.5840057128235724	0.4684845547871885	0.5874789916913661	0.4674410060196747	0.5234727568724306	0.4607408789398547	0.5057935982251553	0.4686618151603351	0.5060491086705957
0.47177500826716956	0.6049798673215123	0.46829306997917636	0.5798573980652534	0.4665816722599188	0.5665811764165789	0.4713146990222563	0.5598369108946267	0.47377404426880204	0.5562583739883614
0.47144077839877335	0.6044440658665235	0.4757353649743739	0.5915063220150452	0.4684616791967601	0.5680826985172437	0.4702693931701077	0.5529068608825591	0.4679018680637427	0.5491686826779177
0.47300024855118467	0.6161286339401069	0.4681157239468217	0.610926288735982	0.46108455559885453	0.5549369113206641	0.46763740718645164	0.5657194314000685	0.46030959984331193	0.5709101039229515
0.4602119065299849	0.605882314899102	0.46180857872161674	0.5793471946974381	0.46101852424910217	0.531613133058001	0.46626162329378334	0.5193828978666294	0.4602195363741655	0.5237554106856246
0.4602119065299849	0.6066875183482404	0.47285039357228725	0.5984997403543739	0.46105856193033096	0.5476555901592075	0.47409974914926367	0.52537185915174	0.46022718493439857	0.5257852732690202
0.4602119065299849	0.6250809821589297	0.4741279201586192	0.606629912474429	0.4674367726951548	0.582508712540497	0.4686029264258315	0.5396868413854194	0.47060067007389345	0.5263019700132537
0.46472137778128764	0.6113738367645873	0.4711153856506901	0.5956654434283404	0.4610526905859413	0.5738835812125513	0.46084257918526184	0.5463678381961834	0.4602693568349089	0.535136382928048
0.4714363324224381	0.6321169020438646	0.4675138399853195	0.6028683385956513	0.4610676915486876	0.5534527108831838	0.46512419239080643	0.5507640222351436	0.4641531846735632	0.5529626492418258
0.4655848385890509	0.6074077664790879	0.46181183212071053	0.5767648420157473	0.47266850052201703	0.5667014521610175	0.46760281652875607	0.5561108500876032	0.4699211571054641	0.5539140874002998
0.4673673549302374	0.6199478429780474	0.4739505053971662	0.5985122298817916	0.4702621712170461	0.5820799181853313	0.46085922207013563	0.5444957137985762	0.46026605516335733	0.5327240025557036
0.4702649951078594	0.6101763699177305	0.4618176514878812	0.5850592023666945	0.4767937719356964	0.570549258270641	0.46083982175924176	0.5598616075772931	0.46855492510758445	0.5578722941507399
0.47605264160676763	0.6261459870712172	0.47055825788392713	0.6030130033632356	0.4695903512541521	0.5845432786260865	0.47015579873091223	0.5736214907144572	0.46033405779501096	0.572228123343788
0.4602119065299849	0.6293113897109601	0.4706975693441082	0.5956664167541168	0.4610527284102407	0.5465395222873394	0.46860912281145	0.5211903367735864	0.4677583360997126	0.5180491050944197
0.4602119065299849	0.6086174428404058	0.4618144358816941	0.5956000647347045	0.46105255394384426	0.5653800774604995	0.469865445037675	0.5421175036357202	0.4688304360600328	0.5301962586744624
0.4602119065299849	0.6074779706397757	0.4676214846566768	0.5857848037558379	0.46103200135431815	0.5364186549959916	0.4704553220292774	0.5363671224588649	0.4697776923427027	0.5408434599107619
0.4713339595769445	0.6051295455789477	0.46180706573350727	0.5913329910586397	0.46104360000676686	0.5572685722599445	0.47008072669421297	0.5581650465318305	0.4602914810488215	0.5545166119293443
0.47271545889745914	0.613813636285623	0.46182521882258126	0.5840183634665579	0.4610283096950126	0.5404622994465239	0.4711152118622261	0.5448664336522645	0.4681063639052394	0.5519375105180849
0.4602119065299849	0.5781518395544595	0.46175028493088666	0.5501158706306902	0.4685531456606405	0.5455777376343689	0.46078492888959277	0.5198962683847943	0.46021338291672104	0.5135377767547952
0.470742748806758	0.6052190712986205	0.46180726568000563	0.5909611163056475	0.4610428228031803	0.5732211528950867	0.46592927650995686	0.5570718960974822	0.46441397797371026	0.5536465791716839
0.4665638697485355	0.6109580962740898	0.4734321843806927	0.5843924644192277	0.4693963243380058	0.5640658847708068	0.4694966913882015	0.5596535780134316	0.4731250918355739	0.5624448782412461
0.4602119065299849	0.6200705360757528	0.46184349283684883	0.6043886914281208	0.4610709342595815	0.5639307206474072	0.46848008240023187	0.5360626174764913	0.460255147159477	0.5255367587723788
0.47138417044378395	0.6093148369904182	0.47228926799714505	0.6029573568000264	0.46709984611386546	0.5643213535999401	0.46653042765224945	0.552382588396915	0.4602861115064601	0.543542630134639
0.4602119065299849	0.6261512007388014	0.4618511331035639	0.5969658888615462	0.4703126119081485	0.5687831212005509	0.4608361389247451	0.5619609463804023	0.4603009700578657	0.5604243254207987
0.46725303318949335	0.6085625533534138	0.4618142787351574	0.5888722045473225	0.46103846884745825	0.5794156764006999	0.46085832194793125	0.5598975860751672	0.4713066651664847	0.5565297273086834
0.4602119065299849	0.6125888625871638	0.4618227295344961	0.5926974354821082	0.469470555578022	0.587121064381656	0.4692999814530632	0.5607564352356235	0.46577945085127254	0.5565053086425965
0.46761712796577093	0.603742216468766	0.4618041726775318	0.5889853083938535	0.4720195267955493	0.571705987516102	0.469319853025209	0.5537718924432039	0.46029289484980535	0.5494337486852418
0.4730658280420997	0.6030050145637436	0.4618026263014143	0.5906520800933065	0.46104221257743	0.5698471031063945	0.4608383803655867	0.5528990071619404	0.47054658432414204	0.5459907923996188
0.4699738567182656	0.6067727723121366	0.46181048803112534	0.5919697822723984	0.4716485152932754	0.5418879571487907	0.4607800446142468	0.5462461410871443	0.46027578632342747	0.5506474741237876
0.4602119065299849	0.581496800876472	0.46175736060339484	0.5602553446417361	0.46984385285288766	0.5327277595381675	0.4607580812201616	0.506539613410999	0.47118794837676103	0.502161302360754
0.47229013296961386	0.6073360264533736	0.46787307422829283	0.589029916331057	0.46103878666610754	0.5634046631253227	0.4608249234782969	0.5579605135978518	0.46900228558852	0.5543652446254933
0.4602119065299849	0.6066602776679803	0.47015539516126253	0.5904308565307932	0.4718978999676838	0.5775619002434932	0.46085337847814056	0.5555020347511828	0.46029280881816215	0.5503242403371852
0.47245492501234027	0.6085335778871741	0.46181407799310575	0.5996647575315814	0.4718899218848167	0.5291688698747968	0.46752421013569445	0.5226451513408895	0.46907364979338245	0.523292704214057
0.4676650565689093	0.6050454042853575	0.4618068941164014	0.592248924374166	0.4671618249716767	0.5672126074048941	0.46083238211535665	0.5520054199616634	0.4602857430212551	0.548283971495858
0.4602119065299849	0.6307407949087421	0.4688207566399538	0.6107849265401595	0.4610836778005786	0.5734589006640336	0.47066401060328467	0.5337276193233247	0.46804331869371546	0.5276046714039333
0.4602119065299849	0.6090196394186012	0.4618152252431995	0.5906422358111799	0.4610421563552387	0.5690748591485074	0.4608367472711257	0.5613885509464023	0.46029975410868074	0.5586375543932803
