0.005	0.004883353545985568	0.004883353545985568	0.0048179501556151584	0.0048179501556151584	0.004838590501894931	0.004838590501894931	0.004863326395486439	0.004863326395486439	0.00488080749338653
0.005	0.0048957534922398705	0.0048957534922398705	0.0048264691002394035	0.0048264691002394035	0.0047788122986092895	0.0047788122986092895	0.004751432381758576	0.004751432381758576	0.004693398785435453
0.005	0.004856230017841315	0.004856230017841315	0.004708197926569282	0.004708197926569282	0.004723268030990713	0.004723268030990713	0.004742045036120397	0.004742045036120397	0.004747631768131761
0.005	0.004924845300553765	0.004924845300553765	0.004807772192228914	0.004807772192228914	0.004714033674846133	0.004714033674846133	0.004646699499974586	0.004646699499974586	0.004604176548655141
0.005	0.004860405051566607	0.004860405051566607	0.004833710841100033	0.004833710841100033	0.004792769541508331	0.004792769541508331	0.004703104535806884	0.004703104535806884	0.004637432668017521
0.005	0.00445199616491484	0.00445199616491484	0.003906617990960941	0.003906617990960941	0.003455398368901962	0.003455398368901962	0.002993286795401049	0.002993286795401049	0.0025193073274344686
0.005	0.004416201595659043	0.004416201595659043	0.003872280958490156	0.003872280958490156	0.003358658106551779	0.003358658106551779	0.002902136014602157	0.002902136014602157	0.002420484345245905
0.005	0.004424919183300013	0.004424919183300013	0.0039137965367795746	0.0039137965367795746	0.003436592692593055	0.003436592692593055	0.002953858583469151	0.002953858583469151	0.002499670247094627
0.005	0.004434896526455818	0.004434896526455818	0.0038239133326231603	0.0038239133326231603	0.003273572449159391	0.003273572449159391	0.002772687551770446	0.002772687551770446	0.0023185105124021543
0.005	0.004429598280458725	0.004429598280458725	0.003861552911920835	0.003861552911920835	0.003372886545569109	0.003372886545569109	0.0029200535459287177	0.0029200535459287177	0.002454841117325706
0.005	0.004424000894088247	0.004424000894088247	0.0038874645166578274	0.0038874645166578274	0.00331650571255084	0.00331650571255084	0.002755920134976413	0.002755920134976413	0.0022389061270433044
0.005	0.004445265463229813	0.004445265463229813	0.003916367387821388	0.003916367387821388	0.003472584989298152	0.003472584989298152	0.0030267714715275537	0.0030267714715275537	0.0026009926415146143
0.005	0.004422024863606955	0.004422024863606955	0.003887290382983337	0.003887290382983337	0.003384588352377217	0.003384588352377217	0.0029409875047983944	0.0029409875047983944	0.002534115678053216
0.005	0.004469936409372397	0.004469936409372397	0.003925171960617515	0.003925171960617515	0.003492578703566122	0.003492578703566122	0.003065796377684486	0.003065796377684486	0.0026675851527642536
0.005	0.004403703334524812	0.004403703334524812	0.0038634979526924553	0.0038634979526924553	0.0033557017145696573	0.0033557017145696573	0.00289335226803072	0.00289335226803072	0.002475375372511614
0.005	0.00445657974521102	0.00445657974521102	0.003918401272988683	0.003918401272988683	0.003448979004401333	0.003448979004401333	0.002957688460468311	0.002957688460468311	0.0025032713264554586
0.005	0.004434380908038371	0.004434380908038371	0.0038673023740901286	0.0038673023740901286	0.003322299063757553	0.003322299063757553	0.0027797992608723818	0.0027797992608723818	0.00228284148857536
0.005	0.004437775115773378	0.004437775115773378	0.003969265522655312	0.003969265522655312	0.0035138463761101367	0.0035138463761101367	0.003078119782752745	0.003078119782752745	0.0027284935344405094
0.005	0.004441603688918822	0.004441603688918822	0.0038300631752798808	0.0038300631752798808	0.00334671962869127	0.00334671962869127	0.0028666575143516523	0.0028666575143516523	0.0024224485616653343
0.005	0.004411007985099354	0.004411007985099354	0.0038915274911461	0.0038915274911461	0.003363928109782778	0.003363928109782778	0.0028443196508923948	0.0028443196508923948	0.002363638823101121
0.005	0.004448405525108828	0.004448405525108828	0.003874690778767943	0.003874690778767943	0.0033407384167071456	0.0033407384167071456	0.002835903218203408	0.002835903218203408	0.002353223183177832
0.005	0.004417654673058267	0.004417654673058267	0.0038694253606840565	0.0038694253606840565	0.0033887942004267504	0.0033887942004267504	0.0029327835819848128	0.0029327835819848128	0.002506143677573933
0.005	0.004454329361570522	0.004454329361570522	0.003930027078798042	0.003930027078798042	0.0034395779079042497	0.0034395779079042497	0.0029788149181093843	0.0029788149181093843	0.0025309994845125585
0.005	0.0044003585112679594	0.0044003585112679594	0.0038058915416400623	0.0038058915416400623	0.0033281860237078125	0.0033281860237078125	0.002859535116431454	0.002859535116431454	0.002445241031305751
0.005	0.004462341516339786	0.004462341516339786	0.003916343534580061	0.003916343534580061	0.003438111204995596	0.003438111204995596	0.0029412568055250127	0.0029412568055250127	0.0024484556596575707
0.005	0.004455383474885658	0.004455383474885658	0.0038625050923474635	0.0038625050923474635	0.003401027349346598	0.003401027349346598	0.002980600834983649	0.002980600834983649	0.002590411734705151
0.005	0.004429559535695007	0.004429559535695007	0.0038703092885643536	0.0038703092885643536	0.0033649995150668156	0.0033649995150668156	0.0029244182584423142	0.0029244182584423142	0.00244787030694152
0.005	0.0044312785300687435	0.0044312785300687435	0.0038282927437746496	0.0038282927437746496	0.0033145593091145776	0.0033145593091145776	0.002842794039310341	0.002842794039310341	0.0023779499371523504
0.005	0.004399732757994266	0.004399732757994266	0.003824532081839355	0.003824532081839355	0.00330745735863322	0.00330745735863322	0.002840063514807525	0.002840063514807525	0.0024155130798659695
0.005	0.004444914922607097	0.004444914922607097	0.0039038506703871134	0.0039038506703871134	0.003391940317705329	0.003391940317705329	0.0028996060401806647	0.0028996060401806647	0.0024685663211858385
0.005	0.0044430823965140795	0.0044430823965140795	0.003927252066301426	0.003927252066301426	0.0034414745621862697	0.0034414745621862697	0.002973359477041128	0.002973359477041128	0.002483953042788518
0.005	0.004402463597039919	0.004402463597039919	0.003877281213858211	0.003877281213858211	0.003375377582036799	0.003375377582036799	0.002901774953052613	0.002901774953052613	0.002397563850946453
0.005	0.0044060300218859375	0.0044060300218859375	0.0038641051251661913	0.0038641051251661913	0.003369004229497441	0.003369004229497441	0.0028741296256999125	0.0028741296256999125	0.002377537856518406
0.005	0.00442134900387159	0.00442134900387159	0.00387528221799646	0.00387528221799646	0.003392752664976649	0.003392752664976649	0.0029726032156044166	0.0029726032156044166	0.0025387327435476164
0.005	0.004408843212714094	0.004408843212714094	0.003892439279615175	0.003892439279615175	0.0033287103698938325	0.0033287103698938325	0.0028003909393805276	0.0028003909393805276	0.0022606091086789315
0.005	0.004438305139679268	0.004438305139679268	0.0038285769098380675	0.0038285769098380675	0.003313274118231344	0.003313274118231344	0.0028085507165910443	0.0028085507165910443	0.002322920010339256
0.005	0.004413799702259938	0.004413799702259938	0.003831950906144195	0.003831950906144195	0.003348035070195254	0.003348035070195254	0.0028897260912320016	0.0028897260912320016	0.0024736030936763844
0.005	0.004487670100083195	0.004487670100083195	0.003963831317241162	0.003963831317241162	0.0034360877386816146	0.0034360877386816146	0.0029099192595372398	0.0029099192595372398	0.0024448785932501592
0.005	0.0044286920947422415	0.0044286920947422415	0.0039040796669876977	0.0039040796669876977	0.0033841643841195194	0.0033841643841195194	0.002853377709793142	0.002853377709793142	0.0023518668029835826
0.005	0.004417751075220399	0.004417751075220399	0.0038644106415199717	0.0038644106415199717	0.0033795884361193743	0.0033795884361193743	0.002919337731249645	0.002919337731249645	0.0025012236371569512
0.005	0.004433479427728872	0.004433479427728872	0.0038301397424245222	0.0038301397424245222	0.00338429150130023	0.00338429150130023	0.0029689127564090875	0.0029689127564090875	0.002533555194208951
0.005	0.004445084295087107	0.004445084295087107	0.0038773919244446033	0.0038773919244446033	0.0033875201360607263	0.0033875201360607263	0.0029237582851778902	0.0029237582851778902	0.0024730440404528713
0.005	0.004412335977133442	0.004412335977133442	0.0038715102613692412	0.0038715102613692412	0.0033172811015823858	0.0033172811015823858	0.002823449014785566	0.002823449014785566	0.002331322332316812
0.005	0.0044445369942485696	0.0044445369942485696	0.0038418794942896082	0.0038418794942896082	0.003289947780187102	0.003289947780187102	0.0027866335773000283	0.0027866335773000283	0.0022468696233723983
0.005	0.004421042016471613	0.004421042016471613	0.003865490567574833	0.003865490567574833	0.0033286465656864918	0.0033286465656864918	0.002813297074215846	0.002813297074215846	0.00230848137709318
0.005	0.0044715121409395426	0.0044715121409395426	0.003950973507932186	0.003950973507932186	0.0034563201940971465	0.0034563201940971465	0.0030087058399537268	0.0030087058399537268	0.0025640632863532646
0.005	0.004419243704080294	0.004419243704080294	0.003844969070567363	0.003844969070567363	0.0033730876482412886	0.0033730876482412886	0.0028910581616357557	0.0028910581616357557	0.0023839956125595286
0.005	0.004418198581817349	0.004418198581817349	0.0038802371423802607	0.0038802371423802607	0.0034281174256462097	0.0034281174256462097	0.0029988218870030023	0.0029988218870030023	0.0025628191335650215
0.005	0.004420158663392269	0.004420158663392269	0.00384936768144376	0.00384936768144376	0.003366368640187273	0.003366368640187273	0.002939164061395212	0.002939164061395212	0.002526894559827882
0.005	0.004440542312856422	0.004440542312856422	0.003949681749168571	0.003949681749168571	0.00351874553578173	0.00351874553578173	0.003088528453270747	0.003088528453270747	0.0026752512132575588
0.005	0.004413433372829691	0.004413433372829691	0.003852716143965451	0.003852716143965451	0.003371468070683494	0.003371468070683494	0.0029459845103578025	0.0029459845103578025	0.0025729596407027913
0.005	0.00440748268121312	0.00440748268121312	0.0038891338169589917	0.0038891338169589917	0.003340743526656478	0.003340743526656478	0.002826564014889522	0.002826564014889522	0.0023375649203648914
0.005	0.004451197882236352	0.004451197882236352	0.003950457551056843	0.003950457551056843	0.0035080979477951075	0.0035080979477951075	0.003107085784471439	0.003107085784471439	0.0027128589761492446
0.005	0.004417438830882307	0.004417438830882307	0.0038660010097784775	0.0038660010097784775	0.003388588808893218	0.003388588808893218	0.0028763204463450507	0.0028763204463450507	0.002371421239241631
0.005	0.004427013813909867	0.004427013813909867	0.0038887585061594607	0.0038887585061594607	0.0033323084876473144	0.0033323084876473144	0.0027986525660709583	0.0027986525660709583	0.002262462526573894
0.005	0.004412123329469073	0.004412123329469073	0.0038341310554579787	0.0038341310554579787	0.0033731760488995674	0.0033731760488995674	0.0029262369660354305	0.0029262369660354305	0.0024615153141174947
0.005	0.004402836826491576	0.004402836826491576	0.0038440813422164436	0.0038440813422164436	0.00334564170533157	0.00334564170533157	0.0028556292011179493	0.0028556292011179493	0.0023914765035810354
0.005	0.004440417001465348	0.004440417001465348	0.0038864536786858963	0.0038864536786858963	0.0034011018944252037	0.0034011018944252037	0.0029337263926699003	0.0029337263926699003	0.0025046816514424563
0.005	0.004458537756032433	0.004458537756032433	0.003920560842387742	0.003920560842387742	0.0034066010554706394	0.0034066010554706394	0.002934330561681111	0.002934330561681111	0.002484932684750662
0.005	0.0044047378055180894	0.0044047378055180894	0.0038455743011797357	0.0038455743011797357	0.0032846736220463603	0.0032846736220463603	0.0027052363670971714	0.0027052363670971714	0.002157314023728891
0.005	0.004432118742979749	0.004432118742979749	0.003888826515258746	0.003888826515258746	0.0033993876574357124	0.0033993876574357124	0.0028915274510216246	0.0028915274510216246	0.0024083095161889284
0.005	0.004436476974088987	0.004436476974088987	0.003920747763065363	0.003920747763065363	0.0034311285338653173	0.0034311285338653173	0.0030038454099929474	0.0030038454099929474	0.002591515126633748
0.005	0.0044530732415959074	0.0044530732415959074	0.003871358352202981	0.003871358352202981	0.003384870139881294	0.003384870139881294	0.002861340403073426	0.002861340403073426	0.002367863295667154
0.005	0.004414533892787655	0.004414533892787655	0.0038097776207571925	0.0038097776207571925	0.003347871328037892	0.003347871328037892	0.002917166835202061	0.002917166835202061	0.002464597300641402
0.005	0.004437673738927611	0.004437673738927611	0.00393803855225031	0.00393803855225031	0.003568297743971573	0.003568297743971573	0.0031726141130939494	0.0031726141130939494	0.0027929377604731303
0.005	0.004439348002362576	0.004439348002362576	0.003868825024006531	0.003868825024006531	0.0034039380541972647	0.0034039380541972647	0.0029895733450531286	0.0029895733450531286	0.0026065008057451692
0.005	0.004438498363365499	0.004438498363365499	0.0038952146978283478	0.0038952146978283478	0.003438741903626252	0.003438741903626252	0.003004988352350708	0.003004988352350708	0.002591916987450828
0.005	0.004480303871609214	0.004480303871609214	0.003953525370020284	0.003953525370020284	0.003434255801554519	0.003434255801554519	0.0029462284370167413	0.0029462284370167413	0.0024405348885487925
0.005	0.004428615671354797	0.004428615671354797	0.003890138110565031	0.003890138110565031	0.003405373355928416	0.003405373355928416	0.002990613207236328	0.002990613207236328	0.002561080045818469
0.005	0.004450478072052353	0.004450478072052353	0.003982995854661707	0.003982995854661707	0.0034945077942955013	0.0034945077942955013	0.003041668736832162	0.003041668736832162	0.0025699473710006845
0.005	0.004407695085011049	0.004407695085011049	0.0039118410195278725	0.0039118410195278725	0.003384758853664221	0.003384758853664221	0.0028606687007564804	0.0028606687007564804	0.002344157065631149
0.005	0.004455806034413727	0.004455806034413727	0.0039459897322198225	0.0039459897322198225	0.0034424206564213473	0.0034424206564213473	0.00294838643792229	0.00294838643792229	0.002459762450592226
0.005	0.004431139030981908	0.004431139030981908	0.0038601459428491735	0.0038601459428491735	0.0032878483045825366	0.0032878483045825366	0.002766546898433315	0.002766546898433315	0.002295344258970289
0.005	0.004453960438888387	0.004453960438888387	0.0038576974532568854	0.0038576974532568854	0.003410172219870229	0.003410172219870229	0.0029945476550964556	0.0029945476550964556	0.002617726237428626
0.005	0.004442179124061469	0.004442179124061469	0.003932239405245911	0.003932239405245911	0.0034384849127866287	0.0034384849127866287	0.0029154824641620214	0.0029154824641620214	0.002404144719196075
0.005	0.004430671028794678	0.004430671028794678	0.0038253852225268773	0.0038253852225268773	0.003350898655366805	0.003350898655366805	0.0028922333834045183	0.0028922333834045183	0.0024994209989288134
0.005	0.004429565351620997	0.004429565351620997	0.0038391559263408173	0.0038391559263408173	0.003321863189448736	0.003321863189448736	0.0028109054037993545	0.0028109054037993545	0.002324650326040276
0.005	0.00441008904199026	0.00441008904199026	0.0038799868626886507	0.0038799868626886507	0.003317087795867145	0.003317087795867145	0.0027972889574529552	0.0027972889574529552	0.002331205986548609
0.005	0.00442116065151604	0.00442116065151604	0.0038745194412493763	0.0038745194412493763	0.003382991454573035	0.003382991454573035	0.0029283541152714592	0.0029283541152714592	0.002447506791992484
0.005	0.004442938192388961	0.004442938192388961	0.003918337849135881	0.003918337849135881	0.00342720922274239	0.00342720922274239	0.003020614422626328	0.003020614422626328	0.0026001035576120554
0.005	0.004447638559937597	0.004447638559937597	0.0038764076000057934	0.0038764076000057934	0.0033924074543347014	0.0033924074543347014	0.0029802904456318275	0.0029802904456318275	0.0025348798515455223
0.005	0.0044526552455282494	0.0044526552455282494	0.0038639063737603706	0.0038639063737603706	0.003353481927997279	0.003353481927997279	0.002918935162388529	0.002918935162388529	0.0025072178960129483
0.005	0.004480505952130111	0.004480505952130111	0.003950430889857906	0.003950430889857906	0.0035777215366276614	0.0035777215366276614	0.0032354741642889586	0.0032354741642889586	0.0029213543136845993
0.005	0.004456632057971838	0.004456632057971838	0.003885498547525932	0.003885498547525932	0.003402286537338784	0.003402286537338784	0.0029766345682765848	0.0029766345682765848	0.0025580370834110823
0.005	0.004469688440367293	0.004469688440367293	0.0039336884997698855	0.0039336884997698855	0.0034729272897654397	0.0034729272897654397	0.003047323681929403	0.003047323681929403	0.0026294771915173986
0.005	0.004420739909907954	0.004420739909907954	0.0038755150156161602	0.0038755150156161602	0.0033445147766008585	0.0033445147766008585	0.0028487011434222788	0.0028487011434222788	0.0023256060798547184
0.005	0.0044402942120991655	0.0044402942120991655	0.003884003433553767	0.003884003433553767	0.0034294707652067755	0.0034294707652067755	0.002966729365490326	0.002966729365490326	0.002468380248405347
0.005	0.0043993252227100986	0.0043993252227100986	0.0037878281924722313	0.0037878281924722313	0.00326794508953164	0.00326794508953164	0.0027434894012389748	0.0027434894012389748	0.0022616897872087577
0.005	0.004454416401659685	0.004454416401659685	0.0038862881560658095	0.0038862881560658095	0.003392458319100984	0.003392458319100984	0.0029328773381415148	0.0029328773381415148	0.0025242568956006448
0.005	0.004416128140606891	0.004416128140606891	0.003851978061650225	0.003851978061650225	0.0033742604149210324	0.0033742604149210324	0.002908298973131239	0.002908298973131239	0.002456979388148927
0.005	0.004458375446898261	0.004458375446898261	0.0038992199654497833	0.0038992199654497833	0.003450415389285956	0.003450415389285956	0.0030355211663642932	0.0030355211663642932	0.0025832500024519597
0.005	0.0044393204709294535	0.0044393204709294535	0.003882202457324273	0.003882202457324273	0.0034051108056802203	0.0034051108056802203	0.0029444546298479533	0.0029444546298479533	0.002502421105682417
0.005	0.004480466969608654	0.004480466969608654	0.003926201430496648	0.003926201430496648	0.003481110119380951	0.003481110119380951	0.0030196566128440315	0.0030196566128440315	0.0025680042117362085
0.005	0.004427246514346165	0.004427246514346165	0.00389228537864711	0.00389228537864711	0.0035217596482791545	0.0035217596482791545	0.003156568940354344	0.003156568940354344	0.0028489290283766422
0.005	0.004446846871281871	0.004446846871281871	0.0038930135371797476	0.0038930135371797476	0.0034026507590255105	0.0034026507590255105	0.00294077193121249	0.00294077193121249	0.002524578320522764
0.005	0.004424926617545003	0.004424926617545003	0.0039005061170301527	0.0039005061170301527	0.0034418414370055673	0.0034418414370055673	0.002980174378802907	0.002980174378802907	0.0025223243002051934
0.005	0.00443663081685911	0.00443663081685911	0.003888519277012758	0.003888519277012758	0.0034170761671766287	0.0034170761671766287	0.0029655998644545862	0.0029655998644545862	0.002544402855805541
0.005	0.004441363044937901	0.004441363044937901	0.0038658239637261423	0.0038658239637261423	0.0034320658157582875	0.0034320658157582875	0.0029748603813802487	0.0029748603813802487	0.002517482429370841
0.005	0.004412651901174714	0.004412651901174714	0.003920551539737665	0.003920551539737665	0.0033533550532015848	0.0033533550532015848	0.002815075769989508	0.002815075769989508	0.00229902748654116
0.005	0.004402832783081445	0.004402832783081445	0.003801620612312781	0.003801620612312781	0.0033048790583806434	0.0033048790583806434	0.002844557381625698	0.002844557381625698	0.0024076795552365427
