0.00075	0.002202599509827178	0.002202599509827178	0.003652326345164586	0.003652326345164586	0.005083236020158909	0.005083236020158909	0.0065630513331041375	0.0065630513331041375	0.00803348743164842
0.00075	0.002509662388484323	0.002509662388484323	0.0042553079137920445	0.0042553079137920445	0.005970980033737955	0.005970980033737955	0.007636174914328943	0.007636174914328943	0.009230491889555562
0.00075	0.0019360306170856556	0.0019360306170856556	0.003062861414152228	0.003062861414152228	0.004292943693503749	0.004292943693503749	0.005521203721317836	0.005521203721317836	0.006817885291020963
0.00075	0.0017780567487175696	0.0017780567487175696	0.002832432288410729	0.002832432288410729	0.003935145502724953	0.003935145502724953	0.004958493337758492	0.004958493337758492	0.005949039682125622
0.00075	0.001835998215988281	0.001835998215988281	0.002981846751471493	0.002981846751471493	0.004163347900884472	0.004163347900884472	0.005348824031200862	0.005348824031200862	0.006565658886328678
0.00075	0.0002664095926540732	0.0002664095926540732	0.00023068465546352494	0.00023068465546352494	0.0001800962682875218	0.0001800962682875218	0.00015163155492335922	0.00015163155492335922	9.97059623040647e-5
0.00075	0.0003988764547426792	0.0003988764547426792	6.037655340445933e-5	6.037655340445933e-5	0.00013635738711806138	0.00013635738711806138	5.4563842453366005e-5	5.4563842453366005e-5	6.80747606415992e-5
0.00075	0.0005901800707987905	0.0005901800707987905	0.0004718956505683459	0.0004718956505683459	0.00044118571092919125	0.00044118571092919125	0.000455924234995372	0.000455924234995372	0.00044803342654563933
0.00075	5.574276199470457e-5	5.574276199470457e-5	4.3766217082802086e-5	4.3766217082802086e-5	4.637326374041304e-5	4.637326374041304e-5	4.560747264587347e-5	4.560747264587347e-5	3.779285766995746e-5
0.00075	6.953590940094239e-5	6.953590940094239e-5	7.278457061501085e-5	7.278457061501085e-5	7.187779822465772e-5	7.187779822465772e-5	8.236804092514243e-5	8.236804092514243e-5	7.534865944325815e-5
0.00075	2.6606066848816957e-5	2.6606066848816957e-5	2.829184668015405e-5	2.829184668015405e-5	2.566502026395027e-5	2.566502026395027e-5	2.513416470604098e-5	2.513416470604098e-5	2.4522719497226758e-5
0.00075	0.00016270708609781188	0.00016270708609781188	0.00019682579959537635	0.00019682579959537635	0.00014600052808288943	0.00014600052808288943	0.00010882952509987012	0.00010882952509987012	0.00018793167078941527
0.00075	8.535937739472802e-5	8.535937739472802e-5	8.748605116333954e-5	8.748605116333954e-5	8.679928028135714e-5	8.679928028135714e-5	8.747561192119796e-5	8.747561192119796e-5	8.688138162130622e-5
0.00075	0.0004858628585024853	0.0004858628585024853	0.00015629570616822977	0.00015629570616822977	0.00021127613018235777	0.00021127613018235777	8.055439010066099e-5	8.055439010066099e-5	0.00015155991403215032
0.00075	0.0005243327663026027	0.0005243327663026027	0.00028021553364823216	0.00028021553364823216	0.00044155702490308207	0.00044155702490308207	0.000340853971368595	0.000340853971368595	0.00031493495279963704
0.00075	6.8553950647601e-5	6.8553950647601e-5	7.006906759372769e-5	7.006906759372769e-5	7.29767250432449e-5	7.29767250432449e-5	7.38791815938561e-5	7.38791815938561e-5	6.841161472331353e-5
0.00075	0.0005809273942304508	0.0005809273942304508	0.0004443205161659697	0.0004443205161659697	0.0004637340519552579	0.0004637340519552579	0.0004371892261770826	0.0004371892261770826	0.0003821868189698015
0.00075	7.447711845974849e-5	7.447711845974849e-5	6.173567908898501e-5	6.173567908898501e-5	5.5146494221134256e-5	5.5146494221134256e-5	6.047656186251619e-5	6.047656186251619e-5	6.778175288455022e-5
0.00075	0.00011007415162572514	0.00011007415162572514	3.8605363402307514e-5	3.8605363402307514e-5	3.704248216656885e-5	3.704248216656885e-5	2.814775521651058e-5	2.814775521651058e-5	2.8050446380074133e-5
0.00075	0.00023537661251214818	0.00023537661251214818	0.0001791484778748402	0.0001791484778748402	0.00014582400945457318	0.00014582400945457318	0.00017301179537710596	0.00017301179537710596	7.892184732038542e-5
0.00075	0.00028134237665071487	0.00028134237665071487	0.00028803435503535143	0.00028803435503535143	0.0002174840292026284	0.0002174840292026284	0.0003095724308345896	0.0003095724308345896	0.00010958779129233949
0.00075	0.00028334915618840033	0.00028334915618840033	0.00011264694492662999	0.00011264694492662999	7.57757083060049e-5	7.57757083060049e-5	0.00011273430425821679	0.00011273430425821679	9.518120870303198e-5
0.00075	0.0002361487712695311	0.0002361487712695311	8.44306633778404e-5	8.44306633778404e-5	7.145688555399923e-5	7.145688555399923e-5	7.136897976904755e-5	7.136897976904755e-5	7.31239026884854e-5
0.00075	0.00025544697483764777	0.00025544697483764777	6.512735871744586e-5	6.512735871744586e-5	6.485076085358035e-5	6.485076085358035e-5	6.583895041474349e-5	6.583895041474349e-5	6.287072108230404e-5
0.00075	0.00011846127139346597	0.00011846127139346597	4.48216877820641e-5	4.48216877820641e-5	4.1876724016319754e-5	4.1876724016319754e-5	4.1627780052571134e-5	4.1627780052571134e-5	3.902653663585177e-5
0.00075	0.0004144308652970015	0.0004144308652970015	0.00031252703022745205	0.00031252703022745205	0.00024235038903931756	0.00024235038903931756	0.0002694561849788678	0.0002694561849788678	0.00025195498730116447
0.00075	0.0006268766034027469	0.0006268766034027469	0.00043067988356922435	0.00043067988356922435	0.00034652460067372925	0.00034652460067372925	0.00030028979909620823	0.00030028979909620823	0.00037593599442830406
0.00075	0.0003393584438011449	0.0003393584438011449	0.00020987939127494815	0.00020987939127494815	0.00015084989591366367	0.00015084989591366367	0.00015614500323416728	0.00015614500323416728	0.00020017659478980044
0.00075	7.390264678198909e-5	7.390264678198909e-5	7.60904785993514e-5	7.60904785993514e-5	7.557580172004398e-5	7.557580172004398e-5	8.243663700867233e-5	8.243663700867233e-5	7.700989999389643e-5
0.00075	0.0005320976304681799	0.0005320976304681799	0.0005089086718829555	0.0005089086718829555	0.00039602532178126184	0.00039602532178126184	0.0002936061783396924	0.0002936061783396924	0.00023969761517956439
0.00075	6.67981990214184e-5	6.67981990214184e-5	7.375433634350838e-5	7.375433634350838e-5	9.259773970690374e-5	9.259773970690374e-5	9.710060627402159e-5	9.710060627402159e-5	7.821687449973672e-5
0.00075	0.00037642614209636594	0.00037642614209636594	0.0002235568981141878	0.0002235568981141878	0.00020656331747011695	0.00020656331747011695	0.000257081180211987	0.000257081180211987	0.000250025552199757
0.00075	0.00026204560972019813	0.00026204560972019813	0.0002193632971097119	0.0002193632971097119	0.0001777352794001114	0.0001777352794001114	0.0003054358401986181	0.0003054358401986181	0.0002954359705479862
0.00075	0.00045976180505610933	0.00045976180505610933	0.00031149936167782367	0.00031149936167782367	0.00043250371040279956	0.00043250371040279956	0.00035318855168865124	0.00035318855168865124	0.0001941161365243981
0.00075	8.656198881491072e-5	8.656198881491072e-5	8.464151509055096e-5	8.464151509055096e-5	8.870323470882698e-5	8.870323470882698e-5	8.471824374822848e-5	8.471824374822848e-5	8.634094342079894e-5
0.00075	6.626809405094537e-5	6.626809405094537e-5	7.464795821336702e-5	7.464795821336702e-5	7.336662956720868e-5	7.336662956720868e-5	6.835706467892709e-5	6.835706467892709e-5	6.60476249351149e-5
0.00075	6.067361813165598e-5	6.067361813165598e-5	6.748280095514504e-5	6.748280095514504e-5	7.000746144231377e-5	7.000746144231377e-5	9.295562331255215e-5	9.295562331255215e-5	7.173927912735046e-5
0.00075	7.135547369575718e-5	7.135547369575718e-5	7.690165010508022e-5	7.690165010508022e-5	0.0001497378327729491	0.0001497378327729491	7.96240271633428e-5	7.96240271633428e-5	8.564507625496146e-5
0.00075	0.00018879613468211545	0.00018879613468211545	0.00010177398742867095	0.00010177398742867095	0.00015972322160377053	0.00015972322160377053	0.00012882178561323426	0.00012882178561323426	7.414590854778837e-5
0.00075	6.634401672256013e-5	6.634401672256013e-5	6.645209321290027e-5	6.645209321290027e-5	6.689390337111195e-5	6.689390337111195e-5	6.67842981796231e-5	6.67842981796231e-5	7.057402595624578e-5
0.00075	4.941366253772491e-5	4.941366253772491e-5	3.2980298603263785e-5	3.2980298603263785e-5	3.401552909375443e-5	3.401552909375443e-5	2.7503260585132707e-5	2.7503260585132707e-5	2.7686210909911147e-5
0.00075	0.0005147362625847032	0.0005147362625847032	0.000262227662342562	0.000262227662342562	0.00030392215933754927	0.00030392215933754927	0.0003285015422416771	0.0003285015422416771	0.00026834317266849895
0.00075	7.147131245728378e-5	7.147131245728378e-5	6.577567733577582e-5	6.577567733577582e-5	6.552388102751333e-5	6.552388102751333e-5	6.791679310820238e-5	6.791679310820238e-5	6.610407547587197e-5
0.00075	0.00033749687423288607	0.00033749687423288607	0.00022389636849486143	0.00022389636849486143	0.00014116417970568744	0.00014116417970568744	8.873264087896614e-5	8.873264087896614e-5	0.00015874279697929145
0.00075	6.263303108762631e-5	6.263303108762631e-5	5.197128113263846e-5	5.197128113263846e-5	4.076454067609606e-5	4.076454067609606e-5	4.310161825278299e-5	4.310161825278299e-5	4.3775409306949384e-5
0.00075	0.0002161788661192493	0.0002161788661192493	0.00015764425981889282	0.00015764425981889282	0.0001565544822498556	0.0001565544822498556	0.0001649601386377759	0.0001649601386377759	0.00017095232578081832
0.00075	6.988068929265644e-5	6.988068929265644e-5	7.596659003383579e-5	7.596659003383579e-5	0.0002010030916294915	0.0002010030916294915	9.768556663741419e-5	9.768556663741419e-5	8.107769280117107e-5
0.00075	0.0005414173950737925	0.0005414173950737925	0.00036709090224048624	0.00036709090224048624	0.0004168980033083637	0.0004168980033083637	0.00041408188820400124	0.00041408188820400124	0.00036648640241447665
0.00075	0.0003792850418798993	0.0003792850418798993	0.00042567518352784026	0.00042567518352784026	0.0003612237935289488	0.0003612237935289488	0.00029965232493462697	0.00029965232493462697	0.00034001584760815656
0.00075	8.1290364892509e-5	8.1290364892509e-5	8.394549622789543e-5	8.394549622789543e-5	9.107043405120975e-5	9.107043405120975e-5	8.786663691091079e-5	8.786663691091079e-5	8.577172652982671e-5
0.00075	6.598463800287926e-5	6.598463800287926e-5	6.254502195189811e-5	6.254502195189811e-5	5.744667851280687e-5	5.744667851280687e-5	6.986380991425437e-5	6.986380991425437e-5	7.567638650435616e-5
0.00075	0.00017688368324520794	0.00017688368324520794	0.00015095221055664397	0.00015095221055664397	0.00021451591229193254	0.00021451591229193254	0.00012111292506117214	0.00012111292506117214	0.0001580227932841654
0.00075	6.200287457111835e-5	6.200287457111835e-5	4.516772391899043e-5	4.516772391899043e-5	3.7424189459741386e-5	3.7424189459741386e-5	4.929595428384486e-5	4.929595428384486e-5	4.940609621585909e-5
0.00075	0.00042291920021242455	0.00042291920021242455	0.00044995441382355195	0.00044995441382355195	0.00024426677764940937	0.00024426677764940937	0.00028197006175443163	0.00028197006175443163	0.00031505221568882343
0.00075	0.00025440054597290735	0.00025440054597290735	6.810001100727802e-5	6.810001100727802e-5	0.0001296540328087099	0.0001296540328087099	6.984929731585336e-5	6.984929731585336e-5	6.646038427886984e-5
0.00075	0.00011265874206074062	0.00011265874206074062	0.0001944769810691284	0.0001944769810691284	0.00012811517347447864	0.00012811517347447864	0.0001295629488868247	0.0001295629488868247	0.00014278704314491184
0.00075	0.0003368934881792371	0.0003368934881792371	0.0002791944079226703	0.0002791944079226703	0.00019167305788833712	0.00019167305788833712	0.0002132101943072851	0.0002132101943072851	0.0002298181093277654
0.00075	0.00020089982844521286	0.00020089982844521286	6.320354401475795e-5	6.320354401475795e-5	0.00011686921455118903	0.00011686921455118903	0.00010298684700638722	0.00010298684700638722	9.07419659610132e-5
0.00075	0.00042685730069676414	0.00042685730069676414	0.00043037787177940964	0.00043037787177940964	0.0004186362353874484	0.0004186362353874484	0.0003354187209644242	0.0003354187209644242	0.000369010404076065
0.00075	0.0002580259819545305	0.0002580259819545305	6.821834044485161e-5	6.821834044485161e-5	6.788657229699986e-5	6.788657229699986e-5	6.97594319587955e-5	6.97594319587955e-5	6.488315477788892e-5
0.00075	5.844884831161928e-5	5.844884831161928e-5	4.9225823861529105e-5	4.9225823861529105e-5	3.1262831351539307e-5	3.1262831351539307e-5	4.0635766942117886e-5	4.0635766942117886e-5	4.745410229695416e-5
0.00075	0.00020490988164131524	0.00020490988164131524	0.0002604607026972764	0.0002604607026972764	0.00012142179449944407	0.00012142179449944407	0.000239474397970601	0.000239474397970601	0.00013561541408514552
0.00075	0.0003325702355725844	0.0003325702355725844	0.00023416230546827483	0.00023416230546827483	0.00012281072898256414	0.00012281072898256414	0.00017256545370539984	0.00017256545370539984	0.00014559992225006733
0.00075	0.00037631615035070315	0.00037631615035070315	0.0004727812773845156	0.0004727812773845156	0.00033134921421718787	0.00033134921421718787	0.0002976611145056624	0.0002976611145056624	0.00032614706700081206
0.00075	0.00018336665271317362	0.00018336665271317362	0.00020947259750837534	0.00020947259750837534	0.0001767477980101578	0.0001767477980101578	0.0001604640085301574	0.0001604640085301574	0.00013851320224843953
0.00075	0.00024933108654135843	0.00024933108654135843	0.0001945770881037015	0.0001945770881037015	7.358480122484426e-5	7.358480122484426e-5	0.0002575520364545993	0.0002575520364545993	0.00012828537103874526
0.00075	0.0002970128259702784	0.0002970128259702784	9.680979079842174e-5	9.680979079842174e-5	8.282045554709539e-5	8.282045554709539e-5	8.088708374968618e-5	8.088708374968618e-5	6.77520635079905e-5
0.00075	6.977461076930351e-5	6.977461076930351e-5	8.220370052740388e-5	8.220370052740388e-5	9.829022215040377e-5	9.829022215040377e-5	9.908720818873549e-5	9.908720818873549e-5	6.544904345827148e-5
0.00075	6.929484261970707e-5	6.929484261970707e-5	7.613274024175554e-5	7.613274024175554e-5	7.54798469543791e-5	7.54798469543791e-5	7.313273740950457e-5	7.313273740950457e-5	7.052632205619152e-5
0.00075	0.00047716747729309667	0.00047716747729309667	0.0005425867639410314	0.0005425867639410314	0.000424073641925919	0.000424073641925919	0.0004516533512942873	0.0004516533512942873	0.0003984671711598575
0.00075	0.0003945671768770844	0.0003945671768770844	0.00036298975178738373	0.00036298975178738373	0.00027923795851983647	0.00027923795851983647	0.0003152195461849222	0.0003152195461849222	0.00021706859253868606
0.00075	0.00013607409689662974	0.00013607409689662974	0.00010723882284358967	0.00010723882284358967	9.128356954084564e-5	9.128356954084564e-5	9.942808388675293e-5	9.942808388675293e-5	0.00010468689463232857
0.00075	0.0003807361340098231	0.0003807361340098231	0.0002761288961311531	0.0002761288961311531	0.00013632031409477492	0.00013632031409477492	0.00022206217144635416	0.00022206217144635416	8.835322245026516e-5
0.00075	8.990664032117796e-5	8.990664032117796e-5	0.0002109141202851044	0.0002109141202851044	9.098622843216668e-5	9.098622843216668e-5	8.448338460300951e-5	8.448338460300951e-5	8.953076531573172e-5
0.00075	0.0003414454178304597	0.0003414454178304597	0.0003346325839079294	0.0003346325839079294	0.0002494247618682476	0.0002494247618682476	0.00022623848460521462	0.00022623848460521462	0.00033334297360903176
0.00075	0.00038440845562095517	0.00038440845562095517	0.00020562282327127833	0.00020562282327127833	0.00018762302444219975	0.00018762302444219975	0.00013083570316559754	0.00013083570316559754	0.00022285249207124985
0.00075	5.310666111117251e-5	5.310666111117251e-5	4.3424198177064436e-5	4.3424198177064436e-5	3.828440981359307e-5	3.828440981359307e-5	3.369371106660542e-5	3.369371106660542e-5	3.587965862509297e-5
0.00075	5.46350258811932e-5	5.46350258811932e-5	4.505323494013069e-5	4.505323494013069e-5	5.330526577246318e-5	5.330526577246318e-5	4.879865178256581e-5	4.879865178256581e-5	4.4391521267683785e-5
0.00075	0.00031483073952066	0.00031483073952066	0.0002793548506040602	0.0002793548506040602	0.00024826427661626797	0.00024826427661626797	0.0002255674681924325	0.0002255674681924325	8.331506048248691e-5
0.00075	0.00029427051684785413	0.00029427051684785413	0.00023226752620500806	0.00023226752620500806	0.00012296442958471395	0.00012296442958471395	0.00015503151381528296	0.00015503151381528296	0.00012034697719209191
0.00075	0.00038585471128963704	0.00038585471128963704	8.928964436484458e-5	8.928964436484458e-5	8.787701154052561e-5	8.787701154052561e-5	9.227129921225409e-5	9.227129921225409e-5	8.642712090297748e-5
0.00075	0.0003934125694786173	0.0003934125694786173	0.0002452011004731864	0.0002452011004731864	0.0003739846905434219	0.0003739846905434219	0.00030455345813097434	0.00030455345813097434	0.00031275226207791153
0.00075	6.536348707305278e-5	6.536348707305278e-5	6.512832761340247e-5	6.512832761340247e-5	7.016608554362029e-5	7.016608554362029e-5	7.760553019648192e-5	7.760553019648192e-5	6.881542090133897e-5
0.00075	0.0004661181330806472	0.0004661181330806472	0.00024284680923640668	0.00024284680923640668	0.00031026280926176817	0.00031026280926176817	0.0003350061367278861	0.0003350061367278861	0.00033069261294451497
0.00075	6.680073673762892e-5	6.680073673762892e-5	7.140179328774368e-5	7.140179328774368e-5	6.921225587776678e-5	6.921225587776678e-5	7.282593637519225e-5	7.282593637519225e-5	7.157861205161887e-5
0.00075	9.40352054183824e-5	9.40352054183824e-5	0.00011510943695858276	0.00011510943695858276	9.170438364345674e-5	9.170438364345674e-5	9.105041594726836e-5	9.105041594726836e-5	9.402422440784951e-5
0.00075	0.0005379793783659413	0.0005379793783659413	0.0003928929074173026	0.0003928929074173026	0.00020153506349588276	0.00020153506349588276	0.00016346429059192603	0.00016346429059192603	0.00028766325060176635
0.00075	9.072220669732499e-5	9.072220669732499e-5	6.52649679554825e-5	6.52649679554825e-5	6.0926530697049686e-5	6.0926530697049686e-5	5.862436689584547e-5	5.862436689584547e-5	6.524804475406225e-5
0.00075	0.00022984785116249076	0.00022984785116249076	0.00018364291261372412	0.00018364291261372412	0.00016901494261177273	0.00016901494261177273	0.00020086295769582445	0.00020086295769582445	9.115608253100549e-5
0.00075	7.060357139458054e-5	7.060357139458054e-5	7.968530609843785e-5	7.968530609843785e-5	7.011374775184472e-5	7.011374775184472e-5	6.788793912915793e-5	6.788793912915793e-5	7.775746106212576e-5
0.00075	0.0002286308011033164	0.0002286308011033164	0.00015461899752728666	0.00015461899752728666	0.00018890330394373076	0.00018890330394373076	0.00017367133975759348	0.00017367133975759348	0.00021459173849671382
0.00075	7.08761506872772e-5	7.08761506872772e-5	7.283851511319911e-5	7.283851511319911e-5	7.173951512346051e-5	7.173951512346051e-5	7.123905353865313e-5	7.123905353865313e-5	8.220730314352136e-5
0.00075	8.213577637672045e-5	8.213577637672045e-5	6.317121123219643e-5	6.317121123219643e-5	4.817029809407491e-5	4.817029809407491e-5	7.043404445909555e-5	7.043404445909555e-5	8.057774789953626e-5
0.00075	0.00036563860689431974	0.00036563860689431974	0.00035007327626528	0.00035007327626528	0.0003692855409700915	0.0003692855409700915	0.00012818722111254623	0.00012818722111254623	9.064907936941285e-5
0.00075	6.9061762271978e-5	6.9061762271978e-5	6.866450167354417e-5	6.866450167354417e-5	7.17950156873225e-5	7.17950156873225e-5	7.14196609778865e-5	7.14196609778865e-5	6.655933496018067e-5
0.00075	0.000378298906881577	0.000378298906881577	0.00020392858636212287	0.00020392858636212287	0.0003247109474346725	0.0003247109474346725	0.00022350448684957549	0.00022350448684957549	0.00031291129322396337
0.00075	9.498083358862781e-5	9.498083358862781e-5	7.39349456533447e-5	7.39349456533447e-5	6.673169629132407e-5	6.673169629132407e-5	9.112363351204493e-5	9.112363351204493e-5	7.291323847171933e-5
0.00075	0.00011466633820824325	0.00011466633820824325	0.00012916433184111193	0.00012916433184111193	0.00010265524370199072	0.00010265524370199072	9.30753423730647e-5	9.30753423730647e-5	9.310723203243123e-5
0.00075	9.3639791712331e-5	9.3639791712331e-5	7.545989053324634e-5	7.545989053324634e-5	8.619031857476715e-5	8.619031857476715e-5	7.324416900806626e-5	7.324416900806626e-5	8.093412223280459e-5
0.00075	7.417957175085834e-5	7.417957175085834e-5	0.00010455800613703894	0.00010455800613703894	8.4279362485438e-5	8.4279362485438e-5	6.965131393829317e-5	6.965131393829317e-5	6.581827719288818e-5
