0.6003505852419201	0.5219922753719978	0.606177750456138	0.5199519413462335	0.5992742800729163	0.5190021153655745	0.6014740549320713	0.5157017169786137	0.5962417837649024	0.5147326128608186
0.6083201640718247	0.5618844572664667	0.5969195967888389	0.5551959631434294	0.608650595889749	0.5483524303447269	0.6217438103675218	0.5400720988536757	0.598212074608345	0.5320042208274046
0.6034364692185598	0.5604037110819741	0.591446843287753	0.5601336947294236	0.6170083053815206	0.5591381359426782	0.6101498209701479	0.5582874555904004	0.611410904654828	0.5566608246786288
0.6094481355538901	0.5537639483986108	0.5979437663342775	0.551418468580285	0.6029413638110243	0.5518449855733825	0.6038554957356315	0.554180479681365	0.6021776421230693	0.5560538148903855
0.6076359043939129	0.5792381151105742	0.611322780723224	0.5745755584657402	0.6091104469870471	0.5675061647151541	0.5961728410352201	0.5573824917885231	0.61026158968292	0.5481794517863829
0.4596623169886583	0.5460194949969138	0.46990231374683006	0.5449317825242245	0.46542958891903624	0.5396259728176415	0.47415899891600777	0.5308843814111606	0.459915027662161	0.5228270868933719
0.4596623169886583	0.5793353833269647	0.46756235309789856	0.5751584445350795	0.46031132204156455	0.5715465914537674	0.47144674901523365	0.5678927842301029	0.45999021978793886	0.5632820682338542
0.4596623169886583	0.5717066352270569	0.46938440767067513	0.56728513833602	0.47048359087481434	0.5640033251121668	0.4612860044314775	0.5596074213345165	0.4689428430909062	0.5561788026884951
0.4681000156300324	0.5765788560306941	0.4619448281761055	0.5754227032794131	0.4603118097535976	0.5742569082081829	0.47354706774916394	0.5731619080363484	0.4688090330602804	0.5717534255047322
0.4679865748769427	0.5599654494792021	0.4677697396854336	0.5574145871552993	0.46027366870297187	0.5549387583865284	0.471023986374639	0.5531693547903714	0.4718417203926906	0.5514781520985111
0.4596623169886583	0.5384963315028111	0.46186414883309435	0.5307057765087825	0.4602170699029699	0.5221473224127647	0.46119868191891383	0.5157192813942665	0.4598811743207159	0.5132991036541177
0.4596623169886583	0.5325953579032553	0.46185161125405694	0.531107684254717	0.47072911567468934	0.5305429370170964	0.46121618009554216	0.5317958919185685	0.4599172698561574	0.533574781146521
0.4596623169886583	0.504417661647652	0.4617919165844812	0.502121371453702	0.46015646361686374	0.4998242926580661	0.46804483989610407	0.49735987774056056	0.45984613533749874	0.49582600098024815
0.4695943926770952	0.5322826735977084	0.4618509486438864	0.5312203201459169	0.47206032646958357	0.5326165985075617	0.4711554957119493	0.5334364291932422	0.46690657964650417	0.5355765029034765
0.4596623169886583	0.5329795047732232	0.47565023536006473	0.5281928858179267	0.4602163570060854	0.5239319417954552	0.47344742186786865	0.5192966596238764	0.47001499220241283	0.515030548167487
0.46824590460737014	0.5519072227265408	0.4692779316417369	0.5414798632972213	0.4646649748788488	0.5310848175144061	0.46122940936935164	0.520673264347297	0.45991613619177313	0.513326572352843
0.46552312267528023	0.5180728896006722	0.46182086107386083	0.5175131056366404	0.4710736905965701	0.5192976632411626	0.4611927112614242	0.5222711015110387	0.45989490203067573	0.525063359100247
0.4596623169886583	0.5146128300590088	0.4756861178192482	0.5084942381873835	0.4697484044437421	0.5047735952328254	0.4611624556937851	0.5007071311164425	0.4709680038868679	0.49584834510555886
0.47049895784401197	0.5523057626763721	0.4618933908479243	0.5546161705537453	0.467650617865117	0.5575214952385121	0.4612724597736555	0.5587539242243101	0.4599715855178852	0.5571960168931155
0.4596623169886583	0.5275093685080543	0.46830427724011275	0.5220778518568661	0.46019852645123743	0.5206317187679439	0.4611954967304852	0.5193523012178458	0.4700313865130401	0.5183527555581359
0.46782190158196135	0.5457909937207538	0.4618795971861464	0.546448151151597	0.46761528242093975	0.547002498192955	0.47528471971160613	0.5498193608265456	0.468467332403902	0.552385968290038
0.4596623169886583	0.5644037559983234	0.4710321409395241	0.5620921560224937	0.4602835802584087	0.5596024143386215	0.46127704878102077	0.5567463386663563	0.46950065214163056	0.5540739807878639
0.4596623169886583	0.5421950807788738	0.4700527344612094	0.5441779400768896	0.46024552216453507	0.5442480457405541	0.46125656984215485	0.5482840035664261	0.4599673584533002	0.5487652349792671
0.4596623169886583	0.558558442309724	0.4670243623639276	0.5587078617740371	0.47269449718402873	0.5577629045717687	0.4612729633918408	0.5560890555439497	0.46835360136900384	0.5542911008454517
0.4730298320899508	0.5644508180377474	0.46191913908948956	0.5609628028643555	0.4710772674109646	0.5581116952156034	0.46127517278690633	0.5524910032739591	0.4599680078575448	0.5450634349809859
0.4681605768330285	0.5456754442959183	0.4618793403932811	0.5467854497014507	0.46816837184822363	0.5475819823403076	0.46643456963164825	0.5497235324708246	0.46543588561022486	0.5506320113239991
0.470603315898325	0.5775605868741641	0.46194692028212797	0.5723135181635899	0.4603052868107206	0.567423790468331	0.4653581303807458	0.5618224754145166	0.45998905579014027	0.5572782832871604
0.4688180896092846	0.5670776851996928	0.4619247057592597	0.5669891205246831	0.4602939800699051	0.5663660710889756	0.4707935782202066	0.5653539020245733	0.47159372442842873	0.5630144258305352
0.4596623169886583	0.5660577064137647	0.4750178273112911	0.564839046287774	0.46028933679257245	0.5636562091326791	0.4773992453478394	0.5620356154718491	0.47677726128480136	0.5606505110580282
0.46754191397208567	0.5231242232688734	0.4618315598628017	0.5207860969968823	0.4694146314529789	0.5191914556709396	0.46563507514148306	0.5166147292295769	0.470294996409961	0.5148797731646271
0.4596623169886583	0.5480384130738727	0.46188433668617185	0.5450723483003329	0.4674551953266398	0.5425782292308547	0.47246896960191803	0.5398119527118748	0.45994364039336993	0.5379266445521905
0.4596623169886583	0.5833737113959893	0.4681092822238886	0.5794248216240673	0.46032037531430997	0.5754918926819098	0.46920317063294625	0.5708253528944602	0.460005535212678	0.5661968083617049
0.4702114065486343	0.5456281921043353	0.47049022228036314	0.538202838031597	0.46696399302944813	0.5310123433880948	0.46977923687456047	0.5250678928515881	0.45991377830590263	0.5220704093822761
0.4596623169886583	0.5694336590919007	0.4708620842998506	0.56708331119818	0.4682754501860328	0.5648715652583796	0.46984480125705397	0.562342096361545	0.45998037249487134	0.5597751355654335
0.4596623169886583	0.5773966228486744	0.46821016078331573	0.5687642862629113	0.46029779393920167	0.5604265294936585	0.47440075546760413	0.5498288518758352	0.4599645638168049	0.5406949653014329
0.46571043212605456	0.5724094261097629	0.46193600437696014	0.5723566161644337	0.4725870580137626	0.5717914656132875	0.46130224052587776	0.5708644116043915	0.45999886556983594	0.5698654208315592
0.4596623169886583	0.5627749730041158	0.46191558775387287	0.560323547982458	0.46027981667725515	0.5578123113424599	0.4612730887647669	0.554788152432502	0.47038964871114586	0.5520109084126453
0.4673784499700694	0.5675771075386816	0.47521287533106293	0.5593595563440511	0.46027576840350043	0.5502859431495598	0.4612674984898718	0.5391766397300286	0.4715920525587789	0.5296140828307955
0.46999594791665206	0.5748217570532792	0.4725869241415049	0.5684521309656164	0.4671647863724918	0.5594983273494132	0.4684883982607265	0.5495083651792041	0.47156568183695075	0.5405143498099937
0.4596623169886583	0.5606747344468315	0.4677211032514726	0.5613781537088823	0.4602820299101485	0.5614214368464878	0.4612867821135903	0.5589748467443179	0.4688986200950524	0.5563554184383671
0.46699734089639766	0.5638270360795078	0.4619178057645908	0.5625764614733636	0.4694412147331136	0.561524547129694	0.4666210592149051	0.5602373864130409	0.45997511704014504	0.5595703855989306
0.4596623169886583	0.5437957465143347	0.46187535708123945	0.5444518982476331	0.46024609221595075	0.546437978358365	0.46126007698011884	0.5482966900175584	0.4599602656306171	0.5507078676984999
0.4596623169886583	0.5293289466573735	0.4685880627952296	0.5289539987838004	0.4602131579606055	0.5299730567142223	0.46724177062196187	0.5320320854773539	0.4599154156929668	0.5357256235364852
0.469717437609619	0.5741186730386061	0.4619487738342754	0.5740399245841536	0.46030892587436273	0.5727686312017083	0.47305156315563646	0.5723961047429486	0.46000491507671176	0.5716374098176513
0.47141061219308833	0.5820910618843262	0.46195653266437336	0.5803539594942898	0.4603223702168231	0.575609611768299	0.46928386623667484	0.5668562998715482	0.4718690117292375	0.556948515472812
0.46786552214937166	0.5470520677854509	0.4769986469685913	0.5458135497946739	0.46993008945499565	0.5463845134486248	0.47559648476926886	0.5489928681735756	0.4599530334703207	0.5502564906514404
0.4641906228362522	0.587428883627512	0.4619678322082282	0.5849658534277429	0.4731608142582618	0.5819791890547518	0.4697493006327144	0.5780257593481463	0.46002136793887716	0.5737674000551486
0.4596623169886583	0.5616813648356169	0.46881802382889093	0.5592202559421184	0.46924203937207964	0.5567546670693239	0.46672134487172656	0.5536882544816695	0.46981260303133215	0.550879458199681
0.4596623169886583	0.5666964127312297	0.4619238977943254	0.5642724163561167	0.4602881821557999	0.5618614272116504	0.46812705510464836	0.5591620643229669	0.472873295173476	0.5565390286027811
0.4596623169886583	0.5297502141984219	0.47217507486351856	0.5268154460493526	0.467842737518238	0.5251772799324776	0.4612049764381658	0.5229054354836984	0.45989737008556186	0.5220494307204017
0.4596623169886583	0.5679938707000546	0.47060805442091547	0.5656604663504924	0.4602911136502706	0.563434758536869	0.4693716306718115	0.560536726529541	0.46966521870721667	0.558106374859125
0.4596623169886583	0.5162210276445102	0.47501677254533176	0.5150491287348291	0.4601836707960123	0.514387741486139	0.46866245764083714	0.5144597572800397	0.4659758266188051	0.5164714412970701
0.4596623169886583	0.5272582654440627	0.4618403146227026	0.5233005472047135	0.4602011701741941	0.5209313965045211	0.4718431877513569	0.5191044422070168	0.4652382805763458	0.517843283562114
0.4596623169886583	0.5735732242363302	0.46193847060347626	0.5688698281595235	0.4709393048045822	0.5650566315977156	0.4612977324538474	0.558844339155153	0.4599818058202614	0.5502214854919906
0.47077439136622923	0.5709140330923889	0.4619328470518412	0.5610715313150066	0.4700922899247878	0.5532998306410274	0.47111267955487274	0.543008054564444	0.4599489705233236	0.533668003180502
0.4596623169886583	0.560932368612112	0.461911683029821	0.5583596455154864	0.4664687741301952	0.5558435112622614	0.4699878587788838	0.5527495534786536	0.4599589889118128	0.5500116376878379
0.4596623169886583	0.5032631115806757	0.46178945819380096	0.501700619706116	0.46015530486936157	0.5015894430851622	0.4611557654713207	0.500919086766842	0.4598500086908487	0.4999504879658273
0.46796021913060987	0.5645977912839781	0.4619194505449414	0.5621426211098715	0.4602837215968448	0.559613890478844	0.4612768472152098	0.556682293576764	0.4716829428858809	0.5539376008103855
0.4644446226834089	0.5743459621067999	0.4687223111133318	0.574129803523741	0.46030906939010074	0.5723525025601469	0.47091182679587706	0.5683183892731005	0.46528702050300735	0.5641421808226188
0.4596623169886583	0.572123742741934	0.46193541059758325	0.5630482122361817	0.46984213258436835	0.5536042561903162	0.4612767932399336	0.5426853594041984	0.4599483111352969	0.5338580913494635
0.4596623169886583	0.5544553000324249	0.4740503035703208	0.5567964960824565	0.47210662421704364	0.5600644427514734	0.46128980551764853	0.5625064796708747	0.4719288328992861	0.5657960359536734
0.4596623169886583	0.5293204777122279	0.4684791113497021	0.5276670514167241	0.46021048229456823	0.5278164402691327	0.4736018469916814	0.5294743435737739	0.46770487817801426	0.5309288048358821
0.47403007108045514	0.5570181862168044	0.46190338834540007	0.5561415672731972	0.47146937323874616	0.5551518417791322	0.4612750449759301	0.5508786463938528	0.4770157512866802	0.5445528480306826
0.4660500103666061	0.5645009229076748	0.4619192338051499	0.5637067710032853	0.4659508782493795	0.5628577167559725	0.4675698341824654	0.5613683088071739	0.4599779807322396	0.5602394886569791
0.4596623169886583	0.5147340332168847	0.4724332867373467	0.5117340676365731	0.4679665285895097	0.5095415972749908	0.4611871521915302	0.5077609440132077	0.47210164642112173	0.5057815092765982
0.46768773250011	0.5666165871401452	0.4682204049652476	0.5664075749645691	0.4705473319702349	0.5642454726785412	0.46680022141701716	0.5616816145097306	0.4709676125229431	0.5587066431004793
0.4667695190949092	0.5627712381114892	0.46695347814391513	0.5602603267648366	0.47565572166260245	0.557748299998384	0.467589687026232	0.5549328938223445	0.46803299964039324	0.5520552017194539
0.4732170716051615	0.5553979524225814	0.46952507273070576	0.5565738659734691	0.46027178220002135	0.5603078129140603	0.4691760679584195	0.5630440174542227	0.4599912214442875	0.566995657438948
0.4596623169886583	0.5233236548438784	0.46183198769109246	0.5201883820653361	0.4601945778320864	0.5188417296020915	0.467834898097502	0.5181724603673536	0.459890789800773	0.5193618315233296
0.4596623169886583	0.5371543237166958	0.47093694192776	0.5335843799191526	0.4602230110908825	0.5311571830384385	0.46780707868866145	0.5283120239984609	0.4599213019513089	0.525127450175296
0.4596623169886583	0.5768401593253796	0.4700155069432427	0.5678493855711362	0.47152451347446145	0.5587512751796593	0.4727126659901213	0.5472988434965932	0.4645513572256826	0.53666601897489
0.46748430585400685	0.5631265523233269	0.4710428604244726	0.5594957669161151	0.46027809590243074	0.5568361593039097	0.4612773042687217	0.5511283460004156	0.45996691469850437	0.5438847984643969
0.4673549650102805	0.5443035821663766	0.46760098423063373	0.5448860056692365	0.4602470032330748	0.5474050566746396	0.47215208049773416	0.54999212136722	0.47027920169165305	0.552424556364015
0.4651182299564573	0.5665327144774366	0.4619235393924834	0.5640746953727752	0.4708954744265967	0.5616500291502471	0.46675824600695087	0.5590415390955324	0.468311622791906	0.5556450561369545
0.468010295993538	0.5707228886659338	0.4720049227581042	0.5660885345997682	0.47015952686213797	0.560164605639661	0.4612829504805895	0.5505469404178744	0.4599660843271669	0.5412839842094894
0.47197131094796624	0.5651087349975538	0.4619205218255982	0.5632764114914807	0.47022232157929034	0.5619716309665252	0.4612817546893582	0.5606415459429657	0.4694666744210398	0.5590673574009356
0.4695517492474599	0.5778686293610561	0.4699860164256986	0.5766017362357804	0.4690326243773102	0.5755885411858842	0.4710274880853315	0.5742504886952289	0.4600031874037576	0.5728564906503338
0.4596623169886583	0.5329252527860721	0.47032119516082876	0.5264686957509296	0.4602081123460745	0.5241596778483434	0.4718475123035285	0.5217280266813927	0.47097808590058393	0.5200816309980056
0.4596623169886583	0.5591722740785541	0.46190795315201644	0.5566472767757932	0.4602720528063006	0.5539694033364738	0.470706792911703	0.5478241480965347	0.4712778207348868	0.5390116411420077
0.4596623169886583	0.5322883987213206	0.47224623962827267	0.5332389307514243	0.46022231093014243	0.5332505745139764	0.4701684086588233	0.5349279496257326	0.4728787389606879	0.5376397632010808
0.46438383323071375	0.5562842093738793	0.46190182165100196	0.5575138238020733	0.46027383279008016	0.5593018817454259	0.4681796161853079	0.5593969574055613	0.4599825410168585	0.5572511975506285
0.46834073532975484	0.5367187990683124	0.46186034925204017	0.5382549108681516	0.46023293732478526	0.5411954914039493	0.4656756910887519	0.5439203769536043	0.4654022664097942	0.5474931461511793
0.4596623169886583	0.5368991501341607	0.46186071117996474	0.5328270685572014	0.469206949117973	0.5285079290770913	0.4612214393191415	0.523614126440231	0.45991047014900344	0.5183641207922907
0.46714384572131534	0.5665995266742782	0.4619236924804014	0.5640269010273257	0.46028764971291813	0.5616210252212839	0.47454689253214216	0.5589112238684678	0.4714664763807101	0.5562475770132429
0.4696037734155674	0.5589815050948385	0.47274433076131067	0.5582449241699491	0.4711810150460706	0.5578448461148309	0.47097097183015524	0.5587854375934652	0.47064020881121565	0.5605209049679645
0.4596623169886583	0.5589877282447884	0.46191928449129077	0.5564438324897789	0.4602716552922379	0.5495648201283123	0.4693759813698898	0.5413059208107284	0.45995639153158807	0.5332862119307369
0.46857860110002975	0.5589677140302955	0.4758310258245249	0.556581459479647	0.47029822512396807	0.5544209893109734	0.4670343832880034	0.5530598031832754	0.4599662583189529	0.549014316942531
0.4596623169886583	0.5663606804342021	0.46192317483382284	0.5656377625302559	0.46739690316440774	0.5643160225844595	0.46128663421606975	0.5628934084319486	0.4599802964331747	0.5613144989242046
0.46670883438693167	0.5692804148663282	0.46192937362034103	0.5667920993527064	0.46029351555726633	0.5643023031004487	0.46128661687607425	0.5615700628903116	0.47315637792279763	0.5591394432977138
0.4596623169886583	0.5765297854426671	0.4619447358982497	0.5721530384164787	0.46599528668865337	0.5684007170096009	0.4687809514598541	0.5642311396221201	0.46721828974258456	0.5594864654077113
0.4672845432933837	0.5636427869568664	0.46191742676594305	0.5610634498418318	0.47076569379221517	0.5586413546158809	0.4731548352648952	0.5557215501561451	0.4599652725594106	0.5530475488323021
0.46838454784096695	0.5627589190862187	0.4619155537334987	0.5601637526629668	0.4602795235525863	0.5577697936216085	0.4612730000643586	0.5547285486912029	0.4686008853859798	0.5520134912739363
0.47149351781281157	0.5404445339595639	0.4618682554459276	0.5414343607980492	0.46317785487204505	0.5426705424643017	0.46124147826495077	0.5452095976737112	0.4599451640055579	0.5474765451725015
0.4596623169886583	0.523937002676707	0.4618332661275798	0.5194552933786079	0.47326074546247554	0.5140703724861337	0.4611911342812765	0.509248725413554	0.4678145177677194	0.5050189658271607
0.46625685862529986	0.5630385516424581	0.46754768569447863	0.5633505349608832	0.46028620232175005	0.5623879673641314	0.4612826232397746	0.5597329691038964	0.46854326135942564	0.557068579436896
0.4596623169886583	0.5664728693705295	0.46588255026101527	0.5627629644766493	0.47175125770123444	0.5602109618882001	0.4612784538856043	0.5573634936357451	0.4599744680290913	0.5546380758851484
0.4662815998290854	0.5235126215067668	0.4618323774904118	0.5226868326070135	0.4666908598297674	0.5236185991174949	0.4734930296171003	0.5223734657519823	0.4657321342991365	0.5221909859602567
0.46738427938733956	0.5619812432736693	0.46191390573531776	0.5595249608315594	0.46777415982075543	0.5569086559876583	0.46127145717720497	0.5539990930176311	0.4599672141440519	0.5512738691178483
0.4596623169886583	0.5629604794260039	0.46986879914098534	0.5553426676323541	0.46026936380868266	0.5481383760695151	0.47484351715523837	0.5398377069770697	0.4707970315626602	0.5328137616634574
0.4596623169886583	0.5651573471993314	0.46192062484015933	0.5637144381924312	0.4602869856928771	0.5623482726390815	0.4612825404296653	0.5615112166736236	0.45997739158001544	0.5608399108823716
