0.5964197239969568	0.5374612255233177	0.6064071268438286	0.527180170885562	0.6015006547695596	0.522149643566432	0.5989851886435653	0.5166467639834216	0.5985411037403188	0.5140130772826732
0.6128969144649695	0.5114468411135779	0.6022391087457363	0.5146232490886051	0.6062342592062991	0.5172640580890467	0.6220060624652439	0.520037832293097	0.5977259539872503	0.524930851224466
0.6076235356796672	0.5224122939717714	0.5995804862706562	0.5310513560325123	0.6184346670747208	0.5395991369113737	0.6116244278425605	0.5490843063620143	0.611237304158698	0.5542055253856939
0.6122772361239278	0.562679327775772	0.5984163256606685	0.5639985292358184	0.5991436846595023	0.5645913610526947	0.6008094445753688	0.5606217634950398	0.597678954227915	0.5581660928396199
0.6038259576860099	0.5206429216485113	0.6211035102086003	0.5257632875829218	0.6062741622542663	0.5291080310424313	0.5990320922431142	0.5328153921527393	0.5982629756613325	0.5400785188582707
0.4602206286689583	0.4892743233569144	0.4677115789998521	0.4962039483126128	0.47332491023143347	0.5007222486188314	0.466271603761626	0.5082879077192809	0.4624117843071296	0.5162402762606053
0.4602206286689583	0.5331109140482571	0.4704333823980074	0.5376786799854515	0.46059900954482985	0.5474369606465103	0.4669319382530244	0.5553418695576949	0.46250825679339597	0.5600056389814072
0.4602206286689583	0.5239568247408138	0.47392021556623276	0.5286842004153484	0.4689433765138832	0.5360128632702067	0.4599209116566356	0.5450470592173517	0.4724120745036645	0.5518603242866633
0.47229195671803287	0.5578351581878984	0.4607881165426429	0.5670818249240309	0.4606613148419403	0.5685327673921152	0.474121129743952	0.5695778876004587	0.47372914696491064	0.570672179124218
0.4760283005428445	0.5170751011507076	0.4728484374892456	0.5241415159666319	0.4605703134737317	0.5342499237398934	0.4666692909511576	0.5420623622726257	0.4709671824743031	0.549899543577445
0.4602206286689583	0.49839281508940103	0.46066089851547465	0.5031204471325678	0.4605257737473503	0.5058161843373884	0.45985612124253494	0.5088911266528449	0.46240280046674925	0.5110884072190626
0.4602206286689583	0.553123317164883	0.4607780083553763	0.5464913872889446	0.46626788220453913	0.5424457097242537	0.4599347103895862	0.5375078353435697	0.4624741697614854	0.5352791378528249
0.4602206286689583	0.48406800204844147	0.46063021994625114	0.486524566787959	0.46049057812311667	0.4883157412137518	0.47189678001563956	0.49124566769666683	0.46237539314656034	0.49306661119161194
0.470621177293319	0.5518327325850251	0.4607752459640373	0.5489704519488984	0.47376481708297413	0.545034964122422	0.4737388352265857	0.5404871437655835	0.4719286517119936	0.538286316003745
0.4602206286689583	0.5148839681094673	0.47097397873185737	0.5138786665923454	0.4605488703563988	0.5120610125654844	0.46553987609721054	0.5118103191053811	0.47437240746173254	0.5127972869083938
0.4671617782545947	0.492412555348677	0.47026675769605475	0.49251828948577725	0.47221713098587625	0.4972606053647931	0.45984055619540964	0.5024000018596658	0.46241130882359033	0.5081582354069022
0.46598260004552006	0.547363634234391	0.46076566898979204	0.5407259008894597	0.46587284432434195	0.5362043351318474	0.45992129070069054	0.5302260805479643	0.46244881148297884	0.5271494166309721
0.4602206286689583	0.48495510118123497	0.4680025209052433	0.48585320159509404	0.4652918832529814	0.4882753792195694	0.45981847677118043	0.48937871721058557	0.47223373279167186	0.49212782760871165
0.46566165563126904	0.5502122283277522	0.4607717886906422	0.5516844939830025	0.47245298393865387	0.5531835684365081	0.45995777114494074	0.5546641891073332	0.4625015391202779	0.5557787692881576
0.4602206286689583	0.5301656987035431	0.4714951452922539	0.5212933920401075	0.4605642491236065	0.5174252829615438	0.4598809736819051	0.517513550082037	0.4732904540455951	0.5177790415443421
0.46598743832374695	0.5718105748561095	0.4608180067541951	0.5695435088723462	0.4690422484142617	0.5638553447423708	0.47199948930062063	0.5596600141454725	0.4720014824453021	0.5550071939383707
0.4602206286689583	0.5226623122672838	0.47179769943226413	0.532504819452143	0.460588041991724	0.5414669791489771	0.4599351052619978	0.549046321314018	0.47335874764404845	0.551626938875828
0.4602206286689583	0.5467591528399729	0.46650975741764755	0.5507103516112103	0.460626633877203	0.5530381372583005	0.4599568911235896	0.5546451526765055	0.4625203581474014	0.5518931028056943
0.4602206286689583	0.5474987757292539	0.4668853710301956	0.5490397574811643	0.471742560431015	0.5504396800715264	0.4599518811922331	0.5517262156255895	0.4680138429187042	0.5531660395652156
0.4688941147504182	0.5143755417329777	0.460695089479518	0.5192250064481998	0.46710142011482503	0.5226684581601814	0.45989362628259606	0.5312759566174894	0.4624632185919065	0.5376907975670497
0.47035592566278395	0.5457909998459596	0.4607623253116115	0.547077546264107	0.46812488752495496	0.5488122454414096	0.46722687989775424	0.5502301295449943	0.4686482779417862	0.5520687760742835
0.4739547759833639	0.5254546783436613	0.46071880483845135	0.5339120358399347	0.46059102500952664	0.5422857266435986	0.46631467980922336	0.5495185578745132	0.4625004442354298	0.5533920930699606
0.4698953965327623	0.5261461578283109	0.4607202741908512	0.5351022130888955	0.46059354794799945	0.5432243528004626	0.46994133482365974	0.5522728122290651	0.47584146886681117	0.5576166518350864
0.4602206286689583	0.5538255361433263	0.4667976069637487	0.5556563896416895	0.4606371180267989	0.5567199082091743	0.4685035615830348	0.5580228487905081	0.4744563262800102	0.5592100735525976
0.4709017476924679	0.5061723347166105	0.46067752638256676	0.5078590509431379	0.4730190787254691	0.5089971712788309	0.46718725805237393	0.5109687154199904	0.47276914872657777	0.5124469871610178
0.4602206286689583	0.5568584203407354	0.46078600303431577	0.5490065463579741	0.4669799633065293	0.544534493082775	0.46528141407776435	0.5394792075485297	0.46247884648708587	0.5380855468300044
0.4602206286689583	0.529527204003543	0.47477172913315924	0.5363179576597481	0.46059613597861104	0.5414206134825864	0.4738155409266616	0.5503713914783542	0.46250042210786063	0.558255970871363
0.4743779086060944	0.5142279382889959	0.46928987294529717	0.5153888005610672	0.46832102142995174	0.516553974871977	0.4691158337172785	0.5181013430581287	0.4624350818688321	0.5197183484869211
0.4602206286689583	0.5423869771394845	0.47222953044126464	0.5502603066632376	0.46797785631982475	0.5527642286436821	0.4745795416898324	0.5552356544468716	0.4625122229336226	0.5575067861177476
0.4602206286689583	0.5156790167326839	0.4699898509373236	0.5204559168870332	0.46056251133149756	0.524309241808505	0.4647404121183785	0.5276310444782085	0.4624550366060993	0.5325802243032375
0.47018536470508154	0.5395769487721557	0.4607490466299292	0.5537638648101207	0.46853337152244884	0.561450077234259	0.45997552731679037	0.5674310560502192	0.4625398511128127	0.5686526394818237
0.4602206286689583	0.5244770185756124	0.46071672551883297	0.537088444721949	0.46059774714946944	0.5444964375835075	0.4599391347871694	0.5472348273208273	0.4709896357531353	0.5497302324853677
0.46965985482585126	0.5022174951664214	0.4678452795565492	0.5093313364076334	0.4605392971599806	0.5148450693804251	0.45987996588927016	0.5201524044220058	0.4694657155191187	0.5248057322320122
0.46997277001982696	0.513568969238392	0.46849124488805083	0.5183005744286366	0.4709161527334213	0.5224867166253616	0.47092838976112444	0.5257625410876127	0.47647498305190716	0.5325268895527803
0.4602206286689583	0.542303505165403	0.4693690731586026	0.5463171194309528	0.4606172988152384	0.5489985221851199	0.4599466679891577	0.5516505794333462	0.4704214690458134	0.554084802686155
0.47029034256447694	0.5365196667195805	0.4607425025696877	0.5501521537789695	0.4694107767491443	0.5544720292629218	0.4673377957324616	0.5572841541510319	0.46251439220473334	0.5582076316594184
0.4602206286689583	0.5466430738623611	0.4607641491262893	0.5502887043556532	0.46062574010801177	0.5529987069987349	0.459954289790435	0.5547952373549923	0.4625104761135285	0.5531531074713404
0.4602206286689583	0.5607582301169811	0.4689022580520756	0.5527554038646965	0.4606309463349491	0.547459179475647	0.46426202424230306	0.5410622575275996	0.46247219161222713	0.5376545724253647
0.4792267545944176	0.5364587214718352	0.4607549795626537	0.5453525582662144	0.4606152766373723	0.5516034359695733	0.4730330364500212	0.5594121544932056	0.46252091560214925	0.565126127521149
0.46574633530919735	0.5270396823049177	0.46072219761518196	0.5331705624945439	0.46058946406432727	0.5375269626913354	0.46516528634901244	0.5420361108234716	0.4718495148145924	0.5493419546290523
0.4714912150268154	0.5529904757973081	0.4657167396682365	0.5563440178133722	0.4680770533210721	0.5584210804640536	0.4665033278242962	0.555339247843364	0.46251227383866783	0.5529158921938758
0.4681745100094283	0.5441171443322249	0.4607587528061684	0.5477567998671038	0.46606796555232577	0.5549637982096359	0.47007321661541573	0.5638934211493749	0.4625300426475723	0.5703624810231638
0.4602206286689583	0.5168105625493877	0.46588625441056597	0.5226905615178327	0.4701398930736442	0.5319036823895312	0.47341642867162365	0.5401875491269713	0.46802008674453177	0.5471750312321394
0.4602206286689583	0.531764377542801	0.46073232395862135	0.544779205857244	0.46061404987462423	0.549369282588728	0.4690340460728909	0.551854593301994	0.4695234811541673	0.5541752220944257
0.4602206286689583	0.5430096289114967	0.46882234856111266	0.5340496264953354	0.4698428887888017	0.5299184125257923	0.4599077978984307	0.5239341909300307	0.4624406005156948	0.5218563326861452
0.4602206286689583	0.5400435875735528	0.4709826321168983	0.5482294254024899	0.4606213524423459	0.5509695791158656	0.46452818507293053	0.553557824079167	0.47019957691169195	0.5555269603156474
0.4602206286689583	0.5413367800702339	0.4664815375695958	0.5318972984913916	0.46058671212705754	0.5267573052205229	0.46883352387806804	0.5222220620923589	0.4752262309960637	0.5186956312019239
0.4602206286689583	0.5241746972796797	0.4607160354019345	0.517231074845236	0.4605556465428309	0.5164873122185468	0.46578664380478974	0.5164721738162839	0.47347934388672186	0.5170393187386247
0.4602206286689583	0.519288187049113	0.46070560518855663	0.5232723467131027	0.4696138665437072	0.5273684176314806	0.45990016859391397	0.5351698230118629	0.46246911477314506	0.5420047659991133
0.4710275991019621	0.5109496700657717	0.4606877667657965	0.5159889604599895	0.46823599988640685	0.5200597073277914	0.46402861255193734	0.5233380472711079	0.4624437169179188	0.5268153450073101
0.4602206286689583	0.5164040690606186	0.4606994210256667	0.5253538351158588	0.47128532348941576	0.5343413872308744	0.4748000407785476	0.5431016835881088	0.4624766031070189	0.547957318911542
0.4602206286689583	0.5076970339992161	0.46068073554236527	0.5018797029507847	0.4605231009592518	0.501446266566169	0.45984668698959597	0.4999779296683694	0.46238352774304586	0.4999365085006408
0.47392316601347145	0.5203332725341582	0.46070784223823324	0.5254659399994752	0.46057313165718394	0.5330410997213854	0.45991455578670193	0.5418652311354446	0.4727535070394848	0.5486535691768033
0.46914296977962966	0.5490087799333073	0.470194954643242	0.5526875347049568	0.46063081377779885	0.5553442738862122	0.4682339555561456	0.5581255984146112	0.46839847069278906	0.5607330638321623
0.4602206286689583	0.5133307840309341	0.46069286366804685	0.5176304604802566	0.4738694969238847	0.5218643702000281	0.4598893732283601	0.5248884742957667	0.4624469879286524	0.5288931312301491
0.4602206286689583	0.5751854315424652	0.4722716680622423	0.5768237043401335	0.46909808229694566	0.5756483731456471	0.46000276426967096	0.5714748841136021	0.47307558601249033	0.5678558022294848
0.4602206286689583	0.5502930994883273	0.47127973824261504	0.5458320248366144	0.4606162821552916	0.5404229550138693	0.4682778937745659	0.5355454485390457	0.47222230748108823	0.5340233844522614
0.46943861622827565	0.5149001139615251	0.46069621234549196	0.5187589794376164	0.47235190549637973	0.523555491897469	0.45990463242947066	0.5318084951857629	0.4720588962373537	0.5391167117505251
0.46665695381534167	0.5447106602060334	0.46076002408009126	0.5538407054108324	0.4685703708663266	0.5558768313919201	0.46887887949303486	0.5579590080755926	0.4625172813156413	0.5598642414663992
0.4602206286689583	0.5074160855156058	0.47002888331163173	0.5046526359884457	0.4658438463509439	0.5046141312352281	0.4598525486183035	0.5042996326330449	0.4704731903822697	0.504450867256186
0.4668470898139278	0.5454658268743212	0.468943047646072	0.5494595131896169	0.469040770663195	0.5520863690261194	0.4697267835039757	0.5545655327649611	0.4729978114837202	0.5565187107792593
0.4710891467392201	0.5263338576954893	0.4655629226058492	0.5391673770411186	0.47519936885837394	0.5445090327098484	0.46734464720608315	0.5471574044325823	0.47279369733991444	0.5496220206629093
0.47457927284667223	0.5797090477519876	0.4742682474995825	0.5803730102620185	0.46068949782523805	0.5777796981488605	0.46762670769084436	0.5717111727976563	0.4625468214135426	0.5707065864273734
0.4602206286689583	0.5482868436611297	0.4607676562731418	0.5380626376246835	0.4605998025270268	0.5329845497411213	0.4721900537194658	0.5255934033472216	0.46245089124597755	0.5240040018050309
0.4602206286689583	0.5427323105826906	0.4695488126155535	0.532767748533809	0.46058857910594414	0.5302100328849977	0.4690306162571167	0.5264252572906587	0.46245238546209083	0.524290206991276
0.4602206286689583	0.5064313883782603	0.46882029075870235	0.5128391431793977	0.4662000027580295	0.5175747167212214	0.47356250777000264	0.5221048150317807	0.4733166132174055	0.5273318834011438
0.47092719367309316	0.51295248992275	0.4646190173993573	0.517921656920107	0.46055713917498486	0.5212662377882108	0.4598881863083807	0.529298884855609	0.46245765293444213	0.5363754441075037
0.4764174942430727	0.5459741731747739	0.47226671235820394	0.5478585669136917	0.4606205666676093	0.5495678214781714	0.47232387799481634	0.5513096788983101	0.47241635946099053	0.5527868372272897
0.46939262279875765	0.5462248789637209	0.46076326520823907	0.548795347028022	0.46838845965851844	0.550351967211656	0.4742112574285001	0.5516877886067809	0.46894791210449016	0.553375615575683
0.46982689174902015	0.5132218206007015	0.4746526997162832	0.5186025264347638	0.4670453442007504	0.5213481092963324	0.45988893921908186	0.5268626335262644	0.462452871594182	0.534275855280591
0.46945145639232816	0.5416410198824445	0.46075345362974757	0.5530721609557969	0.4698279457597824	0.555146229857063	0.4599619955548379	0.5565797663142928	0.46571833520614164	0.5578340768450614
0.4673679439875494	0.5553508247096174	0.4700665564863206	0.565953948900818	0.4670635169564837	0.5695366792567934	0.4672297112376673	0.5706560935818832	0.4625404127999547	0.5717597926975747
0.4602206286689583	0.5078944860573633	0.4716978387694106	0.511553527618983	0.46054363636138196	0.5137645429136375	0.46500496025172744	0.516389971704727	0.4725877666094249	0.5190564797940267
0.4602206286689583	0.5081864696593451	0.46068184157331454	0.5132056629718498	0.46054714216775006	0.5168289616971236	0.4665251321996989	0.525197036322149	0.4718626911833409	0.5323348815714471
0.4602206286689583	0.5500641866864758	0.4687486702288308	0.55034238268879	0.46062584271186185	0.5476175424572629	0.46943070068267495	0.5425440822374659	0.47280288935055337	0.5398947114903343
0.4696736659398646	0.5437504674480553	0.4607579688235035	0.5474745086372302	0.46061975220118445	0.5501440089074129	0.4711592576419236	0.5526333817791114	0.462505584089061	0.5550106712282405
0.47239521672694607	0.5551496867940198	0.4607823570194595	0.5567400644209327	0.46063940378854734	0.5575972724880037	0.4704525399070789	0.5539583282339531	0.4704709832683786	0.5500824846680061
0.4602206286689583	0.4919892313037266	0.4606471213184942	0.4996730902244378	0.4697609239831634	0.5049003562138941	0.459852953190453	0.5101855825334805	0.46241701021412984	0.5144393463651373
0.468527101653713	0.5349966824288686	0.4607392426483907	0.5458367478514331	0.4606162916306234	0.5489391665008788	0.4674339698869908	0.5516980272804745	0.4701084037992705	0.5537857736914412
0.46878420632583045	0.5530484156761791	0.4659619991133655	0.5563910126971159	0.4656325314443525	0.5588509272578871	0.46747864822209195	0.5611804320409788	0.46968991239499414	0.562628194775947
0.4602206286689583	0.5093841712393365	0.4606922715207764	0.5128054186155927	0.46054629372720907	0.5156971431168509	0.4679914635450775	0.5196454169250221	0.4624454540384553	0.5263691704580843
0.4656793974051568	0.5144468030718091	0.4661806023497937	0.5202149379242932	0.4747095060246889	0.5284667240951739	0.46587710319744646	0.5374953009023107	0.4624769689642436	0.5429977232037475
0.4602206286689583	0.554599987318725	0.46078118042194127	0.5559698746317575	0.46802680788554	0.5573242431620479	0.45996665939111625	0.5587420298671812	0.4625103374447846	0.5598925852467285
0.472198774456425	0.5367830364128494	0.46074306630797424	0.5491061054668339	0.46062322194578853	0.5521324442346298	0.459955526189386	0.55465399071517	0.47295076868396785	0.5568932589124238
0.4602206286689583	0.5314340539724727	0.4607315930851813	0.5380124114046844	0.46744644744862307	0.5462016682074319	0.4748942726234626	0.553175097735032	0.47145086239771167	0.5565105491221781
0.47107014903863575	0.5211705471116269	0.4607096344606487	0.5274010279276672	0.4700415132480755	0.5360951117145466	0.4685579151578265	0.5443665976790362	0.4624853493450402	0.5503564921646796
0.4649692571549214	0.5182521352799149	0.46070338747704653	0.5238600939033872	0.4605697275574933	0.5312392604894309	0.459910687934077	0.5407593748923697	0.47188103225982136	0.5473155776224721
0.46894082120751396	0.5481916570381777	0.4607674637776563	0.5518834123020546	0.4712830366293913	0.5542514323362911	0.45996006339010526	0.5537177714085466	0.4625087882929557	0.5508684883297231
0.4602206286689583	0.5025177973059942	0.4606696400696187	0.5036355793627192	0.4764061222963494	0.5023406890568928	0.4598480358374687	0.5018939571440378	0.4712466509446595	0.5023825581720192
0.4726054021884354	0.5429205337277216	0.4675823880874287	0.5470067732338105	0.4606187607150109	0.5497334089545919	0.4599503651301714	0.552349636299537	0.4730756346184184	0.5548241292005689
0.4602206286689583	0.5226644823101804	0.4723189279359996	0.5283704431415678	0.47185585823155646	0.5363575253111154	0.45992414255651337	0.5453251767960263	0.4624933861454838	0.5516541444027823
0.46328579509315154	0.5388390319176785	0.46074740075197673	0.5285315944448642	0.4654075709182505	0.5253501998281762	0.46835717377813907	0.5229435695648708	0.4733199738691455	0.5226858746815836
0.4669532548967946	0.5177776539538503	0.46070236121002583	0.5263509843489869	0.47497136414251206	0.5355414744222265	0.45992272451093114	0.5444303644030274	0.4624916391425838	0.548684495174104
0.4602206286689583	0.5139793483473052	0.4695964368110665	0.5195652874652714	0.4605594958199378	0.5227676885817425	0.46896463034314984	0.5264447418139142	0.4726114128895813	0.5291039633342003
0.4602206286689583	0.5454875653908424	0.4607616870163974	0.5530798580303214	0.46063163418083863	0.5556899661554173	0.459963151303269	0.5586803186972569	0.46251021584810914	0.5594633471515819
