0.001	0.001119116808211942	0.001119116808211942	0.0012270360581628458	0.0012270360581628458	0.0013493951676547486	0.0013493951676547486	0.0014735011313707596	0.0014735011313707596	0.0015893561832936063
0.001	0.0010700510482280821	0.0010700510482280821	0.0011379271652091469	0.0011379271652091469	0.0012300790713123532	0.0012300790713123532	0.0013390736841613362	0.0013390736841613362	0.001440676145898038
0.001	0.0010681435870389393	0.0010681435870389393	0.0011149093761143234	0.0011149093761143234	0.001201502622121934	0.001201502622121934	0.0012735604544109197	0.0012735604544109197	0.0013565316759603313
0.001	0.0010938419623167123	0.0010938419623167123	0.0011630050029909917	0.0011630050029909917	0.0012407964072904598	0.0012407964072904598	0.0013073041425622869	0.0013073041425622869	0.0013780777935115181
0.001	0.0010337769326648576	0.0010337769326648576	0.0010957186658588967	0.0010957186658588967	0.0011715225021060765	0.0011715225021060765	0.0012268299021641743	0.0012268299021641743	0.0013186165014465359
0.001	0.000879275491399779	0.000879275491399779	0.0007712410403277361	0.0007712410403277361	0.000673575459511967	0.000673575459511967	0.000600446501661645	0.000600446501661645	0.0005221458784836229
0.001	0.000832321790398065	0.000832321790398065	0.000683371428451498	0.000683371428451498	0.0005294224163811912	0.0005294224163811912	0.00038913757511970214	0.00038913757511970214	0.0002478683657458572
0.001	0.000842339103456941	0.000842339103456941	0.0007069521051230689	0.0007069521051230689	0.0005757954453771515	0.0005757954453771515	0.00043780961841383343	0.00043780961841383343	0.000313023356564269
0.001	0.000845642553653127	0.000845642553653127	0.0006826890522729084	0.0006826890522729084	0.000522609286923035	0.000522609286923035	0.0003786154720705818	0.0003786154720705818	0.000235457748392542
0.001	0.0008805978451058218	0.0008805978451058218	0.0007544426438821428	0.0007544426438821428	0.0006223780419293797	0.0006223780419293797	0.0005051956324413387	0.0005051956324413387	0.00038899429396457017
0.001	0.0008905613066598502	0.0008905613066598502	0.0007933614105489684	0.0007933614105489684	0.0007110493172459995	0.0007110493172459995	0.0006348874840213121	0.0006348874840213121	0.0005634788432951174
0.001	0.0008981192303723088	0.0008981192303723088	0.0007979567999936541	0.0007979567999936541	0.0007131730789758081	0.0007131730789758081	0.0006117430307789226	0.0006117430307789226	0.0005050228995423994
0.001	0.0009379135684678101	0.0009379135684678101	0.0008799700589728932	0.0008799700589728932	0.0008265525445234419	0.0008265525445234419	0.0007920942962773511	0.0007920942962773511	0.0007458242022731454
0.001	0.0009129338980664041	0.0009129338980664041	0.0008123434210944762	0.0008123434210944762	0.0007217399524663235	0.0007217399524663235	0.0006291369674891541	0.0006291369674891541	0.000538439387573443
0.001	0.0008979848853000685	0.0008979848853000685	0.0008111604872026827	0.0008111604872026827	0.0007246383132127631	0.0007246383132127631	0.0006567231813688008	0.0006567231813688008	0.0005927306594937372
0.001	0.0008862547317977698	0.0008862547317977698	0.0007843997786307049	0.0007843997786307049	0.0007041924269081737	0.0007041924269081737	0.0006234892431256546	0.0006234892431256546	0.0005556332200974797
0.001	0.0009341817270736069	0.0009341817270736069	0.0008527101650961206	0.0008527101650961206	0.0007781066940408556	0.0007781066940408556	0.0006884084488747268	0.0006884084488747268	0.0005946246881577424
0.001	0.0009235005723156774	0.0009235005723156774	0.0008679465749762528	0.0008679465749762528	0.0008234055984034594	0.0008234055984034594	0.0007698888580125889	0.0007698888580125889	0.0007356245288874145
0.001	0.00088139782921663	0.00088139782921663	0.0007467989336301394	0.0007467989336301394	0.0006203975400462965	0.0006203975400462965	0.0004820001269404526	0.0004820001269404526	0.0003469679290772167
0.001	0.0009058304835835395	0.0009058304835835395	0.000833938807557235	0.000833938807557235	0.0007505939819750828	0.0007505939819750828	0.00066821992513656	0.00066821992513656	0.0006032680265278276
0.001	0.0008992915949625605	0.0008992915949625605	0.000777727194797057	0.000777727194797057	0.0006685281718579339	0.0006685281718579339	0.0005490732657793491	0.0005490732657793491	0.0004279596586767508
0.001	0.0008525814664368675	0.0008525814664368675	0.0007196291965557276	0.0007196291965557276	0.0005812132428231738	0.0005812132428231738	0.00044649964724898753	0.00044649964724898753	0.0003247951225234581
0.001	0.0008837534554369368	0.0008837534554369368	0.0007811986684928898	0.0007811986684928898	0.0006638064684511514	0.0006638064684511514	0.0005369682019861119	0.0005369682019861119	0.0004075242795341631
0.001	0.0008595060867874235	0.0008595060867874235	0.0007270914559161155	0.0007270914559161155	0.0006107879086765329	0.0006107879086765329	0.0004757479892718457	0.0004757479892718457	0.0003591725532931689
0.001	0.000861689552214599	0.000861689552214599	0.0007198415488807342	0.0007198415488807342	0.0006029443973239014	0.0006029443973239014	0.0004780042959164442	0.0004780042959164442	0.00036766954714838047
0.001	0.0008897519715217849	0.0008897519715217849	0.0007655732837340039	0.0007655732837340039	0.0006506540468670109	0.0006506540468670109	0.0005415446853411316	0.0005415446853411316	0.000431192927496162
0.001	0.0008466237062861945	0.0008466237062861945	0.0006888793804122654	0.0006888793804122654	0.0005407575053671207	0.0005407575053671207	0.0004106531627742342	0.0004106531627742342	0.00027867849588944835
0.001	0.0008580991858155867	0.0008580991858155867	0.0007078849613692478	0.0007078849613692478	0.0005591837662508447	0.0005591837662508447	0.00042237302277466315	0.00042237302277466315	0.00029082135376299397
0.001	0.0008497203185517576	0.0008497203185517576	0.0007147455754581912	0.0007147455754581912	0.0005702278846330888	0.0005702278846330888	0.00043351999367026884	0.00043351999367026884	0.00031112137694622015
0.001	0.0009236393234344012	0.0009236393234344012	0.0008389053352597875	0.0008389053352597875	0.0007719842950494849	0.0007719842950494849	0.0007121351885708016	0.0007121351885708016	0.00065595035275181
0.001	0.0008755840674898912	0.0008755840674898912	0.0007558401634151745	0.0007558401634151745	0.0006532273273490112	0.0006532273273490112	0.0005517567149628361	0.0005517567149628361	0.0004413080029660005
0.001	0.0008264418895071427	0.0008264418895071427	0.0006678645838570167	0.0006678645838570167	0.0005076859602345646	0.0005076859602345646	0.0003681562754370456	0.0003681562754370456	0.00022903587696563115
0.001	0.0008940393188254702	0.0008940393188254702	0.0007977100452699485	0.0007977100452699485	0.0007175857731982898	0.0007175857731982898	0.0006498490690998114	0.0006498490690998114	0.0005653393413443648
0.001	0.0008454892425427944	0.0008454892425427944	0.0007112399179599285	0.0007112399179599285	0.0005780326603122331	0.0005780326603122331	0.00044749407692002313	0.00044749407692002313	0.0003102214874697145
0.001	0.0008349161546268639	0.0008349161546268639	0.0006991713881333326	0.0006991713881333326	0.0005642683680151359	0.0005642683680151359	0.00045565028080960104	0.00045565028080960104	0.0003529387976861873
0.001	0.000857036978554511	0.000857036978554511	0.0006980787597532331	0.0006980787597532331	0.0005567251203020541	0.0005567251203020541	0.00040061682843169836	0.00040061682843169836	0.0002474193290390644
0.001	0.000855153445974588	0.000855153445974588	0.0007141778709152818	0.0007141778709152818	0.0005785533300189162	0.0005785533300189162	0.00044665050959573	0.00044665050959573	0.00032714726916523406
0.001	0.000860268332600554	0.000860268332600554	0.00073593425623513	0.00073593425623513	0.0006153098168764198	0.0006153098168764198	0.0005108214037127561	0.0005108214037127561	0.0004301753880677537
0.001	0.000850532107314376	0.000850532107314376	0.000715507457174195	0.000715507457174195	0.000592142788056915	0.000592142788056915	0.0004833960104436209	0.0004833960104436209	0.00039516115521910926
0.001	0.0008576401618630275	0.0008576401618630275	0.0007289462659713228	0.0007289462659713228	0.0005875185259162017	0.0005875185259162017	0.00044935033209367	0.00044935033209367	0.00033363370435756507
0.001	0.0008627168570733349	0.0008627168570733349	0.0007190426087663889	0.0007190426087663889	0.000594868202992592	0.000594868202992592	0.00046406558408657186	0.00046406558408657186	0.0003270974479471632
0.001	0.0008819111518284457	0.0008819111518284457	0.0007611426914901277	0.0007611426914901277	0.0006390489455795252	0.0006390489455795252	0.0005117995696453277	0.0005117995696453277	0.00038196324378431606
0.001	0.0009013876471367144	0.0009013876471367144	0.000821657166642883	0.000821657166642883	0.0007236908815734947	0.0007236908815734947	0.000628318501881815	0.000628318501881815	0.0005173299673236445
0.001	0.0008569593331856055	0.0008569593331856055	0.0006967143541497246	0.0006967143541497246	0.0005371868372073229	0.0005371868372073229	0.00039384746342177503	0.00039384746342177503	0.000245579995075697
0.001	0.0008406163825365164	0.0008406163825365164	0.0006724615826114925	0.0006724615826114925	0.0005134785737669295	0.0005134785737669295	0.0003887395542636354	0.0003887395542636354	0.00027529594672559944
0.001	0.0008930540466309904	0.0008930540466309904	0.0007854422789048744	0.0007854422789048744	0.0006751957406337645	0.0006751957406337645	0.0005645605186094246	0.0005645605186094246	0.0004338216903647141
0.001	0.0008359469614866927	0.0008359469614866927	0.0006588330245268006	0.0006588330245268006	0.0004999900587749868	0.0004999900587749868	0.0003484960584721902	0.0003484960584721902	0.0001921274240875701
0.001	0.0008565508542852907	0.0008565508542852907	0.0007332015422374296	0.0007332015422374296	0.0006084799575895432	0.0006084799575895432	0.0004926882450221434	0.0004926882450221434	0.0003829706770619004
0.001	0.0008493882985825044	0.0008493882985825044	0.0007028757313707542	0.0007028757313707542	0.0005612129508473291	0.0005612129508473291	0.00043350595867697883	0.00043350595867697883	0.00031836469261524447
0.001	0.0009027354287588002	0.0009027354287588002	0.0008218822130646872	0.0008218822130646872	0.0007414082426533962	0.0007414082426533962	0.0006528849960655596	0.0006528849960655596	0.0005644390731895076
0.001	0.0008475159867244875	0.0008475159867244875	0.0007157538257425173	0.0007157538257425173	0.000572039168919694	0.000572039168919694	0.0004486607527702337	0.0004486607527702337	0.00032016299736423637
0.001	0.0009216100613041075	0.0009216100613041075	0.0008551761467772452	0.0008551761467772452	0.0007802315802863142	0.0007802315802863142	0.0007162452268957229	0.0007162452268957229	0.0006475134369688696
0.001	0.0009054053661352514	0.0009054053661352514	0.0008167123992745083	0.0008167123992745083	0.0007338595334042192	0.0007338595334042192	0.0006733866487872109	0.0006733866487872109	0.00061041230494284
0.001	0.0008405062084338278	0.0008405062084338278	0.000687662170499193	0.000687662170499193	0.0005560560376395189	0.0005560560376395189	0.00042183573735976544	0.00042183573735976544	0.0003051332600012713
0.001	0.0008611114192058656	0.0008611114192058656	0.0007198997189161343	0.0007198997189161343	0.0006043703828139708	0.0006043703828139708	0.0005004584504535603	0.0005004584504535603	0.00040558046978188565
0.001	0.0008576802124050202	0.0008576802124050202	0.0007197727861002944	0.0007197727861002944	0.0006053261588746062	0.0006053261588746062	0.0004923748708567075	0.0004923748708567075	0.00036931105458736413
0.001	0.0009392674557620416	0.0009392674557620416	0.000881083053907592	0.000881083053907592	0.0008253979655833405	0.0008253979655833405	0.000768304624251664	0.000768304624251664	0.0007122037872160421
0.001	0.0008613263304793815	0.0008613263304793815	0.0007180804459762811	0.0007180804459762811	0.0005799412519582781	0.0005799412519582781	0.00044503520625488165	0.00044503520625488165	0.0003293364783051154
0.001	0.0008466161775605492	0.0008466161775605492	0.0006980391218198297	0.0006980391218198297	0.000542265730354912	0.000542265730354912	0.0004056885114725375	0.0004056885114725375	0.0002806023616484766
0.001	0.0008430586469108068	0.0008430586469108068	0.0007001744571207512	0.0007001744571207512	0.0005850723215165909	0.0005850723215165909	0.00047547590032282876	0.00047547590032282876	0.00037709602404394077
0.001	0.0008654608354535758	0.0008654608354535758	0.000745227061512154	0.000745227061512154	0.0006202632139688152	0.0006202632139688152	0.00047107530659963267	0.00047107530659963267	0.0003263235771446857
0.001	0.0009026119422780581	0.0009026119422780581	0.0008212544417004194	0.0008212544417004194	0.0007271715100127237	0.0007271715100127237	0.000641106289295506	0.000641106289295506	0.000545490357226083
0.001	0.0008726232037608561	0.0008726232037608561	0.0007376966824989439	0.0007376966824989439	0.0006234235037158027	0.0006234235037158027	0.0004995230456303256	0.0004995230456303256	0.00040477026121953373
0.001	0.0008633307687777091	0.0008633307687777091	0.000717764757125241	0.000717764757125241	0.0005889113136780847	0.0005889113136780847	0.0004601982497260785	0.0004601982497260785	0.00032037444186654667
0.001	0.0009235211217644351	0.0009235211217644351	0.0008604342911037792	0.0008604342911037792	0.0008015816775686727	0.0008015816775686727	0.0007362118736857178	0.0007362118736857178	0.0006797916846146655
0.001	0.0008613807574847701	0.0008613807574847701	0.000731852109768802	0.000731852109768802	0.0006010290312730489	0.0006010290312730489	0.00046888509978613513	0.00046888509978613513	0.00034039062157045015
0.001	0.0008666729163513823	0.0008666729163513823	0.000741620482315081	0.000741620482315081	0.0006243133591820507	0.0006243133591820507	0.0005016939308192066	0.0005016939308192066	0.00038731868592608903
0.001	0.0008808684135564977	0.0008808684135564977	0.0007523899041094569	0.0007523899041094569	0.0006099905822238205	0.0006099905822238205	0.0004725372765276574	0.0004725372765276574	0.00031820521443221917
0.001	0.0009116139018680405	0.0009116139018680405	0.0008269171942229409	0.0008269171942229409	0.0007468676979386465	0.0007468676979386465	0.0006816030512802144	0.0006816030512802144	0.000593770932476228
0.001	0.0008918474951120886	0.0008918474951120886	0.0008031322247757732	0.0008031322247757732	0.0007064092588695547	0.0007064092588695547	0.0006196078362090262	0.0006196078362090262	0.0005299127695970434
0.001	0.000835946948888763	0.000835946948888763	0.0006924570081418814	0.0006924570081418814	0.0005767021674506782	0.0005767021674506782	0.00046843965619676806	0.00046843965619676806	0.0003908935548837761
0.001	0.0008705639136043733	0.0008705639136043733	0.0007440907168260075	0.0007440907168260075	0.000610126273282325	0.000610126273282325	0.00048673993910533395	0.00048673993910533395	0.00037864516371764983
0.001	0.0008931363800597338	0.0008931363800597338	0.0007871141813111604	0.0007871141813111604	0.0006651762218046872	0.0006651762218046872	0.0005453569946288496	0.0005453569946288496	0.0004332665917000396
0.001	0.0008615448660684713	0.0008615448660684713	0.0007136682583732557	0.0007136682583732557	0.0005897818801243907	0.0005897818801243907	0.00046660245466526035	0.00046660245466526035	0.00034497956944757403
0.001	0.0008588162109723244	0.0008588162109723244	0.0007272157203836514	0.0007272157203836514	0.0006033808121986548	0.0006033808121986548	0.00048139800103753384	0.00048139800103753384	0.00037699197943986094
0.001	0.0008709175891094898	0.0008709175891094898	0.0007255533913643014	0.0007255533913643014	0.0005973979345440128	0.0005973979345440128	0.00045623387200556087	0.00045623387200556087	0.00032968518906112464
0.001	0.0008463790567602166	0.0008463790567602166	0.0007039587873217117	0.0007039587873217117	0.0005521862699224755	0.0005521862699224755	0.00041114985806923164	0.00041114985806923164	0.0002531836671864438
0.001	0.0009001730772109698	0.0009001730772109698	0.0008143473060835144	0.0008143473060835144	0.0007259783373133299	0.0007259783373133299	0.0006528756038577102	0.0006528756038577102	0.0005798374476937607
0.001	0.0008601670960325245	0.0008601670960325245	0.0007247424949009284	0.0007247424949009284	0.0005957424832113239	0.0005957424832113239	0.00048800502148205416	0.00048800502148205416	0.00039595230752134534
0.001	0.0008983473089841396	0.0008983473089841396	0.0008109830860793011	0.0008109830860793011	0.0007085596170638689	0.0007085596170638689	0.0006091305292307225	0.0006091305292307225	0.0005017855733134862
0.001	0.0008757681492519159	0.0008757681492519159	0.0007355746078214749	0.0007355746078214749	0.0005957425116289214	0.0005957425116289214	0.00046482165369364693	0.00046482165369364693	0.0003309997706579118
0.001	0.0009018984568507078	0.0009018984568507078	0.0007907078742149492	0.0007907078742149492	0.000676519841781537	0.000676519841781537	0.0005655484537906022	0.0005655484537906022	0.0004468950859838682
0.001	0.0008916735353205353	0.0008916735353205353	0.0007892674106506091	0.0007892674106506091	0.0007136837947209202	0.0007136837947209202	0.0006271884961922575	0.0006271884961922575	0.0005504657624606487
0.001	0.0008640464478661985	0.0008640464478661985	0.000717840892742366	0.000717840892742366	0.0005765215408717712	0.0005765215408717712	0.0004498259713881066	0.0004498259713881066	0.0003256217403354097
0.001	0.0008715231735560221	0.0008715231735560221	0.0007369030144262613	0.0007369030144262613	0.0006147791528752686	0.0006147791528752686	0.0004883913283694209	0.0004883913283694209	0.0003561057173273939
0.001	0.0008601969025003339	0.0008601969025003339	0.0007258064145430578	0.0007258064145430578	0.0006046663754290692	0.0006046663754290692	0.0005034777865212425	0.0005034777865212425	0.00040952423395728793
0.001	0.0008777082273392506	0.0008777082273392506	0.0007594914673723577	0.0007594914673723577	0.0006337090094338123	0.0006337090094338123	0.0005219738878537801	0.0005219738878537801	0.00040606086260468253
0.001	0.0008495814449404234	0.0008495814449404234	0.0007003892884550474	0.0007003892884550474	0.0005642017787146379	0.0005642017787146379	0.0004197014298980497	0.0004197014298980497	0.00027860267702741896
0.001	0.0008544462183288456	0.0008544462183288456	0.0007046477199571803	0.0007046477199571803	0.0005596092374716725	0.0005596092374716725	0.0004175953728760316	0.0004175953728760316	0.00028969536244798165
0.001	0.0008361806482817253	0.0008361806482817253	0.0006786193717334773	0.0006786193717334773	0.0005464758466715389	0.0005464758466715389	0.00041127093717702905	0.00041127093717702905	0.0002877666688393241
0.001	0.0008675805341674021	0.0008675805341674021	0.0007256636039350753	0.0007256636039350753	0.0005992065778619281	0.0005992065778619281	0.000487245406175781	0.000487245406175781	0.0003601192929501773
0.001	0.0008650296793479118	0.0008650296793479118	0.0007244022984153128	0.0007244022984153128	0.0005888787114322889	0.0005888787114322889	0.00045689279872887257	0.00045689279872887257	0.00034238545626179485
0.001	0.0008998537148504867	0.0008998537148504867	0.0007840720011015748	0.0007840720011015748	0.000687454056085523	0.000687454056085523	0.0005654138372084236	0.0005654138372084236	0.00043854591599514257
0.001	0.0009106623710688414	0.0009106623710688414	0.0008290093340639578	0.0008290093340639578	0.0007675303527363957	0.0007675303527363957	0.0007013314770122138	0.0007013314770122138	0.0006564706913622994
0.001	0.0008668044608183714	0.0008668044608183714	0.000734592359759303	0.000734592359759303	0.0005920286583798865	0.0005920286583798865	0.00045289164805448786	0.00045289164805448786	0.0003354455558493406
0.001	0.000849976356800881	0.000849976356800881	0.0007137416905742208	0.0007137416905742208	0.0005907070596048367	0.0005907070596048367	0.0004549956300439466	0.0004549956300439466	0.00032566534894380613
0.001	0.0009245084663552214	0.0009245084663552214	0.0008349232769286609	0.0008349232769286609	0.0007596723186159785	0.0007596723186159785	0.0006823537651433302	0.0006823537651433302	0.0006058718103821994
0.001	0.0008730987609254493	0.0008730987609254493	0.0007334676923078797	0.0007334676923078797	0.0006067183972208457	0.0006067183972208457	0.0004759170538153764	0.0004759170538153764	0.0003510762988433779
0.001	0.0008561033059533961	0.0008561033059533961	0.0007385035475006437	0.0007385035475006437	0.0006188377733100182	0.0006188377733100182	0.0005230686991520687	0.0005230686991520687	0.00044367927585368104
0.001	0.0008514716400699467	0.0008514716400699467	0.0007060716468642245	0.0007060716468642245	0.0005615104198746604	0.0005615104198746604	0.00041864832300205894	0.00041864832300205894	0.0002793656515370797
