0.6048500337391053	0.5214682679906988	0.5964934270559322	0.5209499520903037	0.6026184802530807	0.5169671036087834	0.6017619681365137	0.5148877935353411	0.5977780666494867	0.5166795303034951
0.6104351927683754	0.5613994590086937	0.6011412502545296	0.5536279683677507	0.6095521778113321	0.5450458435390307	0.6124566255673141	0.5361603965730312	0.5972360809275571	0.5261143577117905
0.6081607111448101	0.5604602002175441	0.5920538922235901	0.559317839870803	0.6199005886988473	0.5592853164935327	0.6074527527571247	0.5570122701548258	0.6132825850642915	0.5552027299796934
0.6191804199150909	0.5534910462934032	0.6000536980564971	0.551639569584505	0.606814268376386	0.552360285366765	0.6020233803832419	0.555467965692983	0.6087990893758932	0.5592575337114073
0.6024846159728029	0.5788407631073833	0.6172456331236653	0.5738864198878562	0.6167152366291935	0.563652551256155	0.5919292447648042	0.5532140647241622	0.6053847383473614	0.5411341188497086
0.4609759562747498	0.5454831122948613	0.46910196994208186	0.5447260856925247	0.4679078095061086	0.536273716077129	0.475902102453464	0.527092372948718	0.4615703669767701	0.516380803201348
0.4609759562747498	0.5783507029961167	0.4707143635556874	0.574979616918289	0.4618093525932341	0.56957366104246	0.4670633980035442	0.5652627868865453	0.4616461972418848	0.5605346438035539
0.4609759562747498	0.5713385838548899	0.47175824878070477	0.5665291476144304	0.46983548985872303	0.5616451516808743	0.46104744484674964	0.5576375237210843	0.4652934921107601	0.5526438754055039
0.46840895157698903	0.5764591640197462	0.46127014748462025	0.5753375984507965	0.46181009044304117	0.5738659261879824	0.47169036517821045	0.5724860355749416	0.47075197501786337	0.570962381592474
0.47610443968291644	0.5596859481088429	0.46866879648892007	0.5569774373454841	0.461771554886723	0.5542167762536498	0.47044218589684866	0.5524698725383536	0.4678398768531303	0.5491808137868488
0.4609759562747498	0.5375830416128394	0.46118708323120927	0.5292270105088324	0.46171334261010516	0.5193318079221471	0.46095937702212436	0.5142726602794121	0.46153317268603367	0.5115192211942587
0.4609759562747498	0.5322924950141434	0.46117575824996565	0.5312894595150731	0.47105988884918676	0.5304084935617231	0.46098238289459925	0.5319834166323877	0.4615813128365283	0.5362854047021125
0.4609759562747498	0.5044364583472313	0.4611162588774799	0.5016767155240283	0.46165548028555703	0.49904774040057187	0.4722003205078844	0.4963210942802694	0.4615067874327796	0.49389585323543767
0.47114503176750155	0.5320913031210336	0.4611753283874823	0.5315886622678173	0.46919064799210675	0.5326130760317959	0.47025760483220946	0.5350796943162159	0.4752196240399291	0.5387079299808712
0.4609759562747498	0.5323865365647062	0.4667906870032901	0.5275677656714303	0.4617129651333108	0.5222784869262955	0.4696443779841583	0.5171849702749839	0.4691191072216609	0.513913872534159
0.47125856705047314	0.5508802547920202	0.4684069017879146	0.5397053690049056	0.4705590513716762	0.5267041975774245	0.4609769410345158	0.517469169682289	0.46155683298537636	0.5090560491052034
0.47203429603354363	0.5181070870820155	0.46114545005553004	0.5181755434397741	0.467091890157913	0.519314319896646	0.4609592902758054	0.5237480618920798	0.4615530882403171	0.5272017207422238
0.4609759562747498	0.5145255556538483	0.4705175062701969	0.5094053044078218	0.47168139159069356	0.5028600751916794	0.4609250867873305	0.49838680506075705	0.47010395276908357	0.4940889831568097
0.4693141258417911	0.5523356453901559	0.4612186050162761	0.555437831926739	0.4696009181946645	0.5580818937033409	0.4610400256673057	0.5579182148414147	0.4616248963127672	0.5561474348170372
0.4609759562747498	0.5268946177662676	0.4722122191349218	0.52253639235333	0.4616991510485425	0.5200405289560508	0.4609607500016265	0.5186225897885915	0.47284278601880964	0.5183091150449466
0.47521459180522	0.5457104753314139	0.4612044268460209	0.5462995069619248	0.47120629423879923	0.5476456102961468	0.4682420942881399	0.5518605285431079	0.4720137772255416	0.5567933021973543
0.4609759562747498	0.5641689297689123	0.4685112014929498	0.5615777904097745	0.4617812139067716	0.5586723815195325	0.4610490313062932	0.5553485482082279	0.4668528963206221	0.5520460636285117
0.4609759562747498	0.542348537468913	0.4724084719404778	0.5441968228013218	0.4617447099210878	0.5439192499503323	0.4610131369524483	0.5497999234780107	0.4616232332671292	0.5522339789834738
0.4609759562747498	0.5593216955235824	0.46624185608157165	0.5589320976914486	0.47549284407040393	0.5569053271381014	0.4610375762788635	0.5555655198621069	0.4720503012797434	0.5536531064648395
0.46744536933844294	0.5642626827882179	0.46124407827461616	0.5605376806080178	0.47483552077650437	0.5566635268663118	0.46104428757914195	0.5485023585643488	0.46161538805909735	0.5388497121967214
0.4691593250772724	0.5463329450120318	0.4612057795283134	0.5481308609797488	0.4666219299843516	0.5470653957912168	0.47348618124758696	0.549862734315683	0.47505499852288346	0.5523012290143035
0.4694335381230815	0.5767969437227229	0.4612708598427007	0.5716918879544844	0.4618024496478359	0.56548776217935	0.46857639293390296	0.5596494327489206	0.4616373581365993	0.5540196249559624
0.46817535130923477	0.5675059212383393	0.46125100802308155	0.5664009651355041	0.4617913293507345	0.5658821659336085	0.4686356706730965	0.5644031911064342	0.4645165492407965	0.5566027175489708
0.4609759562747498	0.5661717332886127	0.47019712535553143	0.564679445521034	0.46178771359854903	0.5629500971761683	0.46574927846006686	0.5614448021340217	0.47414582105982306	0.559824852766664
0.4698437047601187	0.5232961783560445	0.46115655635413505	0.5204703480764017	0.47082520402491773	0.5176699321721371	0.47345725184767334	0.5153516263827298	0.4737679038068334	0.513097288880128
0.4609759562747498	0.5480671090318459	0.46120946198192103	0.5450301948342103	0.4689294362547366	0.5407584215010389	0.46763541830727523	0.5386648469776185	0.46159392097256274	0.5389080193703613
0.4609759562747498	0.5824666336197293	0.46774206082163033	0.5787461747767073	0.46181728434383057	0.573942320879565	0.4712106927355067	0.5688814720936923	0.46165296191458755	0.5590372408445845
0.47105334591532183	0.5452258227375171	0.46819752204389536	0.5356280135327818	0.47243524352399296	0.5285222339741598	0.4754806655010568	0.5228963583699969	0.46156265912418076	0.5207194685529543
0.4609759562747498	0.569133486494836	0.4727276744395392	0.566702201647547	0.4708005659905067	0.5640456463440489	0.469636344962385	0.5610133533369135	0.4616415387036077	0.5577323513188296
0.4609759562747498	0.5765346480359548	0.47242400149730995	0.5674453380427529	0.46179356796603627	0.5562256820487765	0.4693606808845193	0.5453933419284155	0.46160871613750365	0.5335067543239105
0.47323196805977913	0.5733060830716379	0.46126340105211106	0.5725341542129367	0.4725058503125509	0.5714533979283678	0.4610678967095692	0.5703437010187966	0.46166063930935697	0.5688988888841796
0.4609759562747498	0.5623685440925414	0.46124003110897477	0.559922933650546	0.4617777497642889	0.556714928391749	0.46103721322358765	0.5533691875198142	0.46643160386373556	0.5500838721651008
0.4687057795570536	0.5665179467366729	0.47122211130475083	0.5582559647605233	0.4617798071323369	0.5462169146835072	0.4610152972219009	0.5341571864365169	0.4692977616334475	0.5257499725849518
0.46993123883249055	0.5745587637124348	0.472049591788012	0.5665668468861603	0.4700387731241376	0.5563940415062013	0.46973458258564055	0.54585732691496	0.4723875128162174	0.5341519114733585
0.4609759562747498	0.5606278429705818	0.47106962069862024	0.5611553478228144	0.46178032599721275	0.5607797440358393	0.4610518432179936	0.5577695788937613	0.47347394502992435	0.5544755844452074
0.4673867230868362	0.5634849231354855	0.4612424164526764	0.5618143902675338	0.47399881168198343	0.5609208957236448	0.4682805945932233	0.5598424278275271	0.4616370393661933	0.5575147346637648
0.4609759562747498	0.5436381499947974	0.46120002177198044	0.5457379440087817	0.46174794554366316	0.5472135676811136	0.461023200158763	0.5500977633127111	0.46161623101893184	0.5525016591216558
0.4609759562747498	0.530004603279015	0.47321573674836287	0.5290270730940863	0.46171281950389015	0.5302892190524127	0.4670890018410383	0.533849667625226	0.4615743166127461	0.5392662908034421
0.4736881318716295	0.5738165986417215	0.4612709006647315	0.573442385989841	0.46180612501134694	0.5734753868710452	0.4720353196221796	0.5723728812720804	0.4616622957982257	0.5654495236404625
0.4702467028438713	0.5818152350683655	0.4612815821992692	0.5789899421467628	0.4618178078169498	0.5731059140081541	0.47473222769196965	0.5620495413443043	0.47066759868338187	0.5500781239600476
0.4710803807286586	0.5459425480869756	0.4722805512073741	0.5476087886156432	0.46976257164961865	0.5469351484394276	0.471179636244089	0.5486242916611462	0.4616161618351889	0.5531333416065298
0.47267322392336203	0.5875103508826937	0.4612937506354466	0.585273506507388	0.4694409683903392	0.580631044416576	0.47002861925040484	0.5760744194623388	0.4616705173380391	0.571128561407251
0.4609759562747498	0.5613903582750088	0.4723242921749661	0.5586688106084997	0.4682899860707916	0.5555950953242875	0.4712825206565727	0.5523367194537602	0.4707121184252573	0.5475144159974332
0.4609759562747498	0.5664041472670421	0.46124865389097275	0.5638074509391724	0.46178590552171495	0.5609498518880633	0.46851230579846725	0.557907200317703	0.47381393772545305	0.5544128239686503
0.4609759562747498	0.529061156143568	0.4701153163599005	0.5267125673457939	0.4676183592587571	0.5239501385466688	0.46096895093200374	0.5229352235434862	0.46155830607323295	0.5234704520864558
0.4609759562747498	0.5677147655675463	0.4730667196612196	0.5653002323486097	0.4617890283207797	0.5623892880968109	0.4729812302632305	0.5593461215678064	0.46604633513099814	0.5559947639151717
0.4609759562747498	0.5158489133617851	0.46933610387899155	0.5158398440478205	0.46168512452723975	0.5141463210709066	0.46991317398209415	0.5147036213554832	0.47100447583755733	0.5191167287863054
0.4609759562747498	0.5271921999800767	0.4611648610694374	0.5232499378719501	0.46170069126259433	0.5196976973717904	0.476334076153787	0.518665095385605	0.47332996239959674	0.517412003090609
0.4609759562747498	0.5726216103711008	0.46126193856273623	0.5682527651170212	0.47096609468856965	0.5630903876903965	0.46105572380487936	0.5550099340006923	0.4616263059161257	0.5433180400670989
0.4720540732830969	0.569276079838992	0.4612548019279128	0.5601029921306636	0.46854515920093104	0.5494156944724455	0.46581475998637717	0.5385531126386736	0.4615914409236354	0.5280060273937885
0.4609759562747498	0.5605998075912293	0.4612362518840798	0.5577714502974078	0.47464099896057826	0.5547536380185691	0.4724046556079401	0.5514705572205038	0.46161135778246043	0.5477560291709852
0.4609759562747498	0.503488737241449	0.46111420675771286	0.5018432880555989	0.4616557007937907	0.5006352626207672	0.46092036133265996	0.5008857002653558	0.46150505902653755	0.5007756449518435
0.4671019129628078	0.5641734816272207	0.46124388768048524	0.5615160068326637	0.4617810841845009	0.558478519997144	0.4610408519705541	0.5554750839629408	0.4682753234600412	0.549264433024919
0.46735342768104304	0.5747221033886925	0.4711424847968609	0.5751464238153544	0.46180971221496353	0.5708510862404073	0.4708170521794202	0.5664211053970535	0.4741329594203386	0.5616932642971912
0.4609759562747498	0.5708349034371286	0.46125813265157195	0.5612770655045957	0.4689636804913224	0.5495351754142136	0.4610271056159115	0.5377446004515529	0.46158981463783866	0.5304557280330097
0.4609759562747498	0.5551533714572591	0.47486160456012727	0.5590252463191224	0.4742395709834095	0.5617142642638208	0.4610519494062193	0.5654834845646749	0.468641611470176	0.5699678220887021
0.4609759562747498	0.5291475966800737	0.47117825133431895	0.5281285017387075	0.46171093109542116	0.5275689832768208	0.47055187569335505	0.5307975301954353	0.4669274958133304	0.5338586482619443
0.46759061987168116	0.5567543772390846	0.46122803541761254	0.5556766003009489	0.4747669732026278	0.5547581983508395	0.461037757734571	0.5477680783944553	0.47281533789189006	0.5391422869794654
0.4686941252824481	0.5643625871380561	0.46124430194311855	0.563140510099832	0.4724851872402749	0.5626825976532646	0.47137882822739335	0.5614779729937581	0.4616418081761287	0.559518473677816
0.4609759562747498	0.5145111710396033	0.4673812604855909	0.5115420419480949	0.46784502608150663	0.5090418555560726	0.46094443182567635	0.5067032945436988	0.46639384183166804	0.5058879741813448
0.47000266049385375	0.5670361302545257	0.47549358137549674	0.5661636347766863	0.4716581669612372	0.5632343219082286	0.4678955703670477	0.5603963224079102	0.4670648195918682	0.5570109543428163
0.46924022342315647	0.5625691819771765	0.4723759986767501	0.5599127025021773	0.47464397165220407	0.5567589578453463	0.4676676230069061	0.5535012228608286	0.46983300176649434	0.5498956731916486
0.4726434893028733	0.5560355998133502	0.4676186479980069	0.5575536046108738	0.46177275278606333	0.5614522781060117	0.4688672010164682	0.5650845150037561	0.46164826709178447	0.5696807105585704
0.4609759562747498	0.5228462249671211	0.46115557556487075	0.5204432709164761	0.461694809558753	0.5177294569577537	0.47305920193408063	0.5187444545949897	0.4615560258402126	0.52303850900314
0.4609759562747498	0.5366827096963016	0.4711076032935321	0.5332082925289794	0.46172158510021966	0.5294276612345747	0.46627646858941935	0.5270374644517719	0.4615709550529401	0.5243575016813501
0.4609759562747498	0.575813092052634	0.4661166438553832	0.5665596023786532	0.4733067418985473	0.5543351303823791	0.4669392253923555	0.5427229832700945	0.4744250038870823	0.528707274806159
0.4712213348111354	0.5618265952880915	0.470311412386151	0.558842650131034	0.46177549381012406	0.5555506042907233	0.4610411718397135	0.5474116057636171	0.46161207852849445	0.5372784212998513
0.46955101672846306	0.5443555506866786	0.47166757152912103	0.545883110653127	0.4617482059087499	0.5471047775632105	0.46740968028992896	0.5512831393130101	0.4745054659331506	0.5529687479832618
0.46852428894941867	0.5654428827014584	0.46124661011031354	0.5647602354969627	0.47311851377918923	0.5598389785534053	0.47121720639678066	0.5574428042181154	0.46877134800214093	0.553907367654528
0.4715337096773928	0.5703623619967738	0.47366827715829546	0.5657886205703572	0.4702623543989877	0.5569467901284727	0.46104423669970673	0.546432204512505	0.4616102878291569	0.5346945029475176
0.47444160545745034	0.5647992930808156	0.46124523501230985	0.5630001734339755	0.471630058231292	0.5613388780054868	0.461046828481953	0.5598616722588694	0.4696154626088977	0.5581995406699858
0.47018299398364255	0.5777176542514691	0.4769377930658043	0.5766319816727463	0.46872275018302967	0.5749635123625286	0.4748956082951296	0.573621096592346	0.46166317486136343	0.5722395084792808
0.4609759562747498	0.5308548022270754	0.46603273218791047	0.5261107719771057	0.4617067760111304	0.5235650541502892	0.47008178731071526	0.5212537007296942	0.467023100133842	0.5181498094485957
0.4609759562747498	0.5588589890520413	0.46123253230796746	0.5560297531000805	0.461769587661346	0.5520695958440519	0.46797186859032297	0.5433880918007782	0.46870951000272315	0.5331464097752017
0.4609759562747498	0.5321328399858376	0.47181290906767215	0.5329678651010599	0.4617211237172009	0.5334175520279953	0.46715812015148134	0.5367584816346765	0.46585245822614946	0.5409939273682379
0.4701592425278585	0.5571215380515177	0.4612288306342095	0.5593643096355412	0.4617765656473814	0.5596590329821912	0.4671544724973775	0.5587990730521935	0.4616332724550281	0.5553085905800229
0.46812096372445955	0.5367920439289333	0.46118538288744043	0.5390187907324546	0.4617338057929503	0.5416654284963237	0.4682769701556353	0.5459569417492838	0.46766489497795444	0.5507222524426536
0.4609759562747498	0.5368044815503573	0.4611853655004162	0.5328696527693274	0.4741632482454916	0.5270717793962505	0.46098254187286064	0.5215292508430348	0.46155862136293735	0.5152645349751798
0.4710307925963488	0.5661982790900354	0.46124821401756705	0.563592102604239	0.4617854533864642	0.5607089996958731	0.46889288819467484	0.5575797868332446	0.4672837721545065	0.5542267338913821
0.4680882688125844	0.5580220473234052	0.46500639446546743	0.5592405058562843	0.472198051438181	0.5576847545238954	0.47181411971278925	0.5602855968668636	0.4699721574752536	0.5625720852047121
0.4609759562747498	0.5588381245245304	0.4612408319907935	0.5553141735608831	0.46176808518119794	0.546566112560958	0.4667332977178818	0.5375653099533599	0.46159596661865565	0.5273634534134577
0.47302864880893825	0.558632889671511	0.4734123251358709	0.5561640571126881	0.4660299054987514	0.5540776260556459	0.4738268263159627	0.552041411421948	0.46162335832202456	0.5427624759964208
0.4609759562747498	0.5662689448163876	0.4612483750795585	0.5656828846195538	0.46826270267653314	0.5635939594948398	0.4610515007271636	0.5622017448987853	0.46163389805439403	0.5604030250638198
0.46691733384239	0.5688049810121872	0.4612537836886448	0.5661127325488277	0.4617907455795324	0.5633176833193508	0.4610509592880277	0.5604606645050296	0.46759277073202465	0.5571227780316494
0.4609759562747498	0.5756495024775219	0.4612684081504166	0.5715613017341938	0.4738369489749442	0.5663374165183176	0.4669739877046393	0.5616174243507999	0.4705185743553812	0.5569715621917423
0.4705051781144202	0.5631988041972297	0.4612418051084704	0.5605836562710886	0.469039400241958	0.5575593184931398	0.4760752706833335	0.554448090863657	0.4616241276630536	0.5506124069210262
0.4679287900007986	0.562408014457275	0.46124011544450294	0.5596792820973062	0.46177722775196794	0.5566437386400831	0.46103703198150553	0.5534271708738804	0.46807494310931735	0.5482300828362925
0.47077037554750406	0.5408727751522017	0.4611941132119467	0.5422413128361664	0.47569793296308405	0.5433304944743083	0.46100931599652933	0.5464374692105436	0.46161153279468514	0.5504190776439261
0.4609759562747498	0.5235122965265133	0.4611569879580991	0.5183141138615572	0.46879759417288047	0.5118328811022022	0.46095162389037275	0.5072908368974327	0.4712982269414564	0.5027007768961722
0.46944067763801883	0.5626775550651598	0.4714599704018008	0.5640084411431098	0.4617863161639437	0.5615809071295338	0.4610473211461734	0.5584432283739655	0.47276209161908483	0.5549743561626822
0.4609759562747498	0.5659925065141159	0.4669050589194144	0.5622693252780985	0.47303342575791046	0.5591576674365047	0.4610499288939889	0.5560479295865585	0.4616315887453545	0.5521627855154384
0.4708986486157852	0.5237427221671598	0.46115749099788	0.5238671235964856	0.46954912283208194	0.5222247936509714	0.46867126214276644	0.5227942495735911	0.469438524164509	0.5229758924973053
0.4729058926439332	0.5617367599961218	0.4612386811885559	0.5589804292208399	0.4671816980702657	0.5559062046312141	0.4610434789819554	0.5526044193657962	0.461624693670711	0.5490132221511348
0.4609759562747498	0.5617036421073591	0.4710843791482948	0.553404210065282	0.46176801420496133	0.5455340561383821	0.46861358609335046	0.5356519380039111	0.47369234095916835	0.5292649372680387
0.4609759562747498	0.56494580822583	0.4612455480576157	0.5630255433015858	0.46178425253735034	0.5629771114300374	0.46105022780076504	0.5610536956115685	0.46163149675472437	0.5591293667802314
