0.6028240586629077	0.545312880830826	0.6034003542580406	0.5380742572604164	0.5989980765011411	0.5322957108974854	0.6019977105498606	0.5279821471424828	0.5962856769833081	0.5249266100524496
0.6035535563500036	0.5087954445681266	0.6045664721252778	0.510311461618172	0.6115442386701039	0.5119910583640475	0.6136677641528524	0.5141265158658263	0.5963184666742077	0.5161407240833066
0.6013087455312658	0.5185458937920964	0.6000441233380879	0.5215976405702534	0.6129257338564333	0.5252159392440655	0.6110237076055546	0.5303652229015345	0.6168775651747532	0.5355633366093167
0.6069808184732168	0.5619373526933672	0.6006930054326988	0.5620852197130715	0.6020844589747507	0.5628226977399374	0.6006234282519366	0.563759893656312	0.6077086279772407	0.5648339291223626
0.6036208927556286	0.5155080137889887	0.6164175107427077	0.5196104824420861	0.6108656559495377	0.521907015849539	0.5944899743027253	0.5249520109137747	0.6053672861988284	0.5271166438329942
0.46162946559689266	0.48452679327419534	0.47423035930555135	0.4880887222334605	0.4658628695250715	0.49247623056180795	0.4662611109088498	0.4963993430978554	0.4599234438264612	0.4993820926821675
0.46162946559689266	0.5293382009187235	0.47252773050286256	0.5322917571966377	0.46143856666899913	0.5338759789942505	0.4681635541374636	0.536381218169224	0.46000872671965143	0.5433249161922546
0.46162946559689266	0.5204980026249628	0.47137538265073664	0.5230770297494274	0.4741549286617316	0.5255676994105101	0.45952265894786126	0.5276858300780616	0.4654469503619274	0.5324174965554338
0.47019208687118463	0.5503454255023259	0.46322640910807	0.5568207253830433	0.46149030930732043	0.5626580135304693	0.4714686626758454	0.567294749605131	0.46843503284952637	0.5683515402348327
0.4708518226574569	0.512740937325628	0.4707288572982395	0.5157086066516574	0.46140353632591075	0.5199468120059657	0.4685245259778756	0.5252693165358	0.468863864117894	0.5299290416706108
0.46162946559689266	0.495409963350542	0.4631098466281717	0.4982159344965134	0.4613666681944122	0.5009741736109127	0.4594703636881364	0.5027635863813833	0.4599253562437044	0.5045556993988776
0.46162946559689266	0.5508321475172341	0.4632274309094186	0.5528599637307665	0.4727377814111091	0.5503597973266154	0.4595753761906131	0.5474118289884727	0.4600315155142188	0.5441799198520935
0.46162946559689266	0.4824051497454295	0.46308224562984623	0.4839394927336574	0.46133657459134525	0.4844406991099227	0.472955404056401	0.4863457045666941	0.45990232182558627	0.48829715758762166
0.46953845215800727	0.5489434031863581	0.46322342233389724	0.5509781288720843	0.4771996085471233	0.5518479832435782	0.470269664257949	0.5498408057797886	0.46827771044048583	0.5469051191400107
0.46162946559689266	0.5170724175366206	0.47056093744443966	0.5152336000808307	0.46141607064421397	0.5131473288104449	0.4640945156835571	0.5128368622342976	0.4724126538447276	0.5132701694876189
0.4744371777119271	0.49236169952737235	0.47227711265843914	0.49164384882393297	0.4684200023760958	0.49095269525205687	0.45946473673802224	0.49153211969758953	0.4599083367696485	0.4948498577670897
0.46891411139091876	0.5462437564174858	0.4632176815582189	0.5472646594978221	0.47117733980917365	0.545513409927532	0.45956505823943644	0.5417138863255213	0.46000997434506574	0.5382219454681092
0.46162946559689266	0.4839114416368604	0.4681910104395695	0.4839687352307703	0.4668112411054797	0.4846909974272767	0.4594357170937611	0.4860245254633675	0.4655355773081929	0.48794732122057266
0.47412820321346744	0.5490997373845784	0.4632237652971325	0.5498532255436791	0.4633697230389228	0.5507034682289577	0.4595761184931526	0.5517223556330225	0.46003173433055633	0.552980604615479
0.46162946559689266	0.5386260549256391	0.4730110131414145	0.5328237289855468	0.4614398827292642	0.5273462859329611	0.4595264245803851	0.5226380696590193	0.468922153471088	0.5203670805591213
0.46556803667485047	0.5710007022050912	0.46327023546485346	0.5714381666318687	0.4642344354040427	0.5717871167268179	0.4654411418703493	0.5708374068519207	0.4714977370984016	0.5657689991611761
0.46162946559689266	0.5188445687268904	0.47021632489236004	0.5213583316398573	0.46141545659197886	0.5244690600373249	0.45951822578071944	0.5302306227672279	0.4743762706429568	0.5376848850114165
0.46162946559689266	0.5439670202286034	0.47041447747266435	0.5457839001542162	0.46146700502842275	0.5479028817716531	0.4595802827610482	0.5497517932247572	0.4600322529886619	0.5518654708310015
0.46162946559689266	0.5427249415216732	0.4729100578567731	0.5469760356089387	0.4731865554517489	0.5481521710333321	0.45957069258726985	0.5491825145741605	0.4697794811373532	0.5502226326805052
0.46887954474411936	0.5107164622020743	0.46314232272270894	0.5132116529675389	0.47425509774572283	0.5160545313212147	0.45950176815229643	0.5181244811867064	0.45996756319063475	0.5210802981513516
0.4694849416475079	0.5444763037023157	0.46321395265639453	0.545227588790411	0.4679352814995435	0.5460343897811307	0.46846724547237845	0.5471101695409247	0.4656563261606915	0.5482063037707363
0.47114143105892337	0.5207762259443761	0.463163662942245	0.5240892270023627	0.46142124473186413	0.5266692448952028	0.471442956371899	0.5308763635490537	0.45999289429370416	0.537267745093088
0.46828962154693765	0.5232127680054206	0.46316883421838523	0.5257520921552318	0.4614247350547086	0.5286549752212385	0.4670705818411073	0.5339252065651011	0.4709309211163145	0.5386029011113564
0.46162946559689266	0.5471383223097209	0.46923159076225673	0.5528247812501291	0.4614818493625084	0.5546743139275996	0.4662592303041999	0.5556073706780227	0.46883240745520477	0.5567826651010841
0.4736898124345359	0.5052874861189701	0.46313081061474853	0.5055789052418952	0.47547777338074154	0.5062386093424718	0.4707851368667612	0.5074654368566088	0.46493872055505103	0.5089842767163895
0.46162946559689266	0.5607411657197372	0.4632484612747839	0.5565330058967679	0.4675571784918906	0.5521790871134591	0.46588220660460883	0.550639588884271	0.46003418915804833	0.5472532112354641
0.46162946559689266	0.5247910084802355	0.47103814664606314	0.5282618889925816	0.4614300778506118	0.5313802062259708	0.46605285405477254	0.5345902073773943	0.45999654457364686	0.5377409605898218
0.47237756730158126	0.5135597558335684	0.4705091797251753	0.5133893919428951	0.4738108779886492	0.5137236600432188	0.46940079559541825	0.5144300853233617	0.4599590883448736	0.5159656723769958
0.46162946559689266	0.534134318563359	0.4716529236072777	0.5394636327934677	0.46975678717068015	0.5464707376551744	0.4688164910183693	0.5496449967677539	0.46003609429803793	0.5515613872415531
0.46162946559689266	0.5113854039636616	0.47471229654723174	0.5137370055579541	0.46139942165915226	0.516451253714289	0.4702018401647087	0.5191713840028457	0.4599691278097674	0.5219828261889178
0.4708327798659216	0.5337562306808594	0.46319121153655246	0.5368778407908338	0.46803161900585694	0.5456168169226223	0.45956528858877715	0.551114946716009	0.46004145304060856	0.5573095109471057
0.46162946559689266	0.5200061039838643	0.4631620284494328	0.5229331554369615	0.4614187503210924	0.5293708624570462	0.4595307367733742	0.5358050878640843	0.4669357056761248	0.5421442237037429
0.4679870072829656	0.4966161307642975	0.47057084772613206	0.499749455428953	0.46138389330407026	0.5033202496452117	0.45948958611051083	0.5080026073255822	0.4724728581065486	0.5123861549398434
0.46906650245910064	0.5091740980782747	0.47320085389954225	0.5118262390206403	0.47169929443426617	0.5145512664523931	0.47016032690051324	0.5173595079075108	0.4705947007435949	0.5195722953261616
0.46162946559689266	0.5350475732542137	0.47042058309724316	0.5410153740360876	0.4614569472118721	0.5435496305150539	0.4595612819783174	0.5456639707432158	0.4648070692698499	0.547706586311524
0.4711861711359898	0.529197966719581	0.46318153712403054	0.5344485776981444	0.4727955474950418	0.5416730337912127	0.4643003282923189	0.5490331454529839	0.46003519047099584	0.5531328570720656
0.46162946559689266	0.5436243806375195	0.4632121445592318	0.5458114659490516	0.4614670414198596	0.5477508490011908	0.45957192357859145	0.549703116665589	0.46003067509589257	0.5517451087446793
0.46162946559689266	0.5603166784117317	0.47199630715076585	0.5607191781164641	0.4614985961740988	0.5574089022457526	0.46831102089048726	0.5528873237916037	0.46003425432580836	0.5496070569835106
0.47814497585788623	0.5335412086207134	0.4631993787643203	0.5357538376683934	0.4614458561466473	0.5381572713617138	0.47136279266297665	0.5426804127287793	0.4600298294491796	0.5491990391096679
0.47310260513232644	0.5219692418854239	0.46316620559442756	0.5254322250903957	0.46142411066115	0.5291196972318029	0.46656869738742335	0.5320840726583612	0.4717160242401663	0.5350669917152991
0.46345515312330254	0.550169771707854	0.4738602819526325	0.5519561886056431	0.4725216492143077	0.5539200378974208	0.4699228996471044	0.5557217803771962	0.4600490203893348	0.5577001524288784
0.46771607849777996	0.5414480769842481	0.4632075366461124	0.5428319784167688	0.46885130286274157	0.5448722226347343	0.470308699980876	0.546478797146985	0.46002481504041276	0.5515479266361454
0.46162946559689266	0.5131008003871059	0.4677153700262155	0.5159065880257706	0.46964364847738316	0.5184028115477508	0.46508749527421384	0.521398458906201	0.46641237722265805	0.5276546590580757
0.46162946559689266	0.5275392124912921	0.463178016603804	0.5304062469763888	0.46143453108118143	0.5364317802350193	0.464887687207874	0.5429533511222298	0.47206998022782376	0.5479835678685568
0.46162946559689266	0.5483603881284785	0.46916890269838063	0.5444811959896537	0.46680015635500494	0.5388141922493321	0.4595508111109207	0.534831347906415	0.4600058461436526	0.5323109723061674
0.46162946559689266	0.5305089104573414	0.47577678788831057	0.5375734317457102	0.4614496903436161	0.5443297921093235	0.4662517324152313	0.5477900455532978	0.46695604819936815	0.5496910524257612
0.46162946559689266	0.5475462591519717	0.4709044585052849	0.5414918412365618	0.46145808031211377	0.537143378312272	0.46729969571408203	0.5326243516773052	0.46766426708584974	0.5289012555693101
0.46162946559689266	0.5304788461862627	0.46318422321208175	0.5250182699546199	0.4614232658999788	0.5205105417035848	0.46796813371585344	0.5180523253387381	0.4694252947152577	0.5170587212585236
0.46162946559689266	0.5155738628625159	0.46315263203944335	0.5180547997516088	0.4709478701257265	0.5201413389206592	0.45951499247282784	0.5229024998561972	0.4599734304566697	0.525219811950074
0.4740784547425682	0.5072764135915238	0.4631350216052879	0.5095393592936941	0.4687387860462762	0.5121396889889964	0.46653043098167024	0.5151682210237313	0.45995603527739015	0.5177365076977963
0.46162946559689266	0.5131657031430448	0.46314751053577785	0.5154805080353438	0.47164769787582406	0.5191025900773915	0.46507914103482506	0.5242293811534305	0.4599719912687819	0.5303226191863307
0.46162946559689266	0.5139024078785519	0.4631490217715882	0.5092087713829994	0.4613900722533353	0.504397155815982	0.45947762138926973	0.5019864091140951	0.45992363606390224	0.5017558120775105
0.46834360224199967	0.5169125910904022	0.46315546284019765	0.5192893703845088	0.4614111085146458	0.5219443099665013	0.4595149526873461	0.5242232621069141	0.4691329955745621	0.529243014552764
0.4720952963661277	0.5422739373109936	0.47075078790665215	0.5465119784405832	0.4614685526665775	0.5500105991993472	0.46928243236055633	0.5523011543808393	0.46404924314018153	0.5542381590027956
0.46162946559689266	0.5093577098861518	0.4631394492804259	0.5118398243234011	0.4703615707731567	0.5137363241921568	0.4595038676858228	0.5162551061477682	0.45995823130675806	0.5194331953761784
0.46162946559689266	0.5723450050901633	0.47020373717213026	0.5746472389182257	0.4682920225866178	0.5752214185548727	0.45963107906538714	0.5762774797444571	0.4720920891484526	0.5771114350284559
0.46162946559689266	0.5471743300012012	0.4726723037327786	0.5493611319382686	0.46147456801910386	0.5493482418813302	0.46785096104304863	0.5468130709161776	0.4741228047578805	0.5431653448215998
0.4783323270697879	0.5118171659442822	0.46314465884665723	0.514125524498779	0.46854855135035256	0.516937235160377	0.45951272320962167	0.518426850274011	0.4689046671301253	0.5212196587852004
0.467490382053835	0.5368046902738116	0.463197681560156	0.5438337653759349	0.4711904414983819	0.551579486597512	0.4666302417914772	0.5535920034363823	0.4600445829339778	0.5549166965056858
0.46162946559689266	0.5129643872429133	0.4710308137157473	0.5088642863228208	0.4680013436865004	0.5051434332573861	0.4594850448582328	0.5038851975193264	0.4712418141674899	0.5044184824388172
0.472158103427082	0.5369152149552697	0.4742517435480546	0.5436335204519049	0.4709332744137886	0.5467567210923545	0.4689587458526203	0.548796321054336	0.4687582726955866	0.5508328360369342
0.4743390220158511	0.5214209412737033	0.4769862912891968	0.5249510324095921	0.4670439636363598	0.5306896651590375	0.4633303135677175	0.5374103712231293	0.47028967206807404	0.5424973408817525
0.46684274346193777	0.5775216766069433	0.46865238187002717	0.5789281107762683	0.46153696267817007	0.5800087775333532	0.4742048871646583	0.5809738453590265	0.4600992530382362	0.5794162256302912
0.46162946559689266	0.5522266456948011	0.46323039052085774	0.5497029702953954	0.46147535504999343	0.5437210173808901	0.46877645917013666	0.5393181225489942	0.4600139879701008	0.5351516470365387
0.46162946559689266	0.5461074811882465	0.47161149015806286	0.5427191846579171	0.4614605914923669	0.5393339095382359	0.46476596524867014	0.5338787027110518	0.4600001266315046	0.5309929019080879
0.46162946559689266	0.5015173119080062	0.4741026839964281	0.5048221932573779	0.4729384920296626	0.5076664108879956	0.47192101756447696	0.511003173005012	0.4676259879280547	0.5148967686254959
0.4744563346497791	0.5092610483894072	0.4676703570543727	0.5119330388033189	0.461395580581741	0.5147504919241791	0.45950140551696994	0.5169381430999388	0.45996263029434037	0.5194898542457859
0.4692243873921658	0.5447884735652845	0.4720788370637052	0.545647341848726	0.4614667389663087	0.546476379878776	0.4676476670612058	0.5477834740643095	0.4678656075593295	0.5492923056179855
0.4727597955461414	0.5384100986789205	0.4632010779154658	0.5446169822187648	0.466617815499556	0.5474517817836544	0.472491382156834	0.5488627657137778	0.4663739447081471	0.5499451146829195
0.4674624616434345	0.5087264909036366	0.47438096664663276	0.5119304614380278	0.46979435731141966	0.5149459626686863	0.45950128459088113	0.5171929516167948	0.4599636919217728	0.5199311743788835
0.4727427806563114	0.5328224615071807	0.46318922971374366	0.5392368868265665	0.4698726981985824	0.5472528918425593	0.4595687912205072	0.5523601993267423	0.46761846733162815	0.5547893785530671
0.4728752209998572	0.5474973326091839	0.4727102343675256	0.5533492826430313	0.4684186371686203	0.55920688870823	0.47026548185731476	0.5648947219831797	0.4600691784428811	0.5691409078645688
0.46162946559689266	0.5057033258742457	0.4721105585441782	0.507968832254571	0.4613872979797139	0.5095678410928276	0.4710173922481652	0.5118470813475847	0.4683815725919199	0.5128607926692443
0.46162946559689266	0.5043360322602777	0.4631287809905689	0.5067818901726668	0.46138470202572146	0.5097141897578803	0.4644927299850187	0.5123688514199715	0.4737950955118609	0.5150278678444922
0.46162946559689266	0.547274930492595	0.47069859042765133	0.5491850410888915	0.46147418591299466	0.551135049378031	0.4664116553759117	0.5516179770173536	0.4682780280967108	0.5472626564123076
0.4709552433367088	0.5379813129909893	0.4632001788143492	0.5425590751918189	0.46146019468395466	0.5446791045825771	0.46758757204314577	0.5467427543152042	0.4600235158834139	0.5487042885776455
0.46894565014737166	0.5541578830641604	0.4632345005485696	0.5548404611689907	0.46148613624877693	0.5557236998089053	0.46629914636541275	0.5567066298124551	0.46694383518131105	0.5578131388508238
0.46162946559689266	0.4876322247658771	0.46309327513705206	0.4895398002451269	0.4681297639948841	0.4937861737301062	0.4594584736970743	0.4985254390582944	0.459922514877282	0.5022187659014307
0.4715047767274101	0.5298016602121627	0.46318281839631553	0.5326406730550327	0.4614392494749474	0.5396527445545276	0.46684570482972704	0.5452259654697136	0.4704760769082226	0.5477256226833417
0.4720852675836589	0.5504613479789492	0.47104520621225093	0.5523271549934702	0.467973724636716	0.5541529079881473	0.4688447414504412	0.5558466243166494	0.4720268743253768	0.5577084320589014
0.46162946559689266	0.5067588884451893	0.46314671003263314	0.5083543151536546	0.4613880330665308	0.5100425128023407	0.4640648000080319	0.5120837114145438	0.4599498073731976	0.5144542230442652
0.46719160541218596	0.5097799389398637	0.47425262519425876	0.5135511947300115	0.4718608343880556	0.516593134194062	0.47100801315806873	0.519015565631376	0.45997004840468836	0.5249551827123645
0.46162946559689266	0.5506302171756313	0.46322701354124973	0.5542738623632556	0.4728840279224571	0.5551145268517282	0.45958549959105555	0.5560126506864254	0.4600410572556093	0.5571744552631966
0.4726578518468247	0.5321466477431589	0.4631877953732369	0.5346207780519694	0.4614434538655262	0.5415341902857573	0.459556605677201	0.5481094901798801	0.4654388753255931	0.5509654686774415
0.46162946559689266	0.5279810475158272	0.46317895434903966	0.5307859901474066	0.4700342109758286	0.5322888219788581	0.46762741103877303	0.5361709480037002	0.4724028535604959	0.5423270723701932
0.4713982746415438	0.517795898580128	0.4631573375531052	0.5201277615907625	0.4700948518293647	0.5228299871367205	0.46853996292119326	0.5257414392270431	0.459986166810483	0.5315800737990775
0.4726981624020327	0.5144962201031585	0.4631503343908241	0.5174527760784733	0.46140723004650697	0.5198599256868088	0.45951051960307154	0.5226383905697704	0.46889091779726005	0.5279412869327066
0.46983835423840753	0.545293622765916	0.463215687310901	0.5473105584573312	0.4743371961665294	0.549167806537796	0.45957285256436853	0.5512760508599506	0.4600396182964765	0.5531345287877304
0.46162946559689266	0.5042432588645305	0.4631285224904713	0.5033616170320643	0.47239347794097025	0.5030604968066046	0.45947720240585177	0.5031561427289181	0.46838957541602666	0.5023595792372428
0.4721822152217023	0.5350041906005921	0.4751157658381845	0.5416302477746575	0.4614582455329493	0.5441923643490075	0.4595622822559158	0.5462936180817907	0.4720246455941672	0.5486174278581929
0.46162946559689266	0.5194405847433132	0.4707698624357666	0.52206006043584	0.46725265508081265	0.5243457603051359	0.45951799111553543	0.5272479025923743	0.4599875831557187	0.5324259568619629
0.4720701135616612	0.5467828357843635	0.46321881454261954	0.5400374164919084	0.4672005610083029	0.5357486232581288	0.47088764357289836	0.5294690206175994	0.46705901626485724	0.5274138702640732
0.47037691558848665	0.5138914603903988	0.4631490508640539	0.5166558427868885	0.4712834164942895	0.5193567716848627	0.45950750266799706	0.5245619553953944	0.45998200584934074	0.5319437693046796
0.46162946559689266	0.5103278322628386	0.4758637704164089	0.5131847257614925	0.4614128162973621	0.5160681165884482	0.4672328251109425	0.5184070872105063	0.46928723616263945	0.5208606177238534
0.46162946559689266	0.5350449695173721	0.4631939467441016	0.5440368170918677	0.4614633270633257	0.5509323720687833	0.4595766165361667	0.5531621374037016	0.46003486301596697	0.5544347269251979
