0.5978559186209581	0.5477366015534839	0.6031799608465381	0.5480891662924294	0.6013192772188064	0.5484091009862607	0.6061980000327678	0.548997015021336	0.601761403731553	0.5486643698578771
0.6155330892142843	0.5040147362882148	0.6101604445975306	0.5041393982946264	0.6086866047233076	0.5049669111370437	0.6143802770645941	0.5054204350219365	0.5968973647867585	0.5053072021976889
0.6133353890229639	0.5113151502185371	0.5981259672551064	0.5113970207301922	0.6178952624760454	0.51182254564655	0.6119876194818235	0.5127527464777145	0.6218710365901559	0.5127895755072032
0.630931765445408	0.5600093211600058	0.601935334901461	0.56049030526853	0.605281084611273	0.5607494456313652	0.6106269884579357	0.5610165740991164	0.6059411174344279	0.5605022668880341
0.6052667613880018	0.5067784774214285	0.6180875133551811	0.5074273513356515	0.6131904063005292	0.5089500336801436	0.5945351120045649	0.5091330955111355	0.6063205365574434	0.5086839205919567
0.46117264881563985	0.48357325261042655	0.4688852013089088	0.48393865015769016	0.47501530006713183	0.48384749700826113	0.4735432031772633	0.48336129079549517	0.46132634081355145	0.4835568788207347
0.46117264881563985	0.5239377946896322	0.4682149747890982	0.5247892455899533	0.4602052552719897	0.5258808897914823	0.46989258499970105	0.5263642530012353	0.4614119200011328	0.5258789735900036
0.46117264881563985	0.513958222707924	0.4649208953071077	0.514600475921731	0.46957652298317354	0.5155738553848218	0.4603957846878929	0.515854387030522	0.4666281457366568	0.5155706260534942
0.46740851812519935	0.541337035998748	0.4604086283126907	0.5415788911745085	0.46024054393025027	0.5420579743663688	0.47225326242574733	0.5424734529984995	0.4727544446009835	0.5425112000362411
0.4704628519007175	0.5054148059316153	0.47239395050294825	0.505715489333805	0.4601651186763741	0.5068289474851934	0.4708466458511421	0.5065554546637524	0.4750491677408767	0.5068895142052685
0.46117264881563985	0.4901750559495842	0.46029948645282115	0.49047096865489226	0.46013309330354474	0.49139547701161995	0.46034341305662596	0.4919055185822107	0.4613344155005937	0.4915327609874967
0.46117264881563985	0.5460451224885635	0.46041866124566216	0.5464717743462837	0.4690344634984403	0.5472415916576828	0.46046433856975505	0.5476643104695149	0.46145818431310265	0.5473258431287694
0.46117264881563985	0.48134973035305545	0.4602806781954266	0.48152917050515553	0.46011430035456363	0.48200771100706663	0.4697447799448334	0.4822396092129578	0.4613236200804791	0.4821740747327686
0.4694126826987381	0.54355976633982	0.4604133591098105	0.5439440848823714	0.4697141400923108	0.5447796555496605	0.4710723982975269	0.5451362683829641	0.47569334574035366	0.5449172123515957
0.46117264881563985	0.5190929647334639	0.4674062570284241	0.5203742008025355	0.46020499304695345	0.5205804357434742	0.47491928916037895	0.5199807048503701	0.4678516274281925	0.5205977655456662
0.4660972395766828	0.4921471786684041	0.4654623780680902	0.4926468106713251	0.47189761953256176	0.4936773935776515	0.4603642575074081	0.49190834610706147	0.4613576303797578	0.4931534517626354
0.4730651209237979	0.5440767124499314	0.4604144508146565	0.5443253468206115	0.47355716530511927	0.5449319174220751	0.4604593249591573	0.5448588100652315	0.46144535003294057	0.5448511349236923
0.46117264881563985	0.4828319337239086	0.46485436667405294	0.4838884357303449	0.46655162402756334	0.48384958694463803	0.460327089698569	0.4834254484994497	0.46796226333712504	0.4836130793860367
0.4689020331542692	0.5392653577568354	0.46040419762928503	0.539415031384524	0.47100170811129205	0.5406977630479783	0.4604501771411152	0.5419000861283388	0.4614391816081045	0.5419284530956199
0.46117264881563985	0.5506286007302362	0.46628278177042387	0.5496019350917873	0.4602573558716304	0.5478087538767288	0.46046554425406394	0.5464245572079857	0.47259784687222534	0.5474555335958862
0.4690389933359787	0.5697074922898131	0.46046912954551195	0.5699999160436373	0.47302153960845345	0.5701523081693608	0.4756621341297192	0.5703871253074786	0.4656579835084471	0.5703715606437745
0.46117264881563985	0.5119056498479243	0.47000542534784456	0.5125048357271694	0.46017940157503584	0.5130891667485447	0.4603882624811426	0.5138108120769598	0.47435098737892556	0.5135256443964197
0.46117264881563985	0.5383218654718555	0.46974167672943723	0.538831383313677	0.46023474212412846	0.5397670652527775	0.46045914626605156	0.5399224855265612	0.4614548521991456	0.5400829837432004
0.46117264881563985	0.5329006841791182	0.46801581865783354	0.5333600890721649	0.4702959111370924	0.5338121500672559	0.4604352641114233	0.534417215726464	0.4780590925982708	0.5342028580551489
0.4690458141449008	0.503851262445502	0.4603286782153804	0.5040774397443659	0.4688501156625224	0.504996237392366	0.46037260335881913	0.5058253310110051	0.46137774140628646	0.5052794073997074
0.4702909674903903	0.5371216538425285	0.4603996243566994	0.5372950855388752	0.47360421922519325	0.5394481959627198	0.4719070785873622	0.5404919721874982	0.4656996562484784	0.5406845411079009
0.4677472449603487	0.5107818497684593	0.46034345339591376	0.5115355050857325	0.4601773726810923	0.5128455110830576	0.4671179564159401	0.5135805392283422	0.4613922139952268	0.5135270253938813
0.470929824524778	0.517262922608622	0.4603572799581559	0.5180939394677693	0.4601911595390305	0.5184361739007034	0.4668340787659913	0.5185956630697667	0.4694295352084719	0.5185449544100131
0.46117264881563985	0.5363385012551461	0.4700933681238791	0.5373570279325871	0.4602316405785452	0.5376582306521777	0.4732688570470075	0.5380653229312516	0.4689300093170308	0.5383975393504314
0.4661468224867132	0.5036015751396948	0.4603281517989115	0.5040598097979536	0.46441661167898235	0.5045099966557658	0.47252031356226754	0.5041385362815023	0.4694299136697141	0.504541313047079
0.46117264881563985	0.5578616204628323	0.46044386994346176	0.5585339081901427	0.4683159528438245	0.5595625909038944	0.4717026950071759	0.5594155873941022	0.4614851633902397	0.5594601780054698
0.46117264881563985	0.5156177988519736	0.47230258048055895	0.516261339680028	0.46018731194340573	0.5175830859717817	0.4690814813648491	0.5186980294950662	0.46140035026536197	0.5176671300078952
0.4696918610707508	0.5169879145683436	0.46731434632491176	0.5167954944432771	0.467303698501419	0.5160874134246491	0.4654411576715491	0.5150247523031334	0.46139588791506125	0.5153406373435366
0.46117264881563985	0.5280761795854881	0.4705772803125244	0.5283310032876319	0.46496111527723677	0.5292954942250635	0.4662060817000081	0.5296962348662532	0.4614226669439091	0.529448094088612
0.46117264881563985	0.5041605978109325	0.46855391804049523	0.5049283671007793	0.4601634794418619	0.5063433841949841	0.4667638695535832	0.506406860815158	0.46137840194349966	0.5061005981051352
0.46806270358503127	0.5270015786798615	0.46037805625008027	0.5266407757842579	0.4729754643531673	0.5275527304561564	0.46042171826989414	0.5283981129470513	0.46141791362268897	0.5281056255423795
0.46117264881563985	0.5128629099974849	0.4603478930731724	0.5135154497327564	0.4601815276312489	0.5144644621009762	0.4603933819082119	0.51521386800318	0.47154044327741035	0.5147628317597949
0.46481976817167386	0.4859732462654198	0.4645808282727038	0.4869208721764725	0.4601382694963162	0.48809314691348693	0.460351378832578	0.4888837002057027	0.4716673051663619	0.48836317453202616
0.47520723014100164	0.5014372921525359	0.4680235861844518	0.5023962614773815	0.471827575076429	0.5035434185818283	0.47230300073436765	0.5037136270057129	0.4730723642424242	0.5034775440493577
0.46117264881563985	0.5263684626418439	0.4703697045857919	0.5268883535744556	0.4602096394241215	0.5276937845604985	0.46042313439399774	0.5286831755616912	0.4674523214851278	0.5280274902944556
0.4710076949436943	0.5217616116954825	0.4603668667123553	0.5225243503524961	0.4662880760432952	0.5229336542728349	0.4669743399160485	0.5240351365920249	0.4614090333261205	0.5232562107857314
0.46117264881563985	0.5367872791027749	0.4603989219916978	0.5371428856803555	0.460231190095604	0.5389802706938958	0.46044925632954903	0.5391958209461074	0.4614433011901554	0.5390630600551
0.46117264881563985	0.5586787207603647	0.46842980527514433	0.5591674044694809	0.4602774875736187	0.5592183497041756	0.46791416322545815	0.559440997477572	0.46147591278820294	0.5594465317918289
0.4783165459131044	0.529074852940088	0.46039460478191724	0.5286227683644046	0.46021330942477573	0.5296121791727788	0.47063211248602865	0.5300289137999713	0.46142671590030415	0.5300542224412115
0.47250433004899944	0.512980542966635	0.4603481302332354	0.5135501085742123	0.4601816183048225	0.514956550446203	0.46938787143641003	0.5151245464492883	0.47097700648659957	0.515158564299702
0.4661305730268898	0.5453017872423547	0.46624009898158836	0.545634015309156	0.4723520239144025	0.5465035148627773	0.46778786848859943	0.5467027559233255	0.46145707760961974	0.5467135567897695
0.4739751394594169	0.5359557973606092	0.460397159089334	0.5357697258157863	0.4643124590710642	0.5375871950758351	0.46869030691223956	0.5371761640358256	0.4614396272706435	0.5378739789208776
0.46117264881563985	0.5057686395529885	0.4683829891193195	0.5062652689163999	0.46861550909591704	0.5072773251289711	0.47120498878149314	0.5080347636153316	0.4682551859168165	0.5075069334061298
0.46117264881563985	0.5215794434233918	0.4603664887440115	0.5219430751699987	0.46019924657634215	0.5224537630115467	0.4690462012566715	0.5232286015834394	0.4726769018533571	0.5229233856892684
0.46117264881563985	0.5482846729833473	0.4687625945212872	0.5487492441452082	0.472344994603471	0.5495684278818042	0.4604693666330798	0.5496148877352344	0.4614577844793198	0.5496386443585956
0.46117264881563985	0.5228716625131348	0.47056883917632486	0.5233114113425443	0.4602021146181572	0.5243506620794559	0.47152596182325063	0.5246818945924349	0.4717963969231798	0.5242932024679586
0.46117264881563985	0.5469136189184529	0.46665090661020786	0.5470849390236362	0.4602520725866697	0.5473542196847505	0.47014396596097796	0.547599681620182	0.47167389941355126	0.5478134510155647
0.46117264881563985	0.5405994036723075	0.46040703256601645	0.5390859706691793	0.4602352583759639	0.5402131118555147	0.47166079021488266	0.5386706911975743	0.47010584634642844	0.5384929225121453
0.46117264881563985	0.5091628324889195	0.46034000984157614	0.509634675200082	0.4723248052172433	0.5107083328601489	0.4603898776122966	0.5106431888303785	0.46138492048684326	0.5105857955207546
0.47095207649894566	0.49986922455369415	0.4603201580988932	0.5008634739150014	0.471075642677815	0.5021907719276841	0.46629552787696754	0.5020529483070856	0.4613668449079331	0.5018749980617885
0.46117264881563985	0.5049038995152636	0.4603309135705347	0.5056308343938662	0.46867684535153453	0.5054580540417085	0.46624268469703417	0.5065825975230376	0.46136516796390337	0.5062326020805524
0.46117264881563985	0.5269971324975535	0.4603780060225588	0.5277254550424408	0.4602113427567781	0.5244392160591727	0.460414933554544	0.5224144948199267	0.46139832191755414	0.5239285651273009
0.47020373602592014	0.5101107930261495	0.46034202178298456	0.51053095757317	0.46017525936930487	0.511394834949682	0.4603867335639285	0.5118456795603584	0.46711098744056107	0.5117801877922384
0.47072229671902915	0.5367878373696863	0.4718822840563182	0.5370109701392556	0.4602309452092158	0.5379784865978045	0.46673800525145587	0.5385488454142573	0.4715972891621631	0.5383970070718679
0.46117264881563985	0.5029497820278962	0.46032674052225103	0.5037447558259185	0.46734736767270824	0.5050960760669028	0.460380230340851	0.5049690401529278	0.4613728274333493	0.5050126290588076
0.46117264881563985	0.5669626604471709	0.469898982605244	0.5678875227832765	0.4660721753273568	0.5692587690838052	0.46051551389932427	0.5688285620555645	0.47000757876532945	0.5690026354298423
0.46117264881563985	0.5415365726928669	0.46635886786053204	0.5418583847871526	0.46024109973060023	0.5427921848197362	0.47187923363459217	0.5431652073584547	0.46920523664334385	0.5431623360270902
0.47177694600710096	0.5066304280888682	0.4603345968841926	0.5070487783109952	0.47179097287612487	0.5075753535899181	0.4603867309615729	0.5079750546617884	0.47599466115626327	0.5073129029958912
0.4644642055046093	0.528038687174928	0.46038025801005406	0.5284861920789148	0.47201391822638794	0.5285276994170118	0.4716693581900916	0.52952538208065	0.46142166887805286	0.5290518910656505
0.46117264881563985	0.5225427564751713	0.4728606630353979	0.5245814301379328	0.4678928431997221	0.5229444706944542	0.46041672424105234	0.5183545416406177	0.46880029746758795	0.5197025467516533
0.4694333990781159	0.5269809380686875	0.4715349864334394	0.527362605081192	0.46945998788054083	0.5283486674596758	0.4651228091459801	0.5287876282868401	0.4668562359912809	0.5283808423219105
0.4693383102266213	0.5146389265575697	0.47378953853159744	0.5156182189168075	0.46839323470271776	0.5163410533605208	0.47073068395858225	0.5171976591134817	0.467721160470343	0.5165491046952477
0.4722586423957621	0.5740887990332719	0.47293297745347135	0.5743469844600418	0.46030944304820026	0.5748059919748985	0.470462373074835	0.5755505074050751	0.46151831455983533	0.5750927528348666
0.46117264881563985	0.5482579293680796	0.460423370729062	0.5489032645968343	0.4602559079393861	0.5493155395947366	0.4745153924914717	0.5497500252195732	0.46146407069779993	0.5495097063114105
0.46117264881563985	0.5495747334740873	0.4704387562491819	0.5509597105400678	0.4602602337362027	0.5513580457103555	0.4720609953514026	0.5513741221400695	0.46146967117716814	0.5512395857021184
0.46117264881563985	0.49271853421450845	0.46933226977066017	0.4931004990254011	0.46604965933397463	0.4952929409623133	0.47089347897471684	0.4956188561952713	0.4718272878375406	0.4955971236268259
0.47343322320626324	0.5024176825410561	0.4696655792536271	0.5025823052786998	0.46015853356297814	0.5036609463771166	0.46037218507924843	0.5045258850674391	0.4613734464268333	0.5041186247951704
0.4725078841706722	0.5422775998789571	0.46522813102094523	0.542407711272784	0.46024225526801216	0.5432737379584228	0.4707008702929773	0.5432131310751449	0.46789762509102817	0.5436463443306759
0.46602419158360436	0.5265838394444091	0.4603771542853169	0.5274662663929345	0.46787457018486706	0.5284264237266336	0.472639687646405	0.5287116147946405	0.47135522751940123	0.5290812906063485
0.4668713427663987	0.49908538911252837	0.46712144193193905	0.49973985255348546	0.4731536853780171	0.5009232624532813	0.46036582965790623	0.5019906542157623	0.46136859502159516	0.5011867663700933
0.46797578711022375	0.5250018398325981	0.4603737793004614	0.525847165829279	0.4726300414125958	0.525940915969162	0.4604182273363398	0.5264770059171189	0.47096219964334357	0.5268486328719799
0.46869099237667755	0.5413945828963684	0.4671837201887553	0.5402693077139065	0.4743061025959673	0.5413689225664795	0.4695003356342132	0.5418603403134343	0.461443214159338	0.541291100034736
0.46117264881563985	0.501791132031424	0.47285158878260825	0.5022003001278743	0.46015778065793994	0.5025730352735525	0.4680699917858476	0.5027787848860836	0.4686972459200517	0.5028857358579089
0.46117264881563985	0.49623650200198954	0.4603124079776447	0.4969432128356233	0.4601466947085083	0.4977542326480951	0.46888262590141955	0.49894614702370815	0.47197188494324327	0.4984233790644484
0.46117264881563985	0.5419985891629855	0.4724151566603339	0.5423040614490667	0.4602420481666765	0.5429667874087131	0.46877592679951474	0.5435009147803261	0.47177346005949494	0.5434029806985862
0.46884186031101854	0.5305237061302415	0.46038555947125875	0.5306248901064894	0.4602174999758973	0.5316427244572366	0.46898895058635803	0.5324281407374257	0.4614290778420086	0.5320537047507745
0.4697944624819039	0.5503073288598189	0.46042775402170666	0.5500304499161612	0.46025830118286704	0.5507975453177835	0.46720875355969094	0.5512252840939872	0.46750049786234255	0.5512667814722859
0.46117264881563985	0.48660060616949097	0.46029183822078673	0.485824958892396	0.47142955198561365	0.48681092449771796	0.4603371884426357	0.4861180215795836	0.4613354039617575	0.48563081356102694
0.47500796308915777	0.5237921302907184	0.46037120925593183	0.5237552474543509	0.4602030588731859	0.5249859439026594	0.46995056923115336	0.5250101479340012	0.4721708242186609	0.5249450034259142
0.4706204716191203	0.5433152478551367	0.46799989317247565	0.5436374864659372	0.4721006249672688	0.544396619431587	0.4672701970359721	0.5453958949735228	0.468101680638272	0.5449902669112904
0.46117264881563985	0.5020924312002081	0.4603257832354063	0.50238747090721	0.46015813379451614	0.5030676029760889	0.4753284016845594	0.5035978601107267	0.4613795761720199	0.5034359511613058
0.4703577398966399	0.5031535499187638	0.4726950635207843	0.5030706040204885	0.46916751885928915	0.5036289200002909	0.46737727242916227	0.5038478755762607	0.4613745963087323	0.5048042393526566
0.46117264881563985	0.5384304855221631	0.46040242756101446	0.5388224306914887	0.4681451604057721	0.5401221444529866	0.4604489304519573	0.5411281822924056	0.461437563727854	0.5407708440847027
0.47087482029709304	0.5259710498523791	0.4603758577329293	0.5263190254012138	0.46020845233916424	0.5268116593747938	0.4604201132277015	0.5273832164419869	0.46988924744575183	0.5272260397016302
0.46117264881563985	0.5214938143130022	0.4603663060642717	0.5221753967651468	0.47169208128359363	0.5231565491757886	0.46676364929222813	0.5236613329473149	0.4699768983015495	0.5236321844012279
0.4717752353942832	0.5107197134586865	0.4603433208360972	0.5109687048434827	0.4722896691278599	0.5121032366677744	0.46892482243500155	0.5128345038439593	0.46138437190705944	0.5123528784121372
0.4706087877276123	0.5080137807081482	0.4603375480820675	0.5082981513371657	0.4601705621191674	0.5092925789460255	0.460382180405626	0.5096912929026373	0.46951462860926285	0.5094687560284507
0.4731833072900008	0.5399671310834316	0.4604056947580881	0.5406245422057303	0.46531192626966655	0.5410884640650255	0.46045102333115523	0.5414846490517004	0.4614463666595764	0.5414257692135899
0.46117264881563985	0.5057631514481945	0.4603327095729338	0.5058039513113598	0.47123339271439657	0.5044203653228426	0.46037387630610743	0.5046585959406387	0.4757620806308348	0.5043414613463131
0.468801962706152	0.5256063183396902	0.47203794879696076	0.5259518316817012	0.4602076692641788	0.5270735532868964	0.4604206804482498	0.5276191438551523	0.46691007793963046	0.5271057668263189
0.46117264881563985	0.5128831798425633	0.4678744153868753	0.5135127913556894	0.4711838820502289	0.5140422004287162	0.4603904480581054	0.5146712139446667	0.46139667108076127	0.5143508497250106
0.46798858505122054	0.55882140106054	0.4604458946374625	0.5594586988559879	0.4750345217727842	0.5575714023220714	0.4698308609720574	0.5549905807456121	0.4694034355221188	0.5567119204115769
0.4725178358936062	0.5067778548840177	0.46033491139940563	0.5069666216997303	0.4717143656731338	0.5080689734541779	0.46037744418086285	0.5085213869397797	0.4613838408120804	0.5086453189253861
0.46117264881563985	0.5049075944694711	0.47195070480588547	0.5049929979307071	0.4601743851893639	0.5059317374887075	0.4702416081741256	0.5060365246218255	0.47311587705571356	0.5058244659298146
0.46117264881563985	0.5275780261886758	0.4603792752507857	0.5274258626427764	0.46021077018150364	0.5280639149330735	0.46042282541444024	0.5290190097611299	0.4614121833819071	0.5287146654346894
