0.5998431487408726	0.548305917483391	0.6100079451994016	0.5475754695688744	0.6080296991468357	0.5473034050101724	0.6017275802867972	0.5478046458076462	0.6026749055489309	0.5481022378502014
0.6088191645842269	0.5046106852258516	0.6080481233630921	0.5036773484525009	0.6096914551479207	0.5039792669500192	0.613552801244294	0.5043817463832562	0.5943185287742591	0.5045392253355906
0.608497924856423	0.5111825570135345	0.5995685791349696	0.5107775564807165	0.6147968895518402	0.511015137992503	0.6033397050359602	0.5114584413184966	0.614739106085367	0.5119396618350651
0.6190756613072673	0.5606515825153275	0.6013775641330201	0.5599260797067283	0.6027774036949509	0.5597847090054153	0.6045121190365861	0.5603462137993009	0.6059299709281851	0.560516256828283
0.6085386632759368	0.5079575968470957	0.609233475175484	0.5064946480431771	0.6080156904787156	0.5064175722221013	0.5916736801309904	0.5073861686372424	0.6113681809800328	0.5078806477620097
0.4605474645232997	0.48363396534220165	0.47128159144447107	0.483802276538821	0.4692845390689998	0.48350143554107533	0.471599533943793	0.4839821630962491	0.4608700747413206	0.4834059272297795
0.4605474645232997	0.5254043433486253	0.4729329863130554	0.5243446918128531	0.46149374831219026	0.5240371209040432	0.46738262558351107	0.524309404997661	0.4609555978407552	0.5259467326930912
0.4605474645232997	0.5150011686913752	0.46426918908249587	0.5139779041550994	0.4742635218320548	0.5142766551109766	0.46012796147810264	0.5145523916848624	0.4706083038494503	0.5152069198176168
0.47174783917756247	0.5411775162517323	0.45994722374192104	0.5407706633778169	0.46152831632830027	0.5414857656432153	0.4720574247657704	0.5415503815861604	0.47262502154692426	0.5421740902913947
0.4719321825962598	0.5064197164824781	0.46787751840125485	0.5050768938197416	0.46145318818733416	0.506299902320379	0.46748218897409954	0.5066289233169016	0.47022827621605334	0.5058464138508378
0.4605474645232997	0.4910350579944128	0.45984147510845014	0.4900271912178022	0.46142156730097605	0.49071066139937586	0.46007779656510356	0.49053936066226184	0.4608763762424088	0.4909824826278126
0.4605474645232997	0.5467964581501789	0.4599590451874035	0.5459896402680815	0.46813297037687307	0.546010663322928	0.4601955443268372	0.546382707607826	0.4610003821850257	0.5466492666732253
0.4605474645232997	0.4815381449606798	0.4598214325876926	0.48120857264806643	0.4614029967646159	0.4811950299722518	0.4674930362034861	0.4810217352143165	0.46086449816774266	0.48170784685530155
0.4702542580045721	0.5442097306710192	0.4599535879379964	0.5435447147276485	0.47395870820562874	0.5436309166494083	0.4737234562194726	0.5440015515659363	0.4720233796077755	0.5443589960986263
0.4605474645232997	0.5197197932392407	0.47150862867415416	0.5214158516486714	0.46149169732827267	0.5201652343377845	0.4685433776139348	0.5201331106324654	0.4677064811699947	0.5200965343878956
0.4702846433175711	0.4926539784436012	0.4717247523021813	0.4921314195095599	0.47085576873434554	0.4941116025793909	0.4600975358764115	0.4938923366762721	0.4608910232088296	0.49316502067143186
0.4651536323563159	0.5446503428324079	0.4599545064918572	0.5443333399589132	0.4709626172327736	0.5440803901828958	0.46019142193024326	0.5445058383711072	0.460991312418304	0.5444067990911017
0.4605474645232997	0.4830332288591869	0.4695212955966457	0.48293104897874906	0.4714028753004274	0.4827429776381564	0.4600608352015539	0.48295003653343166	0.4699209731904057	0.48346011835352504
0.47256853433642226	0.5397976416175955	0.45994430160627153	0.5387421038420123	0.46980511540250525	0.53908985470403	0.4601808146858813	0.5398855752528161	0.4609814971684922	0.5401623048488159
0.4605474645232997	0.548739767848834	0.46992949947095125	0.5498255505484921	0.4615472766647433	0.5480066578093686	0.46019977322834316	0.5487650323844637	0.47313749279138817	0.548588692051709
0.47148074555112424	0.5701233362543199	0.4600082464571449	0.5699025433513419	0.4705512744377749	0.5695055809409449	0.46692924831500443	0.5698870274281276	0.4650771163820072	0.570017240621401
0.4605474645232997	0.5129137083651344	0.4716929680228343	0.5119895651358789	0.46146775351471453	0.5120476316005086	0.4601261172750487	0.512538412148088	0.46885278967496796	0.5129218959911793
0.4605474645232997	0.539275640559548	0.46693544322694114	0.5386734287838342	0.46152390169034874	0.538507487960302	0.4601901210398176	0.5392650340970788	0.46098175208718206	0.539440327024573
0.4605474645232997	0.5335250010139899	0.4694911997918759	0.5330608102484904	0.47113752862825614	0.5328578626253189	0.4601675410286516	0.5333271397075424	0.46671572516533827	0.5333535553973585
0.47013089817747455	0.504937106974301	0.4598707956400794	0.5036968700315455	0.4698580856157131	0.5038134107653004	0.4601123738798111	0.504355628264813	0.4609085118701709	0.5047246748871151
0.4721023487016969	0.5382625426679455	0.4599410629266872	0.5365901126964249	0.4677599465732794	0.5370792668208054	0.46934303792230503	0.5378636766754182	0.4677716725857411	0.5382439046739984
0.4669581557353468	0.5121140640873101	0.45988592731462236	0.5109793754804541	0.4614656132936979	0.5106872348201557	0.4739142429344989	0.5115062305126299	0.46092144354017167	0.5118532620282009
0.4664069352597434	0.5178061645782208	0.4598979365065827	0.5175065877187937	0.46147935355354136	0.5179533441982926	0.47516037553219437	0.5182842711591255	0.4658705874491507	0.5186260272157921
0.4605474645232997	0.5366746207909094	0.46698655252633625	0.5364856103657979	0.46151928555417143	0.5367181190531766	0.4697046822008432	0.5371031691408568	0.4719671196746834	0.5370281563172036
0.4660586804623385	0.5041498329694024	0.45986913061960494	0.5039729042585382	0.4697474192274049	0.5035937561720117	0.46541281294930287	0.5040310436179208	0.4683022439206288	0.5041885088526098
0.4605474645232997	0.559250182022314	0.4599853189106665	0.5578087278878577	0.47393823452283584	0.558130777123756	0.4697864130046727	0.5585955540316967	0.4610190174512256	0.5590269180520046
0.4605474645232997	0.5169777939840354	0.46513605473032005	0.5154134217769495	0.4614749576773757	0.5153328390447786	0.46844158236451877	0.5170329789315855	0.4609338582420308	0.5170328050947759
0.4724608376054682	0.5164579236211021	0.47298114410812975	0.5169849563381818	0.47306493460131444	0.5167633588444089	0.4650401151504887	0.5161499308665124	0.46093231680955005	0.5163843490868172
0.4605474645232997	0.5286984683224172	0.4699223308806846	0.5278093612298743	0.47218111149998954	0.5279534037048107	0.4689121438759666	0.5285647598937311	0.4609627814412955	0.5290181347627475
0.4605474645232997	0.5057339042764845	0.4701936774288124	0.5047746230325169	0.4614525927416931	0.5043396867727523	0.46781477617847367	0.5049933025297635	0.4609090494358722	0.5051625509499348
0.4714342366593627	0.5279502864672629	0.45991932797270724	0.5263750913919025	0.46781714360654053	0.5269392995338605	0.46015492219294785	0.5273663157778976	0.46096069505536336	0.5270526541164545
0.4605474645232997	0.5137800840171427	0.45988943189190523	0.512876926794207	0.46146962141313674	0.513123636795439	0.4601255055539664	0.5136995832863573	0.46937976813528376	0.5139959552563309
0.4676131514584625	0.48701391544943107	0.4667927058727251	0.48628038765472464	0.4614220076064345	0.4858367771819352	0.46007938953198013	0.4866086826883439	0.47226081581681734	0.48717342931984603
0.4707342872683404	0.5030846059891958	0.4677276259371313	0.5017950106187137	0.4695881393298496	0.5018597254929096	0.46785044986001284	0.5025978779233864	0.47303085440491405	0.5029492333064379
0.4605474645232997	0.5273787511751108	0.4662749658505737	0.526501791900195	0.4614982912741086	0.526530087734001	0.46016565907781004	0.5273094264612959	0.4719036446186826	0.5274269043096993
0.4678638586713599	0.5226055581356368	0.45990805172539523	0.5219340318178418	0.47011570125810376	0.5219521418064152	0.47086184761984784	0.5224096344690237	0.46095078179846805	0.5232965626135995
0.4605474645232997	0.5379244990449676	0.45994034973815745	0.5366651306863527	0.46151966343725	0.5371628589989085	0.46018923179395366	0.5377039262536685	0.46097557879924483	0.5378950117396556
0.4605474645232997	0.5590457265751175	0.46660880474385186	0.558980941116309	0.46156660254321846	0.5588199154273127	0.4682204133035556	0.5590716697532889	0.46102233683990823	0.5590522049511707
0.46827369568448507	0.5292499257283912	0.45992411286533325	0.5288003631064162	0.4615031510924447	0.5291291111893085	0.47846064747404937	0.5299373537314859	0.4609770395374095	0.5288412499390105
0.4688258834489451	0.5140340752186556	0.4598899885419035	0.5127710887662863	0.46146942647410016	0.5129571679727604	0.4648642905437872	0.5135527522016821	0.4678178451387107	0.5144640375945474
0.46938248879156197	0.5460498699992393	0.467259662524535	0.5453590398244179	0.4728866287709457	0.5453233877004798	0.472568847494479	0.5455149805104984	0.46099825255584176	0.5460378388452336
0.4697567379167998	0.5371451897475243	0.45993873816694664	0.5369175438168515	0.4677980562747271	0.5360492235975566	0.46786670145103243	0.5368382578772034	0.46097310876589426	0.5367639944256266
0.4605474645232997	0.5068185442839481	0.4685237513607439	0.5056717761802217	0.4730304857703596	0.505938517237239	0.4694984833747862	0.5063615737537327	0.47199230427766964	0.5065166305090968
0.4605474645232997	0.5218384853444843	0.459906433365561	0.5209032681100324	0.4614865169228565	0.5211279777689581	0.4651764332104224	0.5217609868344941	0.47073250550433976	0.5219721958909522
0.4605474645232997	0.5489377927459943	0.46809796853851277	0.5483872152332863	0.47019624818961303	0.5484701411752135	0.46020078277133847	0.5488476503772521	0.4610005443002887	0.5489067161480174
0.4605474645232997	0.5238656360733646	0.4713124363930065	0.522870766228448	0.46149064798424705	0.5231043618531791	0.4723051240585391	0.5236481451115931	0.46893009790664514	0.5238318669231403
0.4605474645232997	0.5472314172472517	0.4703904004572641	0.5469689915703037	0.46154129763865753	0.546926741774104	0.4694507545539235	0.5471345827152263	0.466599851711572	0.547208827891385
0.4605474645232997	0.5406940069503476	0.4599461598412791	0.541641659863671	0.46153009575316634	0.5403845402529242	0.46956802457487085	0.5400201094953812	0.4706259859838586	0.5401484775147
0.4605474645232997	0.5101941141313617	0.45988188692834275	0.509574596168903	0.4673221225068872	0.5094632789515008	0.46013201940595005	0.5096444412946778	0.4609169787031872	0.5104009611131655
0.46704645837721226	0.5014735926661412	0.45986349844367574	0.5003272790425972	0.4711028680996934	0.5000391033425363	0.46866373498069247	0.5007259815308737	0.4608991554362087	0.5009523304665128
0.4605474645232997	0.5052986053948139	0.4598715481160566	0.5045244055391462	0.46998308001239575	0.5044485444327932	0.4725897887759591	0.5052967692361677	0.46090778433821805	0.5056067877933561
0.4605474645232997	0.5273795214048368	0.4599180616872373	0.5273961481691184	0.46150007128868714	0.5273032956254426	0.460155677958676	0.5264499460046613	0.4609527840460901	0.5270782099403396
0.474994582369224	0.5110362195319631	0.45988365328281283	0.5103462983872287	0.4614642909177197	0.510199701682983	0.4601192775922888	0.5108355253093433	0.47264002395969507	0.5111446152069195
0.47162175289636754	0.5376414731439834	0.47026171546083556	0.5372112601159422	0.4615208346902883	0.5361510721224039	0.468923714787857	0.5378407154948508	0.47291207686191716	0.5375050685002679
0.4605474645232997	0.5041796677171708	0.4598692077836	0.5032075392726245	0.47162815726747126	0.5023555278795465	0.46011670648820724	0.5038980909885674	0.4609057567552856	0.5042105063107202
0.4605474645232997	0.5681266853798227	0.46919298447734803	0.5670790222383275	0.470507453457441	0.5676291126096276	0.46025155038241633	0.5676136635292802	0.4679993426312043	0.5681657343857678
0.4605474645232997	0.5423178858598254	0.467438878781583	0.5415239695725415	0.46152985820818887	0.5418077119873224	0.4666962383921432	0.5419658316698664	0.4660796045087797	0.5424897972527263
0.46931382929935417	0.5065031903409319	0.4598740895345629	0.5063929875410518	0.4768440529263738	0.50647089926751	0.46011673213539034	0.5070436363068386	0.47188128868198054	0.5065607291764572
0.4682523626702445	0.527674534512567	0.4599187355258004	0.5280263087181514	0.4725310015856963	0.5288174899795479	0.4687956027434176	0.5283272276927641	0.46096247730918666	0.5283653107530973
0.4605474645232997	0.5209378754275712	0.46546668639443	0.523494928451864	0.47121037208444916	0.5244034763795455	0.4601625376148786	0.5244195935264717	0.475020454453171	0.5210449478611874
0.4718286376741664	0.5276840676234413	0.47240924780928734	0.5269660277467376	0.4699007465920345	0.5268168701106526	0.4670243122112962	0.5273575484207038	0.46641941230679157	0.5276666679126725
0.46620305260231537	0.5156807785229153	0.4706113280653456	0.514384747673791	0.46989829044055276	0.5154975327793201	0.46617817574996767	0.514910130639512	0.4741042879317147	0.5153474140265648
0.4648486196761846	0.5748206645463911	0.46814119038724616	0.574129794347415	0.46159852478759783	0.574103954608647	0.46766188682400955	0.5744571815480789	0.4610526584060636	0.5750294220581622
0.4605474645232997	0.5486716139766364	0.45996299013218594	0.5480013022043624	0.4615434925205331	0.5486375531213273	0.46757835502490197	0.5487535850372066	0.4610046898689489	0.5492165251914197
0.4605474645232997	0.550751720166696	0.4699665939612211	0.5501530942497692	0.46154803272928585	0.5499520728613263	0.46480739446328834	0.5505990360408296	0.4610041189410032	0.5504771315944419
0.4605474645232997	0.49454896569019313	0.4679898719697926	0.49309247646407506	0.4707150573856673	0.4927996734907615	0.46465951015295176	0.49360206935338824	0.46800033565124655	0.49419615331477346
0.47053535160369037	0.503100244993336	0.46792672269035046	0.5020210389964287	0.4614467756904122	0.5023006444695672	0.4601152737258491	0.5031199164069559	0.46090324270986205	0.5032370811733177
0.468612679048786	0.5426851220137021	0.4699754044695941	0.5418190921846349	0.46153049106765975	0.5421185726468335	0.4683253453296837	0.5424081006170266	0.47809138342259705	0.5429231707826561
0.4654944310739364	0.5273023073318188	0.45991795021211906	0.5271365417935792	0.4745822260859063	0.5269733653669212	0.46521289124122317	0.5273005063318176	0.4739702048649723	0.5276566432655538
0.4677496560452873	0.4998000762172973	0.47308473021660624	0.4985060211886859	0.4702637690845686	0.4991507341877886	0.46010745830926925	0.4995277042357752	0.4608963707693618	0.4998081756500339
0.4693724356694292	0.525314271524663	0.4599137665358921	0.5243973393335102	0.47854493750075	0.5254426036866121	0.46015173424981143	0.5249748277477905	0.46824588465224715	0.5257633226801157
0.47599216410321654	0.5410401061694124	0.4708768037235821	0.540126417344151	0.4709386587065908	0.541071102990975	0.4684363393193376	0.5413846113538796	0.46099139406397294	0.5416468904507639
0.4605474645232997	0.5025171123246847	0.47223660795958994	0.5020278162181426	0.46144684071613656	0.5020152004172937	0.4646850805125222	0.5023401573229014	0.47180542821211774	0.5023052727511553
0.4605474645232997	0.49732021388522024	0.4598547255193122	0.495724119590694	0.4614335302341925	0.49656295232015374	0.4749817196910949	0.4967349215022626	0.47025828308213086	0.4971375732607694
0.4605474645232997	0.5427964085560437	0.4719519596266485	0.5419835699912223	0.46153082562103737	0.5421422626721447	0.4703871586263495	0.5424837642642694	0.46957661489064767	0.5427433185736115
0.4673746537616185	0.5311403968916109	0.4599260477010496	0.5303448812312849	0.4615063809662445	0.5307448461141614	0.47168516293819823	0.5311315774787315	0.4609623740732447	0.5316126403167963
0.4660672675052747	0.5507220010198395	0.45996733808074136	0.5500567483509732	0.46154781884714785	0.5505124006635409	0.46584575588344734	0.5505935414027865	0.4719767394422302	0.5504471414458167
0.4605474645232997	0.4858952828470048	0.4598304889468011	0.48685846971877605	0.4764682108266671	0.4861347495041366	0.46008360606435467	0.4864190862662376	0.4608675144619809	0.48597585317850583
0.4727106248400606	0.5241392391367331	0.4599112874662362	0.5234106088019961	0.46149179490732606	0.5233632474185472	0.46699088475452777	0.5240241998423923	0.4690194943194672	0.5244107469816272
0.46617377227632	0.543978966267463	0.47495273808986554	0.5432553622872179	0.47346011785684566	0.5433580597304022	0.46744115537753367	0.5434892572051437	0.47171971501452314	0.5438445820713226
0.4605474645232997	0.5027783604117911	0.45986668330861025	0.5022502657901455	0.4614472786205406	0.5019934082562192	0.4693666043252821	0.5023220009054046	0.46090995295035253	0.5027858055836761
0.47158388876131146	0.5034012297049044	0.47227776207723327	0.5025200314042997	0.4758554038937619	0.5030852427298338	0.46405632494671356	0.5040654131857913	0.46090929706164013	0.5034742617199728
0.4605474645232997	0.5390757664252814	0.45994277862792654	0.5384761163685658	0.47601470441290633	0.5384808822861404	0.4601795176218165	0.5390223375650257	0.46097965708255983	0.5395087426193191
0.4654106009071377	0.5263973658866706	0.4599160516365766	0.5253286713950271	0.4614958324572286	0.5257948109622868	0.4601524844467	0.5262323919057105	0.4679728735073957	0.526305940229447
0.4605474645232997	0.5230642709272573	0.4599090300866721	0.5219533167216239	0.4711369523336108	0.5216892293417051	0.46989106160268457	0.5228801860634225	0.4723564620346016	0.5227089992085617
0.4680486410698374	0.511511496958117	0.4598846560208993	0.5108093586861434	0.4715640421963527	0.5112321696613255	0.4703311379318185	0.5111817735251796	0.4609281700208546	0.5114704505361897
0.4657126903908894	0.5085232661402608	0.4598783514705348	0.5080427995467501	0.46145944185282006	0.508060737222306	0.4601147216202736	0.5080850064963526	0.46879047939070007	0.5085146608893945
0.47113871481854797	0.5406336924493266	0.45994606546701317	0.5400012026313293	0.47157843623231577	0.5400978949987791	0.4601829617336314	0.5405451123822521	0.46098794632206064	0.5405092928483641
0.4605474645232997	0.5058304537689231	0.45987260241823547	0.5053656071463875	0.47217464956038624	0.5051443438332425	0.46012145409333866	0.5065770617652193	0.468683052889751	0.5053432851152986
0.465753657126753	0.5264603036675335	0.46598133648537793	0.525254376646657	0.4614956654705009	0.5257349296491839	0.46015235690028267	0.5262372190560193	0.4666916443058068	0.5267592375267816
0.4605474645232997	0.5136287781494472	0.46573667873910785	0.51273644057222	0.4746990188018927	0.5127322397835576	0.46012766977321246	0.5132108046149628	0.46092865105411335	0.5136357974934422
0.46927187589444286	0.5587140076644294	0.4599841869130777	0.5582936988959142	0.4689617476759814	0.558229113454136	0.4711677772068114	0.5588509759928515	0.4677288986584742	0.5588941925294634
0.4713590489074077	0.5073399608181802	0.45987585494392824	0.506481101984011	0.4708696298412004	0.5067285857715687	0.4601148360139825	0.5069806240132236	0.46091577409694856	0.5076305398801308
0.4605474645232997	0.5054980342573948	0.46657297925980695	0.504820194257213	0.4614590573299503	0.5049106105601016	0.46745110080053043	0.5053575267449941	0.46898673912085515	0.5055069415088163
0.4605474645232997	0.5277181071632789	0.45991882745406765	0.5264020161521641	0.46149808124656266	0.5274263973130877	0.46015595970534057	0.5273032155270755	0.4609546980504924	0.5286010547287661
