0.6166466658471498	0.5718225318018404	0.6149260309620738	0.5859335696672009	0.6040500917628039	0.5830947406052538	0.5950909382172992	0.5847768094419242	0.6039084983876136	0.5869014379468582
0.5989575245544219	0.5654599714352018	0.6102628345293785	0.5718350294837784	0.6059124429230616	0.5695140361861948	0.6145629728166145	0.5700633171111028	0.6028083412891097	0.57462417287409
0.6159765142492514	0.529197032064436	0.616205598646441	0.5319678048049636	0.6081250501186759	0.5263808553593603	0.6166534535649906	0.5289525759551965	0.6056847515884941	0.5410590628299787
0.598445423876827	0.5794882591028155	0.6080643501911492	0.5479868580678915	0.5986067588842958	0.5567735384796667	0.6114305315585117	0.5497326591123142	0.6029800465708324	0.5477548370084218
0.6054918133375856	0.5829942430676341	0.5990951785826147	0.5911898358414066	0.605898999711673	0.5916749745700195	0.602549685356204	0.5913650604778016	0.6165347280976319	0.5881522355258876
0.46888016080629147	0.5634164874100008	0.46914992428002567	0.5667188820082117	0.475185592319984	0.5652860577623086	0.46043864206139895	0.5659044340095213	0.47999069618392715	0.5683418438198308
0.4699289753493667	0.5806068308439851	0.48132664738870085	0.5690140531956358	0.4712912877200339	0.5692337473368948	0.46045035488436437	0.5669226247944849	0.4609461667576205	0.5743322746987962
0.46082135516677847	0.5493952708245585	0.4685635027716081	0.534068015829495	0.46810896780988487	0.5321680644713541	0.460370568020549	0.532472044646868	0.4660487067174153	0.5378592893097855
0.47143876808237506	0.5640131556855869	0.47252740195055754	0.5688206282472135	0.4707779855188156	0.5660021763262565	0.46899330405993467	0.5670839605329442	0.46989210832840744	0.5745605094151965
0.47263880612961773	0.5582844246336957	0.480389812276135	0.557172910345122	0.470200086722734	0.5473571285947364	0.4604058070397348	0.5502662698501214	0.47634144140280094	0.5699655750413095
0.4670035709359091	0.5445021538584974	0.46366005498973795	0.5573331854159453	0.4618334515770663	0.5535598056685326	0.46903385157318633	0.5550668367073105	0.4655093529825155	0.5612702829697584
0.46082135516677847	0.5583508198465631	0.4636888252262622	0.5704760344526806	0.4682042976978855	0.5696799692307548	0.4604478477822406	0.5700023467599293	0.4609515449414934	0.5714470107636808
0.47239716694551886	0.5566398272323465	0.47460058498830354	0.5791783654087999	0.4618782776369701	0.5729454640972022	0.47348233177306015	0.5770410513008386	0.47409898110633547	0.5836077561236835
0.47146308615134735	0.559197862416973	0.47081502462505126	0.5834312542883714	0.4618869759278535	0.5764737893588898	0.4604616976091745	0.5791582866338852	0.46097137756097084	0.5913844585086342
0.46082135516677847	0.5735585449540612	0.4637207804544807	0.5755751879892591	0.4704586450952539	0.5716300468323051	0.4678075118433875	0.5734750399275567	0.4688451305660872	0.5735873868371211
0.4709447912655013	0.5565215593741347	0.47370092605619635	0.5784112042038007	0.47036435381435293	0.5687772043153101	0.46044699202859074	0.5727390291149772	0.46095781229402166	0.5860583723406444
0.46082135516677847	0.5779331862359536	0.4637298476272425	0.582119762176371	0.46188548554682857	0.5802764229760297	0.4759087889184823	0.5811414581895104	0.4772860199354096	0.5751806916564439
0.47388835670714513	0.5676199733246805	0.46370845358679125	0.5896045553783783	0.4619008315844293	0.5829907660873251	0.4697943702511471	0.5865987059134273	0.4697337219897827	0.587715579410283
0.46082135516677847	0.5863269570633777	0.4637476075729891	0.5758955270836273	0.4713897535601613	0.5787785882190225	0.4604689241796799	0.5758787194891002	0.46096520349641945	0.5760463204836115
0.46082135516677847	0.5577251016241158	0.47030965445004425	0.5529994639538564	0.472723657051485	0.5437150259526045	0.4603980671132981	0.5445118534345014	0.47318779085966434	0.5652745060698428
0.46082135516677847	0.5536064320102784	0.4727828938999613	0.5631704318151728	0.46574844526906867	0.5592624380450251	0.4604265314251382	0.5609939849751281	0.4609320316069051	0.5666942762216368
0.46082135516677847	0.5923627633299418	0.4637596228962409	0.5771974313183338	0.46926019890938725	0.5848897305084778	0.4674762336910635	0.5821684532938451	0.4661438395783656	0.5692290964518568
0.4715227115612536	0.579346728752538	0.4692319266240357	0.5778707251593556	0.4783380297263617	0.5790806586572956	0.46827152602932387	0.5781512424867825	0.46096922532750123	0.5782547088712792
0.46082135516677847	0.5752601661176966	0.4637240006901529	0.5908957501883592	0.46190251823555956	0.5863457338787708	0.460482193519632	0.587934007281732	0.46099051038216615	0.5919703486299119
0.4697162672716165	0.5516611659342772	0.47444526666694675	0.5815037513591228	0.4744220225674677	0.5714965741547557	0.4707854455745589	0.577100520168763	0.47046023639438	0.5885016065227648
0.46082135516677847	0.58566938065758	0.4716918915023731	0.5582474351026252	0.46840985776042027	0.565387516488163	0.4650129572539389	0.5598500862132779	0.4728685962201808	0.5495274784504507
0.4747331599472321	0.5736991898191443	0.47048903895301314	0.5782253399475833	0.4618772083838966	0.575692592496677	0.47032655735166823	0.5764384940344471	0.46096584200155466	0.5820440971679381
0.46082135516677847	0.5308174736119722	0.4636316931031616	0.5551861152825108	0.4716645860863552	0.5447143664174403	0.47058469506626	0.5490436321619583	0.46778330198442686	0.566991108112803
0.4687233994151792	0.5459176322735847	0.47464005840635015	0.5649293599562513	0.465272580153303	0.5580109505300527	0.4604251575948085	0.5620785137577298	0.46817896747173987	0.5561028403981628
0.4724398028342147	0.5721049176024106	0.4724721025437565	0.5694325858639886	0.47617764442211896	0.5695234796566251	0.4678184557890948	0.5695284583084539	0.47245939554382094	0.5710635569294312
0.4702012088531502	0.557458485313727	0.4636869567428621	0.5639316482168953	0.4654884545491577	0.5632828261041541	0.4686916852847514	0.5627523645252219	0.460935788847341	0.5638587036973446
0.4712174217458949	0.5811520771997845	0.4637368116158939	0.5515850096693198	0.46878913154580315	0.5655418312132688	0.46873918506297824	0.5562224316865291	0.4609224759328441	0.5462661308657464
0.4697668447153318	0.5530518698163929	0.47364511438981066	0.5361880292527161	0.470997170822101	0.5348233580187453	0.46872140101531684	0.5351044014638677	0.46087575953559384	0.5378012152345505
0.4684749899999063	0.5571752593272837	0.47316776352366235	0.5629024874411074	0.4746310491334296	0.5613173182411837	0.46567731158215186	0.5638502057478125	0.47169757543331303	0.5694625777324142
0.4721737054348185	0.5686486659866451	0.46371022243468685	0.5705392900625504	0.4712065372431906	0.5707286284053025	0.4604498679800682	0.5706891311535479	0.47389279057131634	0.5710721775590184
0.4696468505851287	0.5699160955667392	0.4637128608575168	0.5727356662481069	0.4618649308693805	0.5735550171797807	0.4604557240538077	0.5727733706437063	0.4687456858591085	0.5737166992863888
0.4707845514942439	0.5652175912230843	0.47376688318484894	0.5568954547858385	0.4618323925348293	0.556091245769141	0.4725605107981294	0.5554882832403023	0.4674587641322768	0.5601320466974516
0.46082135516677847	0.5649680005441828	0.4637032646965904	0.5449542336202569	0.46849526856878165	0.5451803731225713	0.46864298739004506	0.5437885522217997	0.46089577167495527	0.5581277961395344
0.46082135516677847	0.5738797695407416	0.47141190500608915	0.5765007314022729	0.4684454066019567	0.5735977838233733	0.469898155352592	0.5742117298071191	0.4696153168572517	0.5725987003779627
0.46590644437018014	0.5514240835609605	0.4739566964495381	0.561644634022301	0.4618423194800703	0.5576404953158307	0.4604231659381381	0.5594786349727825	0.46092872896895076	0.5653398149812501
0.46082135516677847	0.5734112536759782	0.4637207755477752	0.5504741405303977	0.46182182016319195	0.5559744059449508	0.4604221730328153	0.5517645063406406	0.4715054514282378	0.5592771503111691
0.4708796560482986	0.5618647352162611	0.4636961114333983	0.5662170384077548	0.4618514539057105	0.5633229046107786	0.4604345481468374	0.5646952919900737	0.47539670804291606	0.570291210281213
0.4689222164288389	0.5555174242468051	0.47142181490649976	0.5634908779826545	0.46587301274785464	0.5592130362901359	0.4604262004796015	0.5616738673358094	0.4609334367744562	0.56603978431983
0.4706806515035333	0.5715817215385274	0.471312259439341	0.5737084078301355	0.4618671372028132	0.5738194311071413	0.46969671346837627	0.5726427520183439	0.46804517894784275	0.572591509254255
0.46082135516677847	0.5636776603156983	0.4716972352346379	0.5692357842039387	0.4618576826111607	0.5665664896423063	0.46044124584325913	0.5677988712251425	0.4609466976469748	0.5731952949435816
0.46082135516677847	0.5714938248805904	0.46371615664313864	0.5847116656239568	0.46188963427374896	0.5805492204437834	0.4604701219960093	0.5826972027484105	0.4683760632440461	0.5867078453867282
0.46082135516677847	0.5276578104663127	0.4730708891323757	0.5474656176281419	0.46814517274779205	0.5384228845309096	0.46038360729699485	0.5426155032437525	0.472066719436882	0.559374174670885
0.4686861014218432	0.5563924315628822	0.463684780770384	0.536615564569719	0.4617906272376109	0.5354800631623703	0.4704176506629261	0.5347137371532081	0.4693190373451496	0.539025217467431
0.4730052208400168	0.5785689994316611	0.48406886476107147	0.5837962541728282	0.4742497567474441	0.5815204223273229	0.4604727492203798	0.582022115770732	0.46097781624037465	0.586865394785473
0.47853718451507593	0.5692271842061595	0.4762643215485017	0.5693331895236685	0.4744131844216302	0.5667620449927573	0.4714478341349383	0.5682595380453588	0.4609479324559498	0.5740482359933918
0.47331092079930587	0.5699301316553174	0.4756325382939145	0.5655714807573802	0.4696274740871762	0.564923100346756	0.46043792874334966	0.5648726219794368	0.46637452245884725	0.5677860208008672
0.46082135516677847	0.5762568982424844	0.46372607205146477	0.5874860152975387	0.4697397456546504	0.58708289976793	0.4699226422054191	0.5875899016056944	0.4733818656389579	0.5871406061364594
0.46082135516677847	0.5504660240362012	0.46815373880324007	0.5819265789636004	0.4670392383428813	0.573223391809545	0.46045614159093834	0.578488252134419	0.4714794075924352	0.5900093452165649
0.46082135516677847	0.5474293595652566	0.4636661038626944	0.5479823690565204	0.47553726764904225	0.5450458091537295	0.4603970800778451	0.5469038986257355	0.4609013397505353	0.5540079916477253
0.46082135516677847	0.5484486328927661	0.4636695238656314	0.5590940031097731	0.4671263881743134	0.5496057933806345	0.46692709606197896	0.5548539426391418	0.4609194520069003	0.56601958746684
0.46082135516677847	0.5732134702254409	0.4637201240021489	0.5728842065237747	0.4722199427088324	0.5759417653205418	0.47255736326084224	0.5778394088006837	0.4776482872111086	0.5605572350073068
0.46082135516677847	0.5640375031014744	0.46370109946410165	0.577907722025301	0.46187737397928375	0.5837889499389729	0.46047857142423915	0.5862664596581135	0.4700482931080244	0.5705449244643777
0.4681501903099237	0.5691487861322992	0.47001065149963633	0.5728422388489024	0.47327134838287854	0.5661299147686555	0.4659003320541583	0.567206481036828	0.4609466914227967	0.5786326769691137
0.47015311853661373	0.5574494091506692	0.4721783252504819	0.5791050893919821	0.4618781404494796	0.5729979989259599	0.4604546370300104	0.5770812328859218	0.46916245245631716	0.5843781707374338
0.4686537696865014	0.5587804111032181	0.46368976096173903	0.5635897227239	0.46184630948556743	0.5602135959174386	0.4707234300146669	0.5611895713540831	0.4609324359969905	0.5671331535603696
0.4734262247877389	0.5777955950145416	0.4637292838999609	0.5745081381000118	0.4618686261332922	0.5757084018475307	0.4759893500088492	0.5749931529754719	0.46096231908329727	0.5747041831030569
0.4790933897349526	0.5582183324069311	0.46368852056397114	0.5710994711837164	0.48430868175012287	0.5653161524841173	0.4785866847719611	0.5684529045279957	0.46094809525812364	0.577338392802759
0.4696981841384529	0.5419505827656094	0.4636560297947511	0.5531305436734203	0.4717403554606889	0.5453303079710212	0.4603976886017918	0.5492198897617253	0.46090638366052433	0.5563799906957321
0.4688082800753633	0.5468830795197412	0.4715456949849288	0.5602092078178974	0.46986361388879844	0.5557325470952043	0.46041924080122487	0.557483361861436	0.46854069532407094	0.5634698880061397
0.46082135516677847	0.565306761573428	0.4637032577091498	0.5565420434604504	0.46183141019726387	0.5561265478935357	0.4604195971051484	0.557192691522579	0.4693191805855375	0.5583118864437948
0.46082135516677847	0.5600833117103304	0.4636924515487583	0.5390313787653149	0.4672716972526327	0.5396527022967443	0.4603860090972508	0.5396004172095414	0.4700628947097312	0.5377090061011506
0.46082135516677847	0.5740033667756734	0.4637213808233069	0.592748726877095	0.4724883205431838	0.5926400674582335	0.4604951003844999	0.5931657011495888	0.4610018303866186	0.5928864384959033
0.47410765328660803	0.5628350776660992	0.4636983093844915	0.5662878095740385	0.469687063369459	0.5634323730522206	0.4604354571861412	0.564833548506132	0.4753476970585877	0.5706722523214576
0.46082135516677847	0.5623386465764941	0.47310376121017256	0.5629415891771447	0.47284131048560635	0.5616109039703817	0.4730868313086518	0.5619528457460463	0.4735141900084737	0.5688317610588115
0.46082135516677847	0.556023272548805	0.4636839602893158	0.5644573485436932	0.47292159221769453	0.5584655870407914	0.46529426164884796	0.5615634874736234	0.4609331866628971	0.5698223861203667
0.4757656338484988	0.551824058178148	0.47601464346407973	0.571161739356056	0.4740326427738919	0.5638631626342245	0.4774375009158325	0.5671576757999375	0.4680138084907386	0.5794501575662018
0.46082135516677847	0.5548625868688021	0.4636818557060503	0.5725690957530432	0.46186562685709837	0.5632536789807019	0.4695685123563465	0.5681181724443161	0.46094779244108924	0.5810660567060547
0.4675208289376252	0.5586381308944078	0.4738745910090607	0.5587888540172579	0.4618362663050397	0.5576498725130301	0.47193975034221625	0.5592129890012976	0.4694498188014038	0.5599630523488427
0.4685164996127007	0.5909038261648047	0.4637570114632945	0.5688206581277566	0.4618589886665275	0.5859811021287492	0.4604833091655583	0.5757101279307614	0.46096470141626955	0.562391394343801
0.46082135516677847	0.5696975181747801	0.4839084709157673	0.5725342867087003	0.4756109994085653	0.5683070062196576	0.4749888796490722	0.5709039783848172	0.47600362334632335	0.5775184228454219
0.46082135516677847	0.5574524126362226	0.4636869859090146	0.5632575770598385	0.46184563443537396	0.5597265572108961	0.4698614055083062	0.5610440443978981	0.47051923775568355	0.566793013116588
0.46082135516677847	0.5894193575591099	0.4637534843390493	0.5630735226924847	0.469232483483069	0.5707386882907913	0.467261856145463	0.5665884912735101	0.47310417401921395	0.5552240585673259
0.46082135516677847	0.5617123890036103	0.4771262678770262	0.5786171303980858	0.47375979615589503	0.5732535640890924	0.46858236044352125	0.576876527373265	0.4609664181679781	0.5830480545635042
0.478006493143595	0.5654028325636222	0.4637034768261697	0.5757097089202381	0.46187104049042604	0.5708880858098216	0.46922313237988555	0.5729083534585045	0.48026518689199676	0.5793376313101407
0.4660610434006193	0.5290095458638037	0.4755625454095642	0.5443334669482065	0.4722078208847798	0.535728991122008	0.4603781796520565	0.540456438173915	0.4671946641617098	0.5544360233535265
0.4758498264259458	0.554427944666277	0.4688095969549095	0.5727932775290232	0.46186509743282844	0.5647028672394534	0.4748640082492617	0.5689968892545775	0.4609492872731897	0.5784270623105428
0.46082135516677847	0.5736812854522568	0.4752897599116442	0.554297691026362	0.4618291502294016	0.5696905105598756	0.46920213600207106	0.5643380738473712	0.47245343875231693	0.5519047609122253
0.46082135516677847	0.5441204615017013	0.4636605503030612	0.5624771818308778	0.461848263045014	0.5512962775765496	0.46041500054110857	0.5556100628910969	0.4609202048143192	0.5710337296023273
0.46082135516677847	0.5661092235480648	0.4758752826073402	0.5702397356891448	0.47706738524627157	0.5649407346972019	0.4604423762368668	0.5675955375027842	0.4702129315654977	0.5756620904064251
0.46082135516677847	0.5740669916108205	0.4785031773736178	0.5714390522553522	0.4618627440086962	0.5699046766705969	0.4604486795065152	0.5705649356168795	0.4707186888965997	0.5749024304189012
0.4695243382400821	0.557557759738067	0.47687866448871447	0.5576965445596016	0.46183853839670763	0.5502462930005583	0.46884718303607903	0.5544264999813656	0.47001257195927926	0.5657620323077934
0.4778474772955729	0.5696753992596573	0.4833269142049318	0.5725247174106913	0.461869018904309	0.570768920699323	0.4784425604671969	0.5714778399490641	0.46095478104748666	0.5771893314366757
0.47314788414025916	0.5759504284765766	0.4832743199230533	0.5756475143097528	0.4767535595980814	0.5751880565334282	0.46045956175682046	0.5759652726235843	0.4723550128402607	0.5788198930466987
0.4708559600655856	0.5623777348296712	0.47181991430259096	0.5700312790217505	0.461860203014705	0.5657208764799834	0.4657963348424191	0.5671328779326156	0.46958097914366886	0.5762389346280863
0.47073759632165024	0.5547361659972962	0.46368240680597334	0.5681247353000438	0.46887457166404245	0.5582662600697846	0.47092612250902444	0.5632008637578642	0.46977678524006	0.5733501206472646
0.46859849065532017	0.584391327932415	0.46374302213682606	0.5891922945683011	0.47471831753028426	0.5883477937135022	0.47261522633807934	0.589150230810848	0.4609931283367211	0.5870668831950868
0.47724832100995346	0.5651520003834956	0.4637031108500698	0.5621821428654868	0.4723618556946962	0.5594091479873337	0.46042708114922204	0.5610467340147165	0.4609321945301361	0.5668764030481257
0.46082135516677847	0.571106722183778	0.46371578352275694	0.5666152854986131	0.4760485063600439	0.5726145527180743	0.4680506339905837	0.5728586017271597	0.47088309742792445	0.5516685036033756
0.46082135516677847	0.5299303633641271	0.46362972807067865	0.5375236728126482	0.4617926135360499	0.5321284579667406	0.47302753407605	0.5341033320183451	0.4608736088422443	0.5446927888689436
0.46758011574876995	0.5718795208680578	0.4637169639385167	0.5902440183455107	0.47060228757588146	0.5824706736672605	0.4604782707954649	0.5874512913961191	0.4704895175674428	0.5912519554017966
0.47552859966975525	0.5647127836140232	0.4749476662630136	0.5915855479544916	0.4619037973625607	0.5845563762722376	0.46966452856180074	0.589361618343186	0.4609935626061662	0.5954594908560308
0.4713803397356096	0.5596645595729445	0.47602769091275837	0.574501752012309	0.4767269832646536	0.5678432471792157	0.47110290962383133	0.5710217828470421	0.4609540945587833	0.5834634985876196
0.47087397277599335	0.5541540109604267	0.4721719435065471	0.5749023007354941	0.4715487498155395	0.5679747084324952	0.46044426806708344	0.5714501682105746	0.4740959880432682	0.5820191162114322
0.46082135516677847	0.5596724007988945	0.46369154756047254	0.5745648277884298	0.47173452097046537	0.5683448270948117	0.4714494724801256	0.5724986075876073	0.47613099875374554	0.5790620688279701
0.46082135516677847	0.5419585990190592	0.47248711992261505	0.5693547847916847	0.47516330152509395	0.5591673711838439	0.4604269282153184	0.5645310242119992	0.46093989394681734	0.5783003223890678
