273.61110011535425
272.54362453921544
273.23774143739473
274.01989834786946
274.1538674033149
274.137483259519
272.4794970876118
273.2502044676635
274.1583365119729
273.0920245601393
274.7221537854411
273.2187948117457
273.4107314623219
277.42057759313866
273.4579670329671
273.3580130964926
272.61851531447275
268.1827672327671
273.87848119568355
275.4928118330061
273.37050546448086
273.1701693388579
273.14890049676353
273.34819147975315
273.08194083998194
273.2802935750381
262.8125208587709
273.2533504473668
275.3991971916972
273.26468357669734
273.27948363680116
272.80145279451733
273.0948949138293
273.3798315520096
273.10725274725274
273.36319012494357
274.3841543766578
273.9968582932219
273.3417233496431
273.23885996517146
273.68588022986194
160.55109315103522
273.29649534771795
273.27287550805363
273.78056462874144
274.3180986708991
273.7860989010989
273.28094007907276
273.66292942311463
273.5298294601574
273.40201339756135
273.313944034108
273.41983817552307
265.08750172532774
274.4546162182645
274.23303316353525
206.53821250093245
273.26141325887227
273.74102236402456
273.11258241758236
273.2129056586732
274.5526736287995
273.73175824175826
273.34686963858815
273.9633484162896
273.2997242720783
273.3542764066534
272.9767234683125
273.12615384615384
273.49833541287705
273.0958229748394
273.48063329820866
273.4352032214361
273.2699462581214
273.028436918273
274.2798919312732
274.3859937855248
273.1509094457455
271.74337940410106
273.28741758241756
272.8494934846574
273.2528322224224
274.30402309811404
273.1768678316219
273.7392307692308
274.2763572565366
273.84362569342625
273.14377049180325
269.00058241758245
273.23555155227285
273.25302197802193
274.34192974611597
273.3177731092436
273.2730769230769
273.2109853981635
273.16074273671535
274.1958019073437
273.2757041999097
273.3816593406594
273.9071752664345
273.8530769230769
