0.85993816448156	0.5684384055674558
0.4107961363183183	0.49633981334095295
0.46651939280476307	0.5589039728314558
0.3156450648876833	0.43978948072326535
0.4491694649732484	0.38339984370828123
0.5129203293009974	0.6557326329332512
0.4668845415220672	0.40945840115863724
0.48017154220326097	0.2619677951946387
0.36251816719818286	0.6722337237121562
0.5650664538826714	0.7143639104216737
0.48598415590817395	0.19209393422629994
0.5200394187088945	0.4557320874315114
0.29022997019558483	0.6008114633695292
0.4709469915511809	0.407623565539019
0.47835467777472557	0.41927620772687846
0.4649229121547439	0.5198071591299643
0.4703921440833992	0.724631275391115
0.4735193737648457	0.40696151087436677
0.6049825218048526	0.6648906884191705
0.4590423494932044	0.48668591377396636
0.45339004111763936	0.6220323240052176
0.48271001496489424	0.5256937676613468
0.4777518247774904	0.4700065494343309
0.42457996467754505	0.5728023334728188
0.47619628151579385	0.5238078205849234
0.3469906504446093	0.4747512126042009
0.4612883173943686	0.7658271106348741
0.6975373786717048	0.6030784237071293
0.4808438398800971	0.46542908307361647
0.4757043484372747	0.3660755388891063
0.4407594739081721	0.8462605007768371
0.48840407009712716	0.2720842825588388
0.46411386480963124	0.7163647884800962
0.47137361748246376	0.8318085776908315
0.4705939343059646	0.6820703353309859
0.47955590020789046	0.2748637774207006
0.48087101839669044	0.5015074249909214
0.3539722586359347	0.47047986443531953
0.4617979999240477	0.23553635514241034
0.4758108953687503	0.48108902823890665
0.47694513431815283	0.5013205786532149
0.47758004776029245	0.5749955819815826
0.480433349049499	0.5450953804193445
0.49180540846641185	0.301748171595964
0.4456549524138775	0.6315913485253746
0.4878689294506913	0.6266781736791109
0.5015056294939724	0.64501777896811
0.4583886287758688	0.5188314318677161
0.8422538418497764	0.5315468161880522
0.5374922333486202	0.3266734715701054
0.4744207497126791	0.7185864697638
0.5588259928447329	0.668340954568735
0.481998316434081	0.471003781969806
0.4909521095160049	0.35707249540597785
0.48946790819671615	0.4701392001026662
0.4677541212341641	0.6833282078633632
0.4724557573345441	0.34977483736214626
0.4757046453451578	0.2884811634436001
0.5298093074935966	0.589699732851789
0.6291867041350163	0.3795196227381952
0.46348962402892135	0.3000581187453613
0.45179654071456	0.4777838765435223
0.4490514172172276	0.6239736108856095
0.47088070921229014	0.614189453829985
0.4775653464117938	0.5982021089995879
0.5061281255825442	0.7502986307000987
0.4754265160993711	0.5690058397675714
0.4672379907864721	0.4971850614861129
0.4609398985605235	0.6646784985610513
0.472111921273225	0.7268931858331873
0.4827368354510995	0.7065369936509004
0.4812744372799703	0.47040163972227705
0.4694604932465143	0.6287609591476031
0.4721950922469495	0.8036766823441002
0.4784167395585062	0.501285252222463
0.48528519389945296	0.45368743785211113
0.48591690327267545	0.6007398631639502
0.4375304710514214	0.5742446094707914
0.5248756792445519	0.595717533624722
0.46811507044322903	0.5932285053427996
0.4751479137839205	0.69969108577283
0.49016557904445174	0.319978006398762
0.4790401609189559	0.49285239372892453
0.4719463017017201	0.6078490393828895
0.4769420656036256	0.4568585971705671
0.46438006735455367	0.2298081741540098
0.4661376121596498	0.6804534213840748
0.45359933289239623	0.4272158921996702
0.48116279775340337	0.2914455936451249
0.47432929985936834	0.415631992642314
0.4711821839249575	0.6175490668356384
0.4672395366565926	0.492271012781412
0.4686081517215341	0.6401281152603117
0.3441807146568838	0.3427430465817293
0.47677161016316333	0.5804948858991749
0.4800741359533791	0.43061662707601817
0.48087405419595597	0.6412297371559545
0.5014446980063545	0.4966228366966698
0.4140253222634594	0.45422701408261945
0.5454319656076223	0.5574821853603673
0.48270477471676826	0.5563361357016774
0.4715761030682251	0.5444243820900146
0.25318872006797394	0.34522696580296003
0.4753487200136781	0.599431207422905
0.4543025781060103	0.3740055368305764
0.47270376275123177	0.8046635452966195
0.46980362418744614	0.5131926569878811
0.47538344598192744	0.3895325649021831
0.47566646344930985	0.5216320434795294
0.3752909288999619	0.5898907425727233
0.47173278793307094	0.3320420156444308
0.4837984873454266	0.4168083880346122
0.4764484745578231	0.676605311902904
0.4801770717296269	0.4803563525249797
0.47991431646025956	0.46242987072613506
0.5149633346385528	0.3479547444566411
0.47103733753836136	0.6771916406113878
0.6357868419690478	0.5153489604515387
0.51237196338594	0.45234112584445985
0.4671487797927107	0.5755180283930301
0.4915196403187659	0.7004459700797206
0.49182037476697804	0.7180594001083324
0.47578797038281734	0.527518159518686
0.4740600787348488	0.6940101761086187
0.48388827917095284	0.6560125232858324
0.5496328956167001	0.4799810306196566
0.4817997003503921	0.5027369925906578
0.48901235484577804	0.6940407239544923
0.4811684993864652	0.5222139417447814
0.6595122931480475	0.5762188058178138
0.49569593781973154	0.617477509835073
0.48674507798499056	0.5323715698914024
0.4772977930582465	0.419906970644006
0.46356140726064415	0.5235754012377735
0.4804068444656149	0.6346505152221477
0.4817655210187291	0.4096131068581434
0.4965685748838563	0.594151512591909
0.48262859636535727	0.5876581701666966
0.4765909315963925	0.3877621037643166
0.4752161866163834	0.4299039448982545
0.4761935343747055	0.6391043039289048
0.4767625740366425	0.6469124982463773
0.4744208273269738	0.31924443739006864
0.46711310817744206	0.5409859309755556
0.46975439845879	0.7096062062605956
0.4662865265434617	0.6871781115373492
0.47396849704915417	0.7421179006021486
0.4683293607116323	0.479116108889024
0.6321471650454472	0.7107491655960502
0.49223213297719076	0.4328944493499663
0.38122113163137916	0.22251120227438326
0.47782076448038907	0.423478725073579
0.47006214217985587	0.450491389891843
0.6332571729503177	0.44066374133615677
0.48808843107186434	0.6263975813778389
0.5164699696635757	0.4355886405677328
0.4795635438053222	0.38604290526153
0.4712729909179406	0.3760402580457365
0.45658158903726664	0.2811208194174593
0.3230397969534784	0.627704329000203
0.46372925675636023	0.21876877538265105
0.49562244022771057	0.4669590430718933
0.3772244454181981	0.672208635079873
0.4659028596918214	0.47218508429512945
0.47569331118208125	0.6115619739889591
0.5823267082470949	0.47516304415717947
0.4736423043862716	0.5471015819598126
0.47452039125877393	0.45240311187275895
0.4776893948768848	0.4317738387058485
0.4711048765846701	0.5912250880965038
0.559098293001615	0.4794575782023019
0.4487689371864142	0.5506011385173414
0.4524546199829356	0.43790892671607284
0.4246166163102217	0.4984878947363048
0.4717067863908437	0.5110167990018725
0.4957650156461461	0.48786994055255156
0.4796698625960185	0.559024850655794
0.5616581469690951	0.5959319272788443
0.45530224892616655	0.2948792784851518
0.4800066027274904	0.39381672780798765
0.47373957599872635	0.4932585487687574
0.4795244162814731	0.3538032765389851
0.456445650812947	0.546441764677787
0.4660971487897272	0.7146719377125923
0.47946107776329644	0.4968683374075055
0.47075095410022694	0.3347624087531023
0.4659443660677676	0.34249457187561894
0.49582382433697636	0.45361299172959796
0.2852312411866383	0.2580542337959559
0.47554693052816654	0.5720325659871421
0.47101766035020715	0.4171246807111602
0.48086711859724146	0.31952415657547983
0.47199527269678593	0.17366291428277889
0.47977378053888	0.3407049936854127
0.4687520984833382	0.47772261353863094
0.45856399803061315	0.43535143314305136
0.4888426177591662	0.5354809819510478
0.46725981617431506	0.5258962144945385
0.5474192360768735	0.5320941057967308
0.4973993685939301	0.5732103893587414
0.48169336997971707	0.34231169904875486
0.4921523214320642	0.46272118745747554
0.48423902783222705	0.5501851317441137
0.46247069041113065	0.5441548758533734
0.7862259594210641	0.4684520782013168
0.4963964531687798	0.6006247713577574
0.4839986515930676	0.5089911652325028
0.4580120459716271	0.3109972849302355
0.4450929301029028	0.4197293396458115
0.8723518819684499	0.4870226743967352
0.49377882618468766	0.36710069709143384
0.2653199384580718	0.4489545248083212
0.45227555979611456	0.6947154836213347
0.45617279274068434	0.5087968222247288
0.46939934083568124	0.49550271056885753
0.5894357577529403	0.3372377265780845
0.47447187843597205	0.5522283047676033
0.48369042538042	0.36856549299543345
0.32320702372660226	0.37035631197509367
0.46669438984877615	0.6602131638078924
0.587778296990748	0.8159841800692743
0.46728736935169474	0.6577052911754031
0.6035876925625749	0.5283920558174197
0.45115602557024054	0.5715522651633729
0.5621228842961065	0.639170335718013
0.6188904058507525	0.4466891096499891
0.5678477251635676	0.2615681804597489
0.5002898379376711	0.5667061701920006
0.4472443825621827	0.26250308509867576
0.4593871933723617	0.5439509833451431
0.35922741202485065	0.26537482671490026
0.46062788071689337	0.5150152904334654
0.5275915840333828	0.41134119022880816
0.5275427116949721	0.4739047095162498
0.43328233327822785	0.3583762210488639
0.4692443984889032	0.3319090894402876
0.38680196716822257	0.37852544706027524
0.47891611936495765	0.5802590007447841
0.46058261757724867	0.42211210648206404
0.47693262149695503	0.5502820335953298
0.4658940883053577	0.29023661729567807
0.46297939032693397	0.48806524386623784
0.4779748181552078	0.30158367788130885
0.4756375637609636	0.5388964058090245
0.3303572676776668	0.48521104691043515
0.4806733675710881	0.44507220770504885
0.47884068335598806	0.40518715269655053
0.4482095814978274	0.4990085860905218
0.44716527640413994	0.6419086077900049
0.4711738499144225	0.4501174071342489
0.47491561262169524	0.8086986891113863
0.47868563690021615	0.7619960733014285
0.4769668872694659	0.42883347005967604
0.5170667275335032	0.40573913002674206
0.4790617791597028	0.5687655190469487
0.7060748953374731	0.6259956996297441
0.48039998073501394	0.3769861952283544
0.47288086742859947	0.33473418082434414
0.44791317881382725	0.5060377258319628
0.8239709028805892	0.7387461673602868
0.4796516952236527	0.36556519909837243
0.4680263147276859	0.3811445733350041
0.44587245481103416	0.5456978081162808
0.47736779080207126	0.7515000480387432
0.47415552892203233	0.7512942857507271
0.4874107194024809	0.7260796114490073
0.47823197607799006	0.7217940478251785
0.47288221417506293	0.36954651210847905
0.42586305963968013	0.6467744290496045
0.47480107015121664	0.803762581805982
0.48575854877802305	0.6706338222329961
0.4886977515471622	0.4749920216567182
0.47181257312865743	0.7720793963125799
0.7457942168477173	0.8368361354304474
0.4779069217531421	0.4865756146876392
0.4569803949244106	0.38855065031872493
0.485267542866726	0.7313123057303192
0.4765246250992737	0.5571120433182077
0.47141692289694964	0.7707339828030312
0.46926882193477065	0.36311258531427804
0.47574756733789914	0.8255474316207609
0.4867412141227954	0.2385961833053799
0.511162828252714	0.6689535509470373
0.4822097177400732	0.7695363102103947
0.47406759865628073	0.6137243689656325
0.47405807158406266	0.3594273960547658
0.4618790268816543	0.7177836865277214
0.4713975278480029	0.44230350344393055
0.2066966044724052	0.17426898414662023
0.4718147102044554	0.45436675367031537
0.47403880681289684	0.7730697574732207
0.4815609781149875	0.5440910455360032
0.4763887718027086	0.7299241360518964
0.47712723306953486	0.21458404598102934
0.4812965883351118	0.6465832990624892
0.48776445625618253	0.6180572623534861
0.4863900720742199	0.6146881065120022
0.4799055740909357	0.6811960623258803
0.4372755242938651	0.4524754600306122
0.4756945237255047	0.7069322149546148
0.4744905278507896	0.7071189195299159
0.470144553202872	0.6547668143967315
0.4764928736176188	0.6388971857397857
0.4766993387990094	0.5034730005091447
0.5056352361427556	0.6358540193933139
0.47112337428074313	0.4822101856683701
0.8222383861584958	0.6792117713655939
0.47319893246741307	0.6863197891019058
0.4696264657321174	0.4084130499130092
0.7673798487821798	0.5848574317795098
0.507848258326583	0.648352632705118
0.4860182372187226	0.42467028668256424
0.4757588388070955	0.6424242981879954
0.47546298258604286	0.3883875724967499
0.47526962538460044	0.37649980144395157
0.516530940865304	0.6238763900840365
0.480014472086874	0.7003504246252873
0.47244638913938386	0.2296473327748448
0.3574749656944483	0.45356484999286545
0.22755194821679792	0.503611330781778
0.49620368469599163	0.5534957437336957
0.47250560360676674	0.3079161851370477
0.47665423576585897	0.42365208694393885
0.476238962961306	0.6679981013109906
0.47071181268571355	0.25675506995818825
0.5094308366377766	0.5137245810977203
0.5116203293347175	0.38263410343773196
0.46734028190502713	0.3514267448979427
0.4807643421666441	0.6217470705067714
0.46632312081979266	0.5096457017689232
0.44371033487887823	0.5290487991970678
0.48814560581789845	0.5193236888108073
0.4730449050586408	0.6821752160798374
0.46181499718300223	0.7564218644777013
0.4763617649505442	0.6801696778665869
0.4658822704227301	0.7020859899908609
0.5032877945569781	0.49220487323231726
0.46790871897102015	0.21519643362092733
0.5118676370857042	0.6802357039949328
0.4689041543970542	0.49846518659193684
0.4607102209920933	0.5118108337461332
0.454460786452109	0.28852613461849785
0.3954559576759043	0.6621596522605112
0.4678844633161837	0.5298983513924446
0.48225897509234966	0.3792381374970415
0.47874400564903624	0.5360601065261187
0.4787215566018426	0.4219782921477836
0.4793333747371882	0.5924835038835926
0.5703846562160662	0.5105073577402421
0.4904898493267396	0.5835387846504894
0.4727097972078497	0.6162296021459912
0.4797101167263532	0.5564570057948967
0.47652600649669835	0.4003032319709421
0.4608927208189856	0.5099943342968258
0.4696445072029186	0.501779109795189
0.47967525591179194	0.5406047748792498
0.4763398691422028	0.2857899719243767
0.6721467125586051	0.4553906453150268
0.4753354590131166	0.5094396795277039
0.7182091402553998	0.308846710761968
0.4768981566523353	0.4899756998578996
0.48042822594555373	0.5725841859983689
0.4734323775803255	0.4852632677833048
0.5835796615628015	0.532562414754477
0.2444241944907124	0.5143382186831287
0.47135156567246667	0.6813956116516512
0.47785730227877404	0.5241074349231385
0.47068689937960745	0.438569417128605
0.5198573053894648	0.5664062183094806
0.47605758716153257	0.6042920648411627
0.48011708572588724	0.5583964157939528
0.4752223710565427	0.3867603249228532
0.47807505133192724	0.5504065472242556
0.4746623161734552	0.6860777650278049
0.4674301970929285	0.4246781654543686
0.47531920365720676	0.4555064297059702
0.4728033406927644	0.5199053932280686
0.4703023460899757	0.4708670820217705
0.4669523401514271	0.5213942448742175
0.46949720942172457	0.5022784856822915
0.47158831940541807	0.6065630870301812
0.478341142905087	0.2695152943271059
0.4621421069630518	0.41395843848484887
0.4740810048715239	0.509163300733269
0.4724804567824201	0.37505067111914253
0.4818175031255421	0.4217347574357202
0.47823675163042884	0.6639774913317691
0.4767703272219193	0.3559207684439662
0.479448237277629	0.2430068941316216
0.46976009660523654	0.3567820387913559
0.47249718659277	0.5348848423531237
0.47590410626708957	0.4213090937637395
0.4695183265164789	0.5680825917084343
0.46977276769114623	0.2780822877849226
0.4678603318725639	0.48469304780777295
0.47284949018668987	0.3876598578264592
0.4739198694020343	0.5649871095377818
0.47546360264474374	0.4926698504772552
0.41692718843956084	0.3698196770850423
0.46971305655678436	0.47546046781958334
0.2139153800956544	0.3149962311923285
0.5344590732149541	0.5881124659062053
0.4714124119886166	0.3007457007015659
0.460340433247772	0.5311681425571304
0.48342356197381553	0.4110700842744095
0.4910614642945397	0.7386992212778627
0.482751839423551	0.5254633925339728
0.4744581627022152	0.33370872676657537
0.6138720757428014	0.23552979284341913
0.7006890001155688	0.49855069507771205
0.48202998078323395	0.2832895313360291
0.5246523756791522	0.17708733763570284
0.5335878698521361	0.6393336455093677
0.4770566585020357	0.4942074478639962
0.47732584880992374	0.4904585479463707
0.720771074654921	0.25291855872504904
0.47755297197110047	0.7164913163103914
0.47269624690385453	0.3378818422405821
0.5314365015136597	0.5019644483978637
0.47060438069203603	0.605288878694483
0.7004073821399773	0.7327973714613133
0.45173132729605814	0.6282077782422519
0.48118414152619654	0.5425477345907209
0.46258335759612046	0.6696504758661874
0.47942294528196766	0.6197377887075546
0.5381860140382541	0.21867385634836067
0.47648514712763096	0.5321190596858998
0.250226824305235	0.6984633225279252
0.46883737082937693	0.32242042345234956
0.4602482966053815	0.47001856224126365
0.4608153936110378	0.4018605310241194
0.47920642405016206	0.32530401840315265
0.4636562092171053	0.4246666858856528
0.4582251358737694	0.47498051770141914
0.47630411634905245	0.7385509630141919
0.4891295970791228	0.3711000266142084
0.4701130022430749	0.6015445414460948
0.54844530039003	0.5802521972836232
0.568628531772979	0.28239190024873495
0.481373531955575	0.21481673652360112
0.48003452507668803	0.6120457238018953
0.47608469826824057	0.4170642611386278
0.4707033687290406	0.21806802042590095
0.4654493123427737	0.3715024220829243
0.5082606012264396	0.7118221894849206
0.49824212250923455	0.5331963359261684
0.48890544833092403	0.7352936182439307
0.46736681024461557	0.2582640006371243
0.37960634144501354	0.6099759292573813
0.4264373255262115	0.46667547753928434
0.7008705535856509	0.4957298244510935
0.29557600177489685	0.429100309230855
0.17822076792464692	0.19026518134722237
0.5381070627898715	0.43678596308105067
0.796605177692634	0.35883725813550515
0.6618249933944041	0.6261361304611006
0.4277219444972756	0.35909703492832246
0.26338145016710096	0.220212745619454
0.1569265030121745	0.4627189772751994
0.7005238951387315	0.3648052340767726
0.637314012096446	0.21026523577313747
0.41140006951861435	0.3612730694009391
0.718293189138008	0.5538800522450735
0.6485773949016276	0.46685603623326677
0.3975445915549564	0.4410820855398307
0.15488751172059465	0.2844390173142372
0.6602319999164433	0.5082314530918872
0.4710127842361271	0.3595655240949435
0.6970383172172734	0.34278652525850345
0.5074460789575513	0.4564112483158598
0.4301339163687769	0.24921582209570703
0.4513059934496343	0.5326741578817604
0.37215775236275345	0.4791833018169875
0.12313079552888151	0.5248170480524909
0.4500570643910444	0.4806466376888334
0.7813849302482934	0.43313019611853665
0.7694972334170308	0.4907016176360768
0.4769162612091591	0.6479342259534406
0.6065546270256678	0.517305482020791
0.7084635000233231	0.37380505961246596
0.3653418751460512	0.6085478568847527
0.2096541581046539	0.35270653477743513
0.718932247435365	0.3800236246317158
0.37957516415783604	0.4785611479206645
0.3988001418233726	0.3073688701339576
0.301088585598592	0.23616550830201438
0.40054319625999485	0.5507602333955961
0.7034273363721596	0.4253377189915628
0.6713324707995986	0.25083746796819906
0.5126029494799956	0.4308704938514537
0.6258065579899438	0.6005731635548505
0.4121499304067851	0.5123771340786138
0.46454134962291077	0.22340944462691384
0.24422642163937502	0.3745911077236875
0.5040298691441844	0.4919590990973485
0.23525072368917774	0.49151262004886986
0.7517738454897389	0.5255115017317928
0.5541894334465948	0.43834320938848487
0.18770797537104844	0.5183227097304548
0.8395355991505645	0.4221536446354658
0.46751209800275245	0.6402888952071192
0.4717533649411767	0.6092227435637921
0.46393421424753073	0.4739384771626537
0.4773147387834162	0.4589723391727308
0.4373987453618307	0.37280983095292597
0.48748000038772393	0.7520065549128405
0.5055909680714914	0.4836936699710122
0.4774049499160837	0.4195544491601641
0.46963907642391856	0.37433466748607613
0.6676331069959867	0.5527799419384506
0.053098025328645	0.4084785400655774
0.4884670909201652	0.6337680693791152
0.48202523712864764	0.6826092647044261
0.4738917922916447	0.5467444476205859
0.47699262314711954	0.5262232842191353
0.5358360539405845	0.27395345237427976
0.47995432198818927	0.5445405185468714
0.46470090218352866	0.46553806361381356
0.5582163068865319	0.4933488657953038
0.4624469937911389	0.5078526968708412
0.4759161530676924	0.7601202055021236
0.46908178157095587	0.582652380256749
0.4548112698531838	0.5513105231343366
0.48215081036383745	0.5943787997915266
0.47233559299567307	0.4977735437206765
0.3638617028177731	0.5649058456847875
0.4831619014113461	0.7174181120569522
0.46367291253620835	0.5425457454904461
0.47267793847279765	0.5207937730432123
0.48827579719117636	0.5190550619211023
0.3975941805927725	0.7646645039885397
0.5299321363356245	0.4551737865184298
0.46784540471880076	0.6226054827175376
0.46180028752726643	0.6875845190898023
0.47241905840758835	0.5903481172650418
0.4679021653596644	0.45147865639630086
0.14727033866049122	0.4693497505349397
0.45152275240531314	0.5703616615468511
0.5659812907834177	0.45151629408076827
0.4743018791089182	0.5751663797005852
0.4727764997103492	0.39263215179264316
0.17866361123254357	0.6235966453201414
0.4823012337268341	0.34885659537183805
0.4742738532474029	0.47144289175488957
0.48179079978400335	0.732802919853402
0.45401022983562517	0.5954344455867666
0.47714186634172656	0.5705521368676367
0.4771791735950151	0.5575476045355633
0.8191265324602046	0.570869787174223
0.4554453005607036	0.47625123020441806
0.40085666268078307	0.5270385124078247
0.4745173918505773	0.6426641212502961
0.4650838964841439	0.4380625574242851
0.4952680617539549	0.4745335693436118
0.47982167336151055	0.492984766562097
0.4736846042935844	0.6432391470045055
0.4650773970087155	0.34985058942831143
0.47846396503001976	0.5026067439438258
0.4588788083375821	0.5798390863670243
0.7880434351463987	0.6072475209710146
0.4948090585090365	0.264741627381789
0.6768596782780103	0.5923807138383943
0.4802600896609435	0.6078827152841699
0.4745583332383399	0.5440642941305053
0.4776635038120396	0.5915297124871028
0.4708729613952212	0.7080364871233575
0.47753235165341695	0.6357314946328929
0.4660819220479712	0.5133528885676271
0.40159230801871065	0.6526679057023289
0.48456932483160065	0.5155453480823263
0.44742693288156515	0.640173971503537
0.46872792763065585	0.47073401415540245
0.6377844038076842	0.3965008185691113
0.472056171208209	0.5593329329449337
0.44963268263075096	0.49763364314561565
0.5055644511942211	0.49150764355833315
0.46776942016640666	0.5934855994687082
0.48974597270074643	0.5556887901293192
0.5123713542133759	0.5811713600920757
0.4714440261984535	0.5638708314081516
0.7121845924674852	0.6746887791183236
0.4803483316102056	0.3527780500807108
0.4337467403802142	0.4936109685337868
0.531849100710661	0.5887057737960282
0.46609701324889846	0.5348060439617667
0.47247815884285715	0.5186440100529686
0.4794411162849575	0.5264822829550293
0.4706446856607092	0.42502112015113513
0.49009330221652503	0.3059305811682484
0.4722341895902323	0.4491389634913974
0.48152313110989714	0.3683804291380327
0.48958016478245864	0.49509274024967376
0.478771125014854	0.44038998530418544
0.4509812948694575	0.3733299350134743
0.44205158505076	0.5593267766113538
0.4692954622128501	0.5342798409798002
0.48039723831644165	0.6362038576099283
0.45155549753883784	0.388958846605352
0.3401291466891835	0.4554608558228972
0.513537863916626	0.5584165518621161
0.27842641472079305	0.7392971366548621
0.47918072258067806	0.6910095325138118
0.47203574992340674	0.6676596145506057
0.5530001076575043	0.6762295840296219
0.48432881742196376	0.4686514337937068
0.4934755488783209	0.609386931762784
0.4670314039096019	0.6836499776604452
0.47559293532642566	0.5567589779085484
0.6976328119031303	0.8272227134505918
0.34081340767177	0.3995970452020286
0.4626308201995496	0.5905826556153603
0.5099785698094307	0.301854369728785
0.6240909511532082	0.675918969350809
0.4730967209966433	0.47480929122582916
0.47585212118240633	0.4587181894576559
0.3274758148429401	0.6672507837361324
0.4774463126048357	0.7631631653832127
0.48055861205590866	0.39114079483182845
0.6701337424677665	0.4778546354664603
0.4771270815106726	0.5555774113383914
0.6302022296729121	0.7889664114113897
0.472933692456104	0.5797376350957093
0.4665742971870237	0.5017024121647365
0.4702163671897368	0.7385539795701515
0.4638762887438058	0.4898666952274422
0.4785854539254932	0.3683829657453688
0.47095968314275477	0.47384865334137316
0.3260599766549478	0.45222211003466967
0.4721829395434109	0.6856726127938888
0.4621243997257098	0.3809891927198301
0.4613333422920824	0.6680726563074185
0.46773376801798977	0.3603452326194038
0.45281771526719633	0.608441804562019
0.4840551699299467	0.5700833525973621
0.4722305950106647	0.5830067355016629
0.48836334187094804	0.5718160642805677
0.4648890079657976	0.5876025031506485
0.6388971176532171	0.6003148300662925
0.4266048673191718	0.6238045799983505
0.4761402062356787	0.36389573606197695
0.47018016928129086	0.6313169081048102
0.4775968629534062	0.6063936401929779
0.4735656683243526	0.7224432255606754
0.41574668994188757	0.37235723940401666
0.4907561925399986	0.39222041565548343
0.45432930708847935	0.5344968995188317
0.4450916073040567	0.5891475935969305
0.5603856885626953	0.6247899677117005
0.4499327551612362	0.5613316413048522
0.5193127676773537	0.42280324066960207
0.47232682054484965	0.7024877382836222
0.4742378016849823	0.6490134556479474
0.47606319340578246	0.6181171714731207
0.4823152665172854	0.4768587619332501
0.47689026922988986	0.49169522750021005
0.47890296942295757	0.5197590905037697
0.4734701992712569	0.5078770251512384
0.342166497550925	0.6716200766673089
0.47585279774233163	0.43671758991477583
0.6257437542212257	0.5985644132216394
0.4714002239002355	0.6969386430376043
0.47242794211763234	0.5862705846846128
0.47601113978801307	0.5707170102283322
0.26290981201934943	0.6064237229885859
0.400784117060627	0.588892839195583
0.47642970797697487	0.6589716253421838
0.48056753817152464	0.6080338745828876
0.47282563256299986	0.4623256701979384
0.4892330878944666	0.4691894913479493
0.4799872631395568	0.7088083699428029
0.4714049516472256	0.6051760277858447
0.46946005877987124	0.3013309669127092
0.4732270284716499	0.6242909122026339
0.4770741188078435	0.7096666073457542
0.47510265216684544	0.4459116080576096
0.4759709967614404	0.5088353260930402
0.47294678963453035	0.5958171084769902
0.47521986677665773	0.5139007853154668
0.47638886220233545	0.5933919568904449
0.47948418141304294	0.5352113286969108
0.47896003072553883	0.5722358448533686
0.46877898656880396	0.20676163896006938
0.4850779925659186	0.4890647988996655
0.47980533403629266	0.4623369357234274
0.47538421504455997	0.653793490455112
0.47852629037193833	0.6907161762386037
0.47470338224048414	0.49310897508570234
0.4775625804914543	0.3751373943500934
0.48148215696895397	0.5309713672257184
0.4817399600963617	0.32857384916648197
0.480425892808143	0.5304845610964883
0.46926055924758275	0.43742610337969295
0.47477170622922515	0.6414541029994567
0.4766276322213296	0.18253505114326382
0.46421331899277796	0.520154741118902
0.469839110423012	0.505397321083999
0.4748449858992332	0.5967351646185376
0.47916539439763345	0.5703409161780969
0.5890455213003202	0.28276733316382713
0.4761684545452925	0.5501526610903217
0.4753638238414182	0.6064373147046381
0.46991138693615964	0.5460717808367502
0.47456196864643385	0.5170956815810331
0.4735739432915343	0.5750073726481405
0.4857122534170024	0.5435720058567601
0.47713723976301925	0.46570964563151424
0.4756949162884803	0.5759179932918642
0.2849302090657918	0.5751193112398805
0.4765587920313092	0.6227541397191161
0.342241418102491	0.4912336748424193
0.47788358889143007	0.5991631931774484
0.47308742854753966	0.5034795002018126
0.4822402188192732	0.64166420504191
0.6892679567304423	0.5371281524292323
0.3387775570216708	0.5120951724859202
0.4789156801642043	0.5317524841822766
0.4739309758468517	0.6782899317941833
0.4718714373958671	0.38029778140370507
0.40048643810184453	0.337344726624843
0.4781379786756889	0.39278815295910746
0.46678404591131767	0.4735223851877245
0.4721440333278681	0.48042926731750746
0.47323507490093136	0.5353853775247333
0.4694173001653481	0.587254594369612
0.47489794141192304	0.18044288483601223
0.4718986396751023	0.3892613903955853
0.481632189208624	0.5147913602207895
0.47128863201873494	0.25285086939813123
0.4706759962305927	0.4903446111437044
0.47238389552783816	0.44497175671278766
0.480749841275227	0.4275541008888026
0.46682533401307463	0.7125577450692565
0.4738948193267918	0.5057940131603502
0.46994398068632365	0.7100188854110605
0.4705711394993639	0.6271774054542507
0.4747789201400163	0.5955167596595187
0.4783240069680432	0.3677399351681922
0.4689761699694424	0.6587322846347529
0.48036350329228417	0.6469817033350969
0.47352605475901066	0.3714710133400307
0.47227231029985584	0.3986054094443056
0.48165000436963085	0.5330994860108985
0.4723839033969544	0.5328987087462622
0.4739541317166391	0.727100083004678
0.4576558020229853	0.45096215063983014
0.4776887392007295	0.480541790885937
0.47498348741900487	0.32609155035186554
0.4834014816800617	0.46766005795885623
0.5130979942616601	0.6155221123871549
0.4742182194154753	0.7065430414419568
0.2944691047230439	0.5426279727012199
0.3038229754484306	0.4807941787322457
0.4837744071512521	0.4109723558798646
0.5355062893419248	0.6363267332438828
0.4740293627843059	0.6465899829212779
0.4749587357133356	0.49919706894632815
0.4471515509375406	0.5548583692772632
0.4820619266187835	0.3841386309260401
0.6874412995784025	0.43045488596711556
0.8341267327551224	0.5865911611350906
0.5046218459329727	0.5541149018751738
0.38295149926873356	0.461452426836673
0.6154905208510779	0.6857975372265851
0.46958185357238685	0.6446067013724032
0.4727451157235794	0.6300206744450572
0.06178629714436961	0.631566614201991
0.4671905652587123	0.7541093984186338
0.4242057136568123	0.27736429699040654
0.5622973900807552	0.4896902763048215
0.4510320516299538	0.5193883517279569
0.9667543067544615	0.5411250864194564
0.46291113750483165	0.5477324394710188
0.3437118166218679	0.45557513480103756
0.45941735256195787	0.6597371663445417
0.46568865498682055	0.4802030307642507
0.4698054066097955	0.5388763959502099
0.4332827353970767	0.4087500441633036
0.3205004962913883	0.5455437418187987
0.26702782948262416	0.43526148062351655
0.44946424632251464	0.5544788524257436
0.5006004432516297	0.5503394096407381
0.5335898156944382	0.5279351557548415
0.44988028561664056	0.5511322198929676
0.5007670333575082	0.7513540804283019
0.474007092162204	0.4980538717407551
0.5092326188271683	0.4110311777012234
0.5146387910235913	0.5249963690296162
0.6077366582760709	0.4360851767559931
0.4394945922983416	0.39239472288218835
0.4840909097567553	0.5325538071951607
0.4949226635852879	0.5389608219711626
0.48632999090926565	0.3180264034297513
0.4579459167460935	0.483477396232664
0.5239901499681376	0.5436609586509493
0.46720737940202195	0.40597414885666744
0.47236841090234843	0.40446346689254203
0.4782111186275029	0.4400152750543957
0.339080855118756	0.6303270507283457
0.2643625575936365	0.5573149532016818
0.4463020683830155	0.5984421125939253
0.47877154884700834	0.5162920533768388
0.48018058277920456	0.4520158183611393
0.4720177697670542	0.3570452151658848
0.4742340904571841	0.137762133832417
0.4724373783108778	0.3115505359570384
0.4771458375449119	0.2492519564017166
0.4777675733739512	0.24217137526131968
0.48120133791698766	0.40267561211208147
0.47662547885305234	0.13124188202458817
0.7021889830469684	0.6798081233068163
0.4739481850939514	0.5373708026741612
0.47840261188242555	0.33930541540259274
0.478583482008889	0.49265444573247436
0.4741283137591331	0.41911803959464533
0.47211780655440716	0.40392901820749455
0.47651405195127716	0.5056069471635909
0.2498698005462588	0.34385358458702564
0.47565535106635415	0.34002914378191473
0.4750346919361791	0.37024516431412113
0.4728003627922727	0.4526855883713914
0.47846003974171863	0.5096535883004097
0.47158271199022167	0.20245358304353833
0.4801017832402932	0.4574350791771369
0.47311715518835046	0.5501551802414661
0.4767189979615895	0.2013709710602926
0.47999790199153	0.38194499675437255
0.4734588135544183	0.40149231468240515
0.46904732779487535	0.2834731406414075
0.47273350244178797	0.42909163171335074
0.4831640283995647	0.3633051957420654
0.4639166476322624	0.45749085122891775
0.4743244044429456	0.18456509009702868
0.4729655220646367	0.34496036914550315
0.47091499841062695	0.377748552835852
0.47902099221853106	0.4734206495216453
0.4748964891536742	0.44590885142069003
0.4787456519103506	0.5091379176811106
0.4712791634318168	0.15610756857386965
0.46815408807444464	0.2371866056795517
0.5091049100445928	0.39503653782395143
0.4695993945384558	0.5077507405010215
0.4713805780053292	0.21976557447914621
0.47075199884119706	0.4803656946330215
0.46197902550710856	0.24201007355292603
0.47513277695754913	0.33232858388289127
0.47351596905401727	0.38060604702714873
0.4790659043456904	0.366674299307472
0.4711046383683993	0.4557362280470523
0.4367703602476692	0.16440696256344017
0.46617684459837133	0.3831639016207214
0.4723522136793696	0.6417788336800967
0.48009200092471943	0.7782249225466245
0.3954994716760549	0.5208146961156633
0.4754696747638354	0.40718586870459067
0.4888431156590821	0.5452410541543448
0.47140297869465586	0.6542203496026598
0.47451266809772813	0.3714331498562863
0.4781570886695486	0.3942828252022985
0.46595471519418113	0.6408372849898065
0.44813533236572617	0.6572732620963029
0.48257096973944397	0.1344633561348044
0.480106760504753	0.4083808986695165
0.470450902291593	0.5869338561233285
0.47621183005612844	0.7514356290412708
0.4748050713861719	0.7599728576432702
0.44302662361126716	0.8404444664252417
0.46543884679223774	0.7368441508053651
0.1935263924954048	0.3829944407990745
0.3821362176538992	0.6596958661613972
0.4792282030738309	0.5629262838600766
0.5242784590905619	0.644805008495034
0.4647888232763928	0.48711540903982037
0.49476202070914244	0.5093931852317671
0.47012370021860794	0.5691158968086006
0.461310787246877	0.4658505977032486
0.46289273501802514	0.4231603875238764
0.48380832640876703	0.7393829721927505
0.47329278935533936	0.5543019708675478
0.4755697273556671	0.7565637345019591
0.21022836040083875	0.35238127945385833
0.48058934453238006	0.8317702466724191
0.4624008574386433	0.2599751326157575
0.4750987001957294	0.6674676910225049
0.4771355960284977	0.7763423980497689
0.47388062132876	0.6262761374356473
0.4772370201287575	0.2923011189940203
0.45917777539694765	0.489331547947193
0.4318817246218325	0.43743696683557487
0.4606881560329216	0.17886089148112325
0.47232121414903616	0.4485902400615015
0.4707051772402442	0.7335282025429204
0.46140356830379664	0.5329837752475054
0.4681469227425895	0.7375688904474869
0.47049818752297046	0.20718991765616093
0.47007449432855	0.5801304025828937
0.4940581361964107	0.5885951888352187
0.4941837370622111	0.5995685179153385
0.4674803308397303	0.47618602283069444
0.5403558655269066	0.4850110568942665
0.4567187969326565	0.7278395541753501
0.6129289305314743	0.5134789059436901
0.5833501361661663	0.6273457035047636
0.47426024568202196	0.4308669472822577
0.4555862836265734	0.5528379378609033
0.4499815368127563	0.63293415800802
0.6085479522707705	0.6248282286883157
0.5818468886522477	0.3513334523723575
0.47065652700975574	0.49208624904583437
0.3899202138736793	0.5518066072572837
0.6644639602224782	0.5920951885234674
0.4888582039270471	0.4969421309321396
0.38776271354977127	0.6438544125594633
0.39836704124390404	0.5949292209406752
0.4476159355294994	0.607233458075323
0.4897961287042001	0.5922406374550696
0.576380304600618	0.7139062991769788
0.4916100413970758	0.6637016568218508
0.48382883884071626	0.5359420389824296
0.33519359997366466	0.5611093232694524
0.5173785181814159	0.5182940017518148
0.5297225605790259	0.6241247695286547
0.5526598019355753	0.46011616059385796
0.443055423425091	0.40425028919047923
0.443166979286895	0.5228284760931146
0.4647852484311823	0.50815299101608
0.9271702435775175	0.63539068928533
0.5691813583092064	0.5899682526975969
0.49026928787303375	0.5627881909923997
0.4879568512401699	0.588099982421816
0.45049335271150265	0.5701004783833195
0.39805133994535974	0.6513236394442048
0.5233690671860382	0.36559969713907775
0.383674097504787	0.48931070063442134
0.43614124800427695	0.7287893157217037
0.4673588766425983	0.6551731767674108
0.41700683664327853	0.5153969980631762
0.2509713259874296	0.30234827155242266
0.3837858825526447	0.4301616745493472
0.58648105153199	0.32609308514964686
0.4699123500779425	0.4932843476543853
0.4541278834699757	0.4432740481073943
0.5148971589211266	0.49280617143256833
0.42720417744443995	0.5104045968942708
0.43848512953597263	0.37231317223080374
0.5715776979002815	0.5615136745362623
0.37665691271826196	0.5277633301698453
0.36991328656819294	0.6318777856329
0.5419529748838972	0.38250064217820856
0.4305154455777227	0.47288516845882356
0.44944442689964287	0.56582479790059
0.49160121986628785	0.6172509323844606
0.48530140383334314	0.5570879547491763
0.46995989610437083	0.599941292140309
0.4805656860359706	0.6484821174248356
0.4408249248103967	0.4611280010926818
0.4805338942099028	0.46721685299278726
0.2947428965131202	0.37256713818674075
0.4757543975261067	0.6491951981083942
0.4829739168112595	0.7044513690454941
0.5063232175610897	0.6617210314078861
0.4461602466014531	0.5953022461721347
0.48358930610266276	0.41823827762379373
0.4858044637383519	0.5467788411524678
0.47618459674297264	0.4273309378707711
0.48090834508372265	0.4136469021401587
0.49704825423502974	0.6085032173910657
0.47398336090725296	0.6113155610546446
0.46011612099757604	0.5214261929332347
0.565671260847048	0.4512683401754739
0.744408508367423	0.5633352058593957
0.4884452824891636	0.5732544093540813
0.46584031067773	0.2365320369448157
0.4833718994167432	0.46709930471870975
0.48525690085160533	0.6733963947399524
0.48130149948207834	0.21812687377751735
0.4916775989522718	0.46495074414008525
0.4613256243153596	0.44190058727339443
0.48050539574652235	0.3503188502583555
0.4719697327750868	0.47048899974439845
0.48264822266176644	0.321095974489442
0.5005863656429067	0.5430810262829633
0.5127632954247027	0.666308610883381
0.4870561356915784	0.3360478073194192
0.47844381006684294	0.414244042283171
0.4785379237252243	0.599443103523853
0.48594726117557063	0.6671888753492414
0.46116050590418806	0.530567328931776
0.44592997186562866	0.44773001652415706
0.447736004397461	0.355218499482942
0.4794062397490786	0.4632420126045777
0.44909848565231464	0.5321510900633355
0.48678927476064243	0.5232773335328866
0.3843111685219623	0.5250002491354397
0.47801856420826144	0.3011490108568949
0.4671557816802981	0.4005657310814539
0.4727995466744037	0.4418367216702169
0.4783285015863601	0.4382491450133492
0.4691008023250854	0.5501988781874707
0.3252734078333657	0.20795418853338804
0.4736410620230855	0.376099347229484
0.22795175558354064	0.6115254802413913
0.2677146530361358	0.552620771075386
0.49456994036080903	0.3661961547116098
0.4930996587134405	0.6487255698070561
0.4640370870533745	0.6442350939167015
0.46463789389977295	0.5381413933825389
0.4910864401444742	0.5992695455504718
0.4744794913054467	0.4218748353480403
0.6481438107349582	0.47036826439878476
0.1500567404749962	0.5107024253074918
0.39898259634321454	0.5581190072124456
0.3425199332855748	0.5871170265119
0.5714777983088182	0.663227347355623
0.47066103873375864	0.7256442932484684
0.4740639351373132	0.7105777246021734
0.956180380126277	0.6411656992450097
0.4662619536041772	0.7649162945946578
0.5038269987560651	0.4980861119269234
0.5022651725361833	0.6114902763044634
0.44852365263371585	0.7004846178550777
0.9615213923651571	0.5561622014795023
0.4764977065080265	0.5852549437479486
0.5958960036946791	0.5775709548461204
0.48089111337990786	0.7167423057169745
0.4230544791585978	0.5993734886531151
0.5770749507933282	0.581102525173159
0.5622586065674241	0.5276166585031129
0.2853462731548952	0.6307284361251089
0.23488111398478675	0.5240700709758537
0.4967535354434625	0.675007840887713
0.26344449629128996	0.5606670522141812
0.506690941560207	0.568240750347402
0.5039625306598474	0.6197970244370151
0.49410619262031436	0.7480777280612486
0.48356402888611616	0.5829825550111182
0.4647582816904495	0.44321666068358967
0.5562712694748825	0.4798597416293097
0.6148168676544661	0.5301129319877218
0.35445902323820405	0.4937610519022913
0.479888156862503	0.5418779490118578
0.46232888845183717	0.5320276801355369
0.4733078138252384	0.43199143162871545
0.4972588588974723	0.56691976632447
0.4797235769340474	0.5842230396505891
0.4450954374401133	0.5045061021519074
0.46812631225875734	0.4614364049671146
0.45737683461344497	0.571412848032115
0.30140471587559836	0.47018595628445936
0.44320623667687437	0.6672507215774245
0.417019397525493	0.6753644236250919
0.5044390125659441	0.5949375544522554
0.47095322693222463	0.5343510133292041
0.4538319795555996	0.5179298702099618
0.4861406433661675	0.434658917698327
0.4638152104116264	0.27113126131457344
0.48533203904821226	0.7060941867641091
0.4711781953755326	0.44200532211273763
0.4774023345165203	0.42227800136982346
0.49167608883776465	0.643621552747832
0.42957257695240225	0.6676251831043636
0.4808919983162646	0.3691355222438597
0.4765791942592319	0.48179020519595217
0.4876747755773341	0.6305460010693242
0.47067084172630236	0.4763871883689949
0.47027781755894543	0.45695709774462123
0.4804605737353612	0.5202497950557918
0.468969643477926	0.6209845806090438
0.48453287996610916	0.6294980821531545
0.5269479540563938	0.485786157665601
0.4799845079561413	0.5961892680023632
0.4750153021263815	0.6950760328911149
0.7098949288177437	0.5615083145157755
0.4704640554155685	0.49045364261919483
0.4611863726230272	0.6057210808532654
0.4789082600909659	0.5999208481147085
0.47071719660410605	0.43710449533383816
0.7035071378384201	0.47656023224936056
0.45700944980162367	0.5244458144341761
0.46834723895615066	0.4712329794032773
0.4897006461493125	0.6539652050776168
0.47060034414586477	0.47700152450485117
0.6958810621257442	0.4551689201833497
0.4933602457565803	0.5554642347990374
0.4774422475681243	0.35632374512283965
0.4741612527781567	0.7263126724759963
0.4782023107930632	0.44629419463345676
0.4648971531318349	0.38838617180810653
0.518780495655028	0.5238373532232181
0.4266813338379742	0.4168491660788391
0.47474678489965527	0.20023594299916264
0.4689055839103551	0.42525386647948454
0.46326269453229674	0.5886685606934616
0.47183394424496927	0.5242233810999215
0.47054921264391963	0.4811658827672913
0.4776230221348303	0.5873443602205376
0.5069062137503969	0.6167901440467172
0.4975714291176723	0.7104894717047309
0.47103509207388505	0.46788068754385836
0.5958651731044743	0.5491003541649964
0.47306066546551057	0.4103782590248156
0.5391358486187231	0.6514480944721949
0.4934227303520842	0.5936819834298106
0.4797548350901494	0.5787360100138439
0.4813521537116652	0.6156265247755315
0.6247267818051174	0.5871878839619987
0.4812733933520827	0.4402090591260397
0.4798640109416222	0.7751097336452603
0.4737495123661463	0.6292589180719415
0.5011615138616433	0.39403004235782757
0.1257843930287205	0.5222858334191355
0.4728144471861022	0.6654175657212178
0.22780631119173736	0.5589351010545355
0.5074107594597671	0.6162112898718152
0.47549284551434673	0.7734482183951357
0.4746497234942076	0.766031935456036
0.5491706868731375	0.597650504541569
0.4699720121121943	0.7386969041264523
0.4593287468393733	0.2523202929233415
0.43511599465623224	0.3926796904926694
0.46391329393119113	0.5011683866417335
0.600207419957522	0.5071656834220096
0.4691577094602471	0.5108010294976091
0.1987914346320961	0.5939684540583694
0.48372739974661305	0.6410681686705769
0.44306637575463664	0.5660797415490575
0.47614171013037204	0.4774081196142814
0.4670066795252984	0.5667026129516438
0.4295668785590369	0.5558163010395526
0.5035186567120734	0.559345558556584
0.46619252866836075	0.5165469379941658
0.27269381749992916	0.5265859314872164
0.4611521492516891	0.4852753502514164
0.3969418058485126	0.6883867634482288
0.5246854338774266	0.737265257990439
0.4768612741298979	0.6497557768924539
0.4788449052672193	0.6468238174166843
0.4822991473774422	0.4614333171076027
0.4699567727097088	0.5389320334616396
0.4970711066658445	0.7111748565595538
0.464429340522747	0.4551597699461011
0.4725369220425564	0.4958129028950585
0.4904281022755722	0.4088053459129501
0.47962356849442644	0.6033027964972394
0.47006967204773853	0.5000806907172825
0.4688393540423346	0.4848367254514996
0.46083557350712423	0.4551737450329396
0.47248772101241965	0.38892927569586294
0.5087376975753917	0.5301945020451363
0.36916651902127534	0.49640454946231427
0.5057026436447962	0.7352812979774751
0.5031311706715498	0.37098334942156364
0.48305483031121194	0.7095713692415633
0.4824145618942768	0.5883480059140591
0.4151818155135725	0.3287995201695676
0.4945563679850179	0.41024782992009823
0.5817740121774384	0.6616236261412963
0.48037813970271076	0.5536422218247546
0.47328758025686696	0.4227141384915737
0.47609645531013145	0.11477797621453822
0.6306944172364305	0.5071825598266642
0.4818547691196127	0.4489232495536376
0.47807502724692874	0.26507015517438787
0.47851473970543007	0.6487758765679547
0.4727519077042446	0.6072114321904324
0.4740914692778581	0.5979085427003163
0.45800377034460055	0.4151190597893659
0.47241280459717555	0.47658068162811906
0.4739637743379	0.2723645993240806
0.350632818204485	0.6491046098388955
0.4795001206021309	0.7541360177719559
0.48210210087371747	0.7241142282799488
0.48635127107250625	0.3954256225750709
0.4760326245264572	0.6512137681093885
0.6293984218350541	0.637963116176713
0.4853327971892539	0.37257508009263696
0.5147330516964027	0.29186389354900194
0.4805336339069766	0.6275265619296531
0.4915182017094956	0.5622395993448442
0.47740477317003754	0.3796445792368211
0.4757596426562374	0.22040158686683434
0.47432095753141096	0.4585170781190156
0.4772810420094976	0.1145466701391633
0.4950150506305917	0.5258245371211857
0.48093498853413313	0.6177611025116464
0.48461176702068004	0.4665453679708519
0.47011020720031826	0.437986095475562
0.47274323491837034	0.7108608764260858
0.4488795434536991	0.3501788055286951
0.5395212275300222	0.5078935045737732
0.47087366210682513	0.3060465162879174
0.4780866757676037	0.7130048083259727
0.46778616635803255	0.16397143195346695
0.47885934795922114	0.3716693061879442
0.4728090004520384	0.19306118767830147
0.4673342620642533	0.6010573899363618
0.4767574133789379	0.2454242224943258
0.4830161601577294	0.455479866179077
0.47529319380995433	0.538922438901101
0.2924844042222033	0.36398005976240405
0.4787311161407396	0.5594236911800499
0.47492105098910153	0.5725558301978703
0.47767556553340634	0.5131084186557192
0.49174911335300764	0.6489643858289602
0.471729829420493	0.780500851516503
0.3629840810292857	0.517478787166524
0.4714980719191989	0.3888837889578354
0.47878007638257825	0.7164761474750643
0.4782502499769428	0.5275773648501133
0.485859976764838	0.6500812671463017
0.5690039937461212	0.7076458699086923
0.4675848461604789	0.5659031897369716
0.5184753702643837	0.4255206169315476
0.47476754008528455	0.6806083842679419
0.47635176418740455	0.45063790063472925
0.471600075723826	0.4362846430391485
0.45236165515445687	0.5510073739075265
0.47412782274872645	0.6857984972214745
0.4787420899135956	0.5571629372839183
0.5992034716223347	0.43422903578661326
0.47648630415918075	0.5627209896278413
0.44327538878836414	0.4539215425360394
0.4713821011112722	0.4106147405060532
0.474998360468558	0.46400368725662416
0.47060755027855933	0.589107851055106
0.19832321925283405	0.48787417445975934
0.5009441045745796	0.38976502276479036
0.47071918800961315	0.44511742723190656
0.45686574847923617	0.34326330378843406
0.4824232175321383	0.4474613401154847
0.4629010133397836	0.5883935331618072
0.4854774527210786	0.45261130073398753
0.4810523514535181	0.7195891759131191
0.4073806295782233	0.6289640663745052
0.1542349357748422	0.7087101486060021
0.48284730492709055	0.5732622536445124
0.45101274225832166	0.5502953015327073
0.4919647570039859	0.577642668406046
0.39397796086590364	0.5265022274284535
0.46010196256793906	0.620713376518229
0.4761971638487692	0.548721910186621
0.4687761792294317	0.3985378054764184
0.46520717176748605	0.5022875898347867
0.47710513080887934	0.4949586637869762
0.48879743356401617	0.699500560130013
0.4466201067423634	0.35731679739436883
0.4778797025506436	0.35681488194351596
0.47919936397548585	0.43687878114741563
0.48947325852950635	0.6018199519921643
0.6192897788666669	0.6627345945684122
0.4362580249990152	0.667382131897097
0.6004108353435342	0.5326034777090115
0.5160521285542979	0.47881034102048625
0.4245934953290744	0.6847935067789311
0.46111673797255054	0.6267897681364292
0.6365762971803659	0.6686330104788656
0.533421955023886	0.48701098995784137
0.629411638567638	0.6816797361547919
0.460180511658549	0.6073929797369031
0.5296374552654955	0.41412279624211373
0.18864020658810088	0.627978077353817
0.44256751554026724	0.5382740917578215
0.5063744000916793	0.4593320801397488
0.48379044848401936	0.6804197072565262
0.47979953936856345	0.5306197349535009
0.49353878995727246	0.60318165278118
0.3242915830343254	0.6038040718283024
0.4660103381215625	0.7219091009166813
0.49363798981616025	0.3098548751182778
0.9620184488956787	0.4521600994903726
0.5418053617292119	0.5284866692288317
0.17556043473815247	0.48277477274329234
0.4637622576068957	0.5420494063109024
0.45129838813931966	0.44899920385944336
0.49287913111202714	0.6434788808608624
0.3954057416647818	0.4925737768770131
0.7291112399972695	0.4927797020028806
0.4799756956326837	0.41099153477337613
0.46989132858268523	0.4441236158930468
0.5552243935609429	0.4300941609734546
0.48463759573908044	0.5683672042402622
0.6834375256110586	0.5360538359405198
0.6249668897603506	0.5072020216448649
0.3953181561086616	0.5465072233800542
0.29065755413757155	0.7334291118060541
0.474150286501923	0.49975301810859624
0.5761995662903404	0.6321298277752022
0.5021104278149653	0.5464335059013445
0.4404788120233516	0.434299670761224
0.7574317994946456	0.5940120391719206
0.4657610999123841	0.5586271669787637
0.42622248747921726	0.43761183458419084
0.38094937508603416	0.31567630043855505
0.5022067836776276	0.46855607361223256
0.5316875254359303	0.5331602001554848
0.5530522319063648	0.41732312810746014
0.5119765544700319	0.4597070047446352
0.46583178498067085	0.4493701506769431
0.6430838751047827	0.6411423296151819
0.6382093438580894	0.6314867374130312
0.6528808739170688	0.596181754939945
0.4523267620445853	0.7146883525171326
0.4865121186996611	0.6608433729177218
0.48318234798452064	0.26232668845425433
0.47886633436320813	0.26617134147062266
0.4881671782087335	0.378275690763769
0.5010907033464601	0.5708785862204652
0.4339258950707121	0.25996872285024053
0.47928092634063607	0.3158324740507277
0.4768687757634361	0.2953703209837533
0.5600065535478183	0.7402621897144962
0.5059939290374558	0.33451016482987667
0.48593438795905114	0.28252120561868244
0.47121099930028065	0.6239223426659868
0.4769185718642655	0.5606487490035026
0.4718320755267568	0.5496795019532912
0.5246983601748022	0.5033980859807902
0.47293443063773866	0.5797781627600617
0.4720983940968427	0.27208707518620906
0.749967135094085	0.5695030050753015
0.4867327107709963	0.6690299513799798
0.5096531033911155	0.6463623191050836
0.25753694737057714	0.33951753283535646
0.4604532861290021	0.6009810250718686
0.4751218688048516	0.7504337881669075
0.48206581410699967	0.3260410063319484
0.6011090134163505	0.3095555122097811
0.01669331200729239	0.5653871877002196
0.48273514495019526	0.46167362536271694
0.4677286303431431	0.6088877560726684
0.48166138448828044	0.4076660482165853
0.44031195170636644	0.6476917609104682
0.7562680707318037	0.17518536448152586
0.47895948730730437	0.47430492838996263
0.4841844876297417	0.5411559963961659
0.472175193945775	0.6958397172865715
0.46765220946718183	0.3471092746385663
0.46122916103378087	0.6393763794546659
0.5317814254885774	0.3046522255474023
0.4653730775043259	0.13781649156113873
0.48019044291846574	0.3298267467732154
0.4825490553837283	0.6437053742744315
0.49601169514337484	0.41671755947896433
0.47277996691299345	0.4589878278943986
0.47473442490432866	0.1814456135980209
0.4722708466513846	0.5119928868919881
0.682553489669354	0.5473922829157264
0.674383255918434	0.5415071422976785
0.45297896154935047	0.6394433425181092
0.8161449660346956	0.3203892404223733
0.5059400181720545	0.5155135639500309
0.5513714203843905	0.5526401584227933
0.464302735688414	0.5356449905629983
0.49215849663287664	0.5566732633718674
0.5480230055186753	0.7240748949997076
0.46434846921514233	0.5179768760588207
0.46939734930631155	0.458790028251627
0.4756465092733873	0.6739060156219574
0.4714642872702035	0.5960055927756173
0.268608081855857	0.6707262587031054
0.38464150457093566	0.5614487266259282
0.4631120334424041	0.6028310519756126
0.475060511708053	0.4610494941907824
0.2091209163941135	0.7680289210234503
0.4689935206617242	0.5346878439290015
0.475427202312395	0.49198660795743543
0.36866301835707865	0.6442405240402439
0.4756001851862747	0.6528169994363237
0.46409203218519035	0.5165838286975523
0.4065149615978543	0.41352887660241916
0.47929490526559376	0.5683990089214619
0.355204422858291	0.8655163262206453
0.4876464893046883	0.6511904753153526
0.43328616684784776	0.5657283436789999
0.47103882492519095	0.702096901160354
0.48939337133627864	0.5466156658808091
0.5452752085525131	0.5037790446446153
0.4804930360477551	0.5555435894723796
0.6051037493542188	0.445232002003354
0.40165085448777216	0.49978133744282416
0.48980403095234293	0.5223093791613517
0.47845662610836437	0.6784395524312058
0.4730895981908151	0.6591408644302398
0.46668000303617135	0.5174777435539851
0.4647203019137723	0.6466683233551425
0.4766181889578388	0.5757201521818658
0.4756992301040564	0.5962488105438377
0.466785375113359	0.6155676920462309
0.5554066265202114	0.6583353684051785
0.46295106174124295	0.6571257796597657
0.4699492144792662	0.48583875069241467
0.4718842823625209	0.6148858189878318
0.48039397948300067	0.6134404866327428
0.48058481766385386	0.5608293729309871
0.4393952902429427	0.6413495996532794
0.45949173083649186	0.43643651365203734
0.47695377327621524	0.4987214086317585
0.4676231926124813	0.49808902823118506
0.47111560774358924	0.529643246121352
0.3823813274361943	0.6373899847618515
0.4346106438207108	0.4612887898359741
0.39885750277562276	0.3304791146368347
0.4927858332193594	0.28560824616113495
0.4709791066334177	0.5310440864903584
0.4586425438701206	0.6421301081867539
0.47441684093821984	0.5445457276171393
0.468774456792767	0.48117398766510905
0.4737081450703932	0.5251817631865223
0.47696476330293813	0.35111888947048914
0.4514997479176525	0.4004512939374138
0.5306380817759918	0.4134399779149808
0.47817674909748475	0.2662181773089132
0.44977798237730504	0.3010098900163276
0.5365089680136901	0.6467021631181583
0.47358514917718564	0.5179067062717277
0.48406129300322914	0.5039554855646496
0.2305916623989433	0.3199921010110971
0.4757353912622589	0.6726350945908873
0.48646255976395253	0.16247113841547664
0.5787316884731506	0.3624914550227778
0.46060249292507793	0.2766548358369969
0.7187063885173451	0.8062693831308865
0.47483683087714545	0.7419904160008983
0.47220010065301715	0.18278461083940858
0.48050844260656805	0.4303926823277984
0.4963799570980458	0.6441174126682558
0.47901947244094156	0.36757928935412326
0.476670615874218	0.17658599527268654
0.43518447183562725	0.6868318898414885
0.2802067520468602	0.19968601799324345
0.47880191851166193	0.5290014764601905
0.48854150365930804	0.24870412318880167
0.4531871186062396	0.5048942992267006
0.46243177092483156	0.4259090972585824
0.49259309427191444	0.5514113511837551
0.47777919245224876	0.4209988337894468
0.5256210408603074	0.3686848160567414
0.46842680678841	0.23707836634845608
0.5418444044285065	0.5915644696075004
0.4636048970679108	0.33422357532285807
0.4771096791588929	0.3684275414987039
0.4794724880202978	0.22729667906518924
0.4856422544036017	0.4357797515422981
0.48570256553261587	0.21889941861891635
0.49852036652156784	0.4943497171814262
0.47807903687962666	0.29782901158490166
0.47985673249065375	0.4417936216420438
0.4769180317404033	0.5620002138708536
0.35660776559025925	0.497796010582746
0.3852174731603867	0.7222003955421598
0.25376259120062916	0.45574549260295266
0.4733938586298106	0.6809640082937064
0.4669450269470616	0.625254592774235
0.43512043537060296	0.43682815676030373
0.47049052224253124	0.3208429732946938
0.4766356732918215	0.4184138358347966
0.472496782465259	0.684661897963091
0.46411078030411645	0.6284733284649454
0.47504662229623573	0.48781528492969195
0.46583481179492925	0.17242025606975853
0.5437351089054168	0.4268944966145585
0.47583958879427307	0.5888046680632545
0.48109467868302463	0.27376782517549353
0.46977794349636603	0.6657992962744382
0.47426236877917066	0.49217678278173344
0.47795782007212917	0.6921679585591318
0.4598974279812354	0.4540540162023563
0.4736779381485713	0.5155144342357035
0.2202882108802667	0.23748546781056457
0.44130076414242647	0.4979142214855644
0.4678766399050671	0.6738262527526345
0.44229937253522916	0.38682711774470613
0.4633438212232205	0.4115010031357183
0.4777777725489873	0.7449826049588002
0.4772114333678494	0.641698824860647
0.4523755678988273	0.33340173867677353
0.4906520350523749	0.34543639545937993
0.4662701180199385	0.7092411490834866
0.4673520778542276	0.5096640214774051
0.4864329633065289	0.7146370415732005
0.23861074072873795	0.21530966189141867
0.474769732424404	0.7115387159286257
0.4671642855357212	0.2081058465831368
0.46752569757127266	0.6317311521683622
0.4705363413498338	0.6190833816061978
0.47135301338745256	0.6048877024685713
0.4768651884090056	0.5056099871242733
0.47946528754454504	0.6103993915649936
0.4664238406060865	0.5198372194958888
0.49700952965170575	0.633593500136493
0.4777456408637963	0.3367086925987454
0.473221676249719	0.6495743493204454
0.46619428684826714	0.5727302094971153
0.4738484020439691	0.5238838856960802
0.4706353059912825	0.2479145667894271
0.47457015341984704	0.3690691177556518
0.48822579196828236	0.5155009820689138
0.4914573829852719	0.41219343596592634
0.476581048279339	0.7147934944672119
0.3941295374108169	0.39245760146111924
0.4959151373581657	0.6857749230308874
0.41470044889565744	0.4912795878996642
0.47729519896665706	0.42878016356952636
0.48050077642919736	0.4579938832794111
0.4561476292235114	0.5127533407628937
0.7322759498927321	0.36886995125671485
0.43885201637042764	0.6426609560099026
0.47953944756989153	0.46758796672452496
0.46609045588215997	0.5208824305976099
0.4699222438031179	0.5840906294398764
0.7254237307498222	0.5784580397675536
0.5381749758539327	0.4505239676870057
0.5649005701509067	0.5050604881316636
0.4890080271978188	0.6897706290948409
0.47003436510947	0.284924276966491
0.4651800329843205	0.2701427414662525
0.4522817057032594	0.4857275397238548
0.47814636426544227	0.640543769594333
0.48818272813127467	0.33322716764868504
0.26023636908169306	0.31996221805088226
0.5340864626640686	0.44028363503734513
0.5149245320957668	0.4909709571395806
0.47020210998623374	0.5376745839554009
0.533451022422449	0.3299932925377816
0.4809554185967774	0.567063031947995
0.7012164111203804	0.34780730642522717
0.5233840958030626	0.5755368689154664
0.48615465634803856	0.3027105001104952
0.47363512879625835	0.46374006444902227
0.47255973668615014	0.3384998350814791
0.4565132051167025	0.6980495662254529
0.9495228343429731	0.40609220856272676
0.36226820656429193	0.6488892580285122
0.25590269714564834	0.21141266181424506
0.7131924589047777	0.5949621118779399
0.48644165468816203	0.5215438866692975
0.4804272979956796	0.5431085912888779
0.40994179741756726	0.3783239676238667
0.43475474963981553	0.4716565761856048
0.6091846655851231	0.5131809870641993
0.47781103733662506	0.5738760361360873
0.4645769851552131	0.3608558819695426
0.5514449585066911	0.35562613605029053
0.47048113071970277	0.3759155042899215
0.44862282090279215	0.6841815621482151
0.39428782644843735	0.48672226160695575
0.4710355308106267	0.48342516289172344
0.4642693640705736	0.5191218204767118
0.4734913163529718	0.40664996092965144
0.47866031650157836	0.6636543031838722
0.41181127406940216	0.2616376963792455
0.5203433585740839	0.35308580141923895
0.48952794520983667	0.4901729674097487
0.4735002957010207	0.4451211628457107
0.4784382208836496	0.5447472271644026
0.4405264178711983	0.34041680926042883
0.4926986064935452	0.6121577554413982
0.47685404817500693	0.5248400778341434
0.47530812119434346	0.3452545662225304
0.47200000260179487	0.43101917864220257
0.34160817654624875	0.2886435766835707
0.43887876266822723	0.40481037736940256
0.4724345316300684	0.4957537058291503
0.4616779837150869	0.7166710443571369
0.47904886863985036	0.5463246533147689
0.47553797932776265	0.5297947673776129
0.44890462109061285	0.33627055125424926
0.4771604480602144	0.5534385970931028
0.47436376976665473	0.45110917945540113
0.7609566693702614	0.4348578639396236
0.47361209796485076	0.6867465363232341
0.37028592432864493	0.813629896669509
0.7061952211739808	0.659247494872854
0.46909669118160685	0.5690264097801591
0.4732582900101784	0.5538301153500998
0.47220795106436997	0.6644252567498312
0.6577902469312573	0.4641740497386721
0.11760341080214742	0.3249390801262105
0.4832231074136889	0.6031907429286856
0.493450529783282	0.30152277795686755
0.48883994255218854	0.5750636255999045
0.3708594109332709	0.26129109343729756
0.9512181389244477	0.5175705210768131
0.4445778028617167	0.43621057480161873
0.48103045136578754	0.47266802460661894
0.47376744610075505	0.40559299771579704
0.4970404110457479	0.36644460253704103
0.5073028952566389	0.4467164055631666
0.419128134432722	0.5999244867571051
0.49683576851900546	0.45680866357965966
0.47212115653966846	0.22692203310689474
0.4818758487106252	0.45807466038811
0.46648089818112654	0.5098341860640554
0.47421926893845623	0.340226412108363
0.4793700541411636	0.5383873851112037
0.472915099729235	0.6121241146923733
0.5494388075629577	0.4205692618244735
0.5398237390120122	0.5932682397515491
0.47831820802163033	0.39496569675559867
0.7566192594093363	0.6453123453381687
0.4257838035020167	0.47873490329319
0.5196955511765023	0.38223750393094874
0.4731312851404541	0.3290720610867404
0.46932363165824686	0.3572934998552619
0.48977136127777277	0.6675802998903344
0.41748176368207984	0.4562965295408028
0.49912280168791706	0.5521181475962292
0.45481555003486124	0.5748047394006071
0.47956252266711774	0.40795381444011997
0.4826854664315632	0.46053918167720115
0.3301384640996466	0.4456422205513709
0.4771892659430081	0.34118371511384227
0.41214809464418917	0.42111498136613656
0.5000168541915133	0.7053271210025084
0.48119496049294475	0.548783288845572
0.48167237534257373	0.5461793200594199
0.5189981830570463	0.3989250680697142
0.4745507556426666	0.6734289774760102
0.4702958607848396	0.27622597224981965
0.4733595271297428	0.23337123557888761
0.48712878353143746	0.5832995544503157
0.49719069604863286	0.8156054280889878
0.4894753175258976	0.7671132529845662
0.5121506268735199	0.35871847462463885
0.4384075445995956	0.603601105455752
0.3768767908077499	0.699819598125613
0.39178526458544466	0.48075302599721903
0.4886387328660869	0.22329971533027085
0.49477978393170136	0.584853107781147
0.4770341686631761	0.2451835395065288
0.46992889905360674	0.6025623864082947
0.5897995161983348	0.29467452904569624
0.48392979106376754	0.5551112169556508
0.15976382459163302	0.46338927620371123
0.5546555212754001	0.5877397444454646
0.47180241468059575	0.40104310615740263
0.46554752173003566	0.42955084913706487
0.47680451709391203	0.2839225178221106
0.5575769014260207	0.6428018834389198
0.4191128980625137	0.4100495754344047
0.4759616840314947	0.4853144062180366
0.469177474622733	0.35227693338422855
0.47424815966658856	0.5103469077276819
0.4778282851228674	0.28435845512653724
0.4668179173819186	0.5911761674944613
0.24376769961879372	0.3970381243142648
0.4667830356332819	0.38411783747507494
0.45773623401925323	0.50467146251039
0.48143102691886674	0.31152012235805887
0.3477321684992892	0.7572009351259594
0.48994483009316225	0.5011504835731109
0.4767194434383059	0.5234842381703075
0.4835692277400905	0.5872398533969619
0.482181939847175	0.38220771943131254
0.48039270645312726	0.46290319179351097
0.4636920159414665	0.2764720619289093
0.4662915284560609	0.7492762471315102
0.46958954469330577	0.45101588127290654
0.47725080400552833	0.45450893523551217
0.4774703655858985	0.35046396934696455
0.6844306537699993	0.4876068907338802
0.4740552519279508	0.34274535936184386
0.48962257455295494	0.5615719884961059
0.4805914990777896	0.6915263498199723
0.47090831719424386	0.48413602280736445
0.4837369761006776	0.46666409864322056
0.444449178631411	0.2602879799648266
0.4816212652574199	0.5509981479704912
0.46828738334603615	0.6053600028777987
0.4825725864390331	0.5128813411248281
0.4768369988961286	0.6301961665219085
0.484689677938348	0.7657649488722158
0.4658363929289324	0.5825174980419217
0.4463301511828923	0.5009060109678708
0.468784043758688	0.6826046700177899
0.2924271325874347	0.6004396256239681
0.6269273161615286	0.5706623982592454
0.4742840594442322	0.549973913781297
0.4898984103091441	0.6586556999781198
0.4524059933149265	0.4904851911093631
0.4939010602313609	0.6707785703905619
0.23686924216393013	0.5902470663139631
0.4725755277079806	0.439732065175435
0.47240507394832454	0.602025304056382
0.2335303862181758	0.47265153448870795
0.47803750424972535	0.5601365535309508
0.47831323031640127	0.3068171788560904
0.47762668334216873	0.5204583449955918
0.48939640688285435	0.5296861118638176
0.4813444073908979	0.3926533379054067
0.4794602218790378	0.36405488025116106
0.466241832530617	0.45796723438286974
0.465849265958404	0.5584640205894814
0.48401157220213853	0.2883994570372978
0.49031518369109894	0.4623385307217602
0.5788533034734333	0.6634698320729724
0.4746123637514959	0.5345610167271303
0.4882302789804866	0.7355331943943954
0.46456760164377203	0.34091877254406555
0.45071051772411586	0.5668206855667025
0.5265017473364543	0.41938236932343675
0.45706285242164835	0.6211704213338807
0.4720717393970285	0.5616295662845823
0.4775377308299176	0.7486251965177572
0.4662127120148064	0.5133721350225504
0.4790026605369227	0.6321671230670212
0.46803173744360943	0.581554430035704
0.4697228602527249	0.3652307148647864
0.478233046257639	0.6218215812674068
0.47626824312591365	0.49014981771884847
0.5982913392312152	0.5343519516383626
0.4794280913230131	0.604299184578069
0.48319376269820896	0.5320921667879711
0.48301454648373854	0.6262917247181542
0.47546810927478483	0.5014759386419589
0.46778086798093105	0.4837527031677037
0.482311031663893	0.6872997496188293
0.47742304638324495	0.600906436206013
0.4703190295268747	0.3622997064087715
0.46561116395967367	0.5342273590478795
0.4815166442634611	0.6165228645316405
0.47181197987965906	0.6112323459109732
0.4729186858646174	0.36983570595642384
0.48239334758483593	0.5233039707636796
0.47377479814912493	0.73944306283748
0.47597866623062873	0.37202249132971993
0.4609211682815368	0.5588387938273742
0.47310376557915057	0.486141991692699
0.4705322859696663	0.43683995781484597
0.4765604355721572	0.49894293339441415
0.4701431759572089	0.45886940988251235
0.49326909319108314	0.6212154106890968
0.4790446489399279	0.2854674509782301
0.4755905320991399	0.3895736493816422
0.46842202163089924	0.5123118372899488
0.2996320777766821	0.3463130487183631
0.48014278710873337	0.5836641837262427
0.47742660950770255	0.623975330051362
0.466210061355086	0.3117955162106134
0.46909875999277045	0.2594788991046314
0.4710123173518591	0.5265590927195267
0.48469934766495604	0.5163033356767476
0.47083843768120515	0.38325944371705817
0.48384516826096446	0.5422771602211072
0.47389909048841794	0.2623587276381599
0.47631988853990254	0.4481315858965905
0.47605791030545025	0.5558468667614221
0.46981980085325314	0.5440535195071068
0.4761472515428559	0.7109394794203707
0.4130256739218796	0.35633092215755446
0.4748253302486307	0.44734502406341214
0.4785108981221013	0.6010218274872084
0.4803328591898633	0.6111653080297398
0.46378901917864895	0.4055635869237827
0.4648668981547543	0.546773821589941
0.46323758091886114	0.5796617867833332
0.47220187429629285	0.6122303874670394
0.4790086909698606	0.32106808198799863
0.48208657104011166	0.4689954424997224
0.48020584319099	0.5350185885383263
0.5914617967252128	0.6072021603009293
0.4699221498378003	0.45478977131880466
0.4787446157257419	0.6141450826478506
0.4790656006357024	0.5747500338510405
0.47070435214225786	0.5788759349792988
0.4752442010857136	0.5617900261288046
0.47826406327736704	0.7178345714898169
0.4755979638185465	0.6426176968036733
0.46583551817916263	0.48152205063645337
0.36974530230110664	0.6226312186631668
0.48324909382046427	0.588590727100007
0.4561210826800892	0.6248642481152739
0.4547047414704753	0.43707526992539686
0.48209817454906356	0.4148976799751455
0.46879961217798316	0.5231421335427805
0.49336695830303257	0.46582597346979737
0.3932858858619275	0.5859846326407264
0.4477995987331407	0.562992861485659
0.48185637478224574	0.5234965310876842
0.40776455490577895	0.5686901664340632
0.4891443765584315	0.5318855627086868
0.5003084684801558	0.6484375320712442
0.4566112400175807	0.3116248011430808
0.47129702961686526	0.46319569689594514
0.5062882503271479	0.571380256602405
0.4796734951518057	0.639027645799185
0.29169336031088455	0.493844668934677
0.4791410298112879	0.49715897417234617
0.5468587913629964	0.3940267330229978
0.4975074003021277	0.2808212170326421
0.4758176432572464	0.42621972759650817
0.4703241386540955	0.5599406607991322
0.47169577329518825	0.46245340229405946
0.4680143141803915	0.605317620976035
0.48179377960781045	0.34605403037799576
0.4908964344131684	0.526857144157198
0.4849385401808254	0.5008031497489569
0.4842854099936802	0.6048483681655572
0.49570806437565956	0.40993366324204844
0.6462057775466837	0.4247768213337272
0.5171499673201702	0.5253483123351845
0.5108037303847633	0.2545612521878754
0.4817676693813825	0.6835545414516321
0.4816938313117191	0.4879904358139616
0.4668146487782085	0.4979709997288218
0.41746138552470646	0.30261466252854974
0.4709159077203512	0.8485863592567601
0.43482861489578034	0.42885292244936674
0.48301408104353627	0.287568983063521
0.47064270024584787	0.42207020162722364
0.5153785555813042	0.4173382490238473
0.8518393766317687	0.2839684692023713
0.45438389200599255	0.36603390158887544
0.4851372998650037	0.5993132954808218
0.47308057161301353	0.5065144122202413
0.4716461538730028	0.5176461191558139
0.3747807186670674	0.24284030546663815
0.4777568320604103	0.45596326731271036
0.48758145487664384	0.47233357008515015
0.4998754175597186	0.584348991767937
0.4631649326495807	0.6989829540173609
0.4084667715408357	0.6986761016235927
0.48039088844823863	0.6069157038269068
0.4610192315491983	0.5671123845598163
0.48597702315451025	0.5739253845662883
0.4625871986585564	0.5551122260960141
0.47173080794641886	0.31994788000851737
0.4675919315052245	0.5543514405547818
0.4836410841617707	0.4927334402791709
0.4733167854149979	0.3144952997181459
0.4626770575958011	0.44717208526768815
0.5416388584390246	0.5122718191485232
0.5209818438849093	0.4675634496747161
0.4895170860385128	0.4346006627700234
0.46695041043544944	0.5300101116500564
0.47637388936126257	0.3679530561109324
0.45999966090691574	0.30518604220392037
0.023488606117975076	0.6151407887678841
0.4054550189484166	0.4937747080861162
0.5494107773882838	0.3297156750203131
0.4790137608428842	0.15779101863951975
0.4703609428649815	0.6442840770509759
0.07775870278101521	0.31476180472206755
0.47124667870587283	0.2246474349545282
0.4672838825635382	0.5075877154704282
0.46448967895642745	0.5998784871836811
0.4871798468524792	0.3654111271945019
0.48211700093892823	0.5576409607936467
0.47551138542318566	0.4368595792626257
0.4980136492210502	0.5900827445111833
0.4588771039122281	0.4646404865519141
0.3706438569225102	0.42020849913483865
0.4511883077497189	0.3620264008825977
0.47418707587096626	0.40044108643364756
0.476564444295794	0.697801444632419
0.470378749985242	0.46525136554749835
0.45459457036697015	0.5990671640024205
0.5105864214969318	0.6110860290704094
0.47542989469386365	0.4579766830078095
0.41007736808270584	0.5079431292368392
0.04631565419297079	0.47649289288634056
0.47096277881711635	0.38266795693350325
0.49173976932912045	0.46317945063857857
0.33346616848956806	0.6819095801875193
0.4706112360868954	0.5318014374711015
0.47678103046563103	0.5378526960381722
0.5242523698431997	0.40752548806686856
0.47437411231885246	0.6548101318443058
0.4393796667577339	0.2986430858573474
0.43249261319793525	0.29538965326559574
0.49859682786183046	0.4064049972564833
0.4805504337368124	0.7179164762974187
0.42203952233671543	0.7784330905019758
0.4594081107932692	0.2935491341683675
0.49918460949573185	0.49929754149988587
0.39282300138422793	0.7248129842956881
0.7607732472444165	0.5316801514082258
0.45402560731360114	0.2532213347246805
0.3959556780366864	0.5815183910869957
0.5144309804734226	0.27340519513002814
0.46571459740535404	0.644269223691571
0.5840048307623411	0.3455223648211269
0.4401457555603718	0.5834330547429037
0.5340858742784025	0.49548851106915864
0.5627497852892576	0.6334010441557799
0.4724311158703468	0.43707696826720527
0.5699980499808599	0.4816007666581897
0.49556886933681243	0.3417239156659094
0.03807151474337664	0.6532081719101245
0.6877780822032075	0.44806289425211804
0.4729779205453503	0.5093808914327966
0.46455806394345184	0.364100674130903
0.5019432228391165	0.49768610023938786
0.46704835372935577	0.3200663031017123
0.4528268009535894	0.5990131649015822
0.3743056828524762	0.4503203619152624
0.5290821512178155	0.43050545487357317
0.5264701426171838	0.4701533675063582
0.4123629443753301	0.35333178058840264
0.5960617413657002	0.7843505357399604
0.3709341066016838	0.5231244745997485
0.5322729291656545	0.3056794814452154
0.47652844491416974	0.2586544196644712
0.4804788066961986	0.2912005644378488
0.47600889470585833	0.5997279729542909
0.38571262842242815	0.5187642832252818
0.47402691930958746	0.48198170786741773
0.44752982902054417	0.49124087935025995
0.4741025259320977	0.32335824632763344
0.5445478842911494	0.38876168323909605
0.8222575662718663	0.4347770209002228
0.39838712060651216	0.250285660652804
0.47629390277912875	0.2929471338948635
0.469583402837574	0.6637238663275984
0.47254743054555126	0.48601133672977564
0.4770508446411345	0.46363023710487317
0.485338329163182	0.3127411895584708
0.4834251947560715	0.6767090912275351
0.4814387097189348	0.4087023738028626
0.39995233207917247	0.3540038653108584
0.4491496013234829	0.5733331169654469
0.39728355463884907	0.7508588739890639
0.5342960183294113	0.7109568999497949
0.49731513248149795	0.5146406910952991
0.5192923817456857	0.7258164181170128
0.47744059491556856	0.6150077368139714
0.39236484639305425	0.35954965184927073
0.5816330001300405	0.18243073819700345
0.4202823074594619	0.6693788978558008
0.4635045680921993	0.17192697365435222
0.4857525797745794	0.4991907980766021
0.5608311737515231	0.25738691998317126
0.5891747534304129	0.47637012257182665
0.6191208599015979	0.39161234849024545
0.4699410970612201	0.5247906613001802
0.47088668446195164	0.6463543920304299
0.44740087770207854	0.34286954288122073
0.5884694533405603	0.22620641094566088
0.4240073085049347	0.5631130724939795
0.9666145902477095	0.3175780019238598
0.472517447054212	0.35451657701691297
0.4691693216523655	0.5092675883499505
0.48091036370794515	0.4117073193830844
0.4709178430734064	0.2069574217661382
0.4581037907530564	0.4655930552764797
0.5362862930598455	0.650985197416383
0.5273311069365336	0.4830038243808052
0.5316351450460078	0.5543642844527238
0.48425843636473653	0.4888985612751392
0.40145981561487737	0.6936637724752694
0.4557693634055193	0.4138789133260996
0.4766094323182844	0.5545729700442467
0.4829632673452697	0.49160286934283287
0.47539893420539	0.5204712438804299
0.47125987677429804	0.5743594292683344
0.4798333980064872	0.3827043627504465
0.47886783791803855	0.7102821229931893
0.4700874338035072	0.5287342532741108
0.4775617282430171	0.5778718104293867
0.473711442466671	0.6204001006069753
0.6239676330009092	0.6256107779203146
0.4668171336788319	0.5101689112431309
0.483024139859596	0.5740414894553377
0.4733567351751716	0.6530432714263408
0.47615054742746804	0.3310553348384426
0.46947625622455524	0.3300664086143568
0.4758239166794554	0.5206331660423029
0.6645437486023562	0.6237893799543832
0.4785845161247638	0.4015104629883176
0.44105471176894845	0.37559030221235906
0.47318278006164266	0.4986040035190226
0.47212213048063784	0.4693078323059795
0.4758841496010966	0.44491005633983655
0.47092095704075443	0.3916564301543109
0.46930205327470725	0.6169721123872917
0.47383687624787113	0.41486421954699876
0.46977760482195274	0.5798470617051172
0.473471962568398	0.36235371050320925
0.4695926154704538	0.2892491046597112
0.46918194953567643	0.37509735589511267
0.47724868235608536	0.730163630000245
0.4815104968143737	0.4564631093889465
0.4744056833224964	0.7104008974631844
0.47650800391659953	0.27784170433833566
0.4685626877364428	0.33297839148125863
0.4758076408980724	0.5350523728973516
0.4693463259365327	0.602820068644328
0.4764602892631978	0.44767979495963445
0.47479266706569045	0.3426538860801288
0.4776382197500292	0.5755693809647255
0.47414615867899895	0.39073416513782705
0.4736299145754647	0.4573662189020898
0.47057376828714365	0.4173985674601687
0.47212716836000745	0.4341769836589024
0.47452493466707346	0.727261662787825
0.4748835397016453	0.4888147642620417
0.4782011811465225	0.547680501278677
0.47526888162110464	0.5835190188837913
0.478636894182993	0.47152371258887993
0.5381829856051646	0.4491397219077755
0.47199759606979647	0.2939367058664058
0.477177145107711	0.5038802895261553
0.47382771816100255	0.6896226670979161
0.4820267514173341	0.4314538323228302
0.4830276867012839	0.39153871410633173
0.48347875477482366	0.6018757689950275
0.4728316924377652	0.7134344524339907
0.35119381011439127	0.3523030783088533
0.47402694431419923	0.3681638410334636
0.46683861920165204	0.2491817147803518
0.6179097058447479	0.5986357181766532
0.48038605688837355	0.21355674181556858
0.4724008935430673	0.4568487650716768
0.46764418714854966	0.668569433679711
0.4746161990680721	0.507481699302162
0.4830093968655971	0.5960474057901098
0.46006357218514177	0.48576370370610955
0.469996773447571	0.536069575236325
0.4754897989341003	0.45123482184102576
0.34334262097034657	0.6424287353520963
0.26388685917260596	0.547586655015102
0.4403877589438823	0.7530491025491434
0.47613924474855507	0.5039514820772071
0.4784365252677878	0.39623125284922167
0.47253347601425283	0.5420789118839089
0.47415300098514074	0.47940315795963445
0.5174249562400804	0.47059113022335597
0.4749246333761776	0.6118331864536453
0.47495328730071684	0.5501302939384459
0.45831722932330515	0.5902217300181459
0.4721332029684126	0.4978168087073629
0.4786166381497951	0.7408454905949399
0.4733311159219448	0.31726510847777223
0.4714429170705206	0.5093598514555826
0.4819905188704588	0.6458001349656194
0.4630752147671346	0.45933593698616876
0.4802493233219563	0.20551224511894375
0.47516733882050444	0.5003478968236305
0.4590412710814526	0.4207575613987898
0.4739404928646932	0.25125571724764184
0.4764249641647322	0.5622146415745278
0.20770186261379647	0.39429259670826206
0.4719937014937946	0.4954082898228364
0.6824218995328496	0.18236741628696185
0.47667920640780437	0.36147678935623523
0.4817458393209803	0.5654397435010916
0.472224947901725	0.5456390343942386
0.47613453872803363	0.5472368862797702
0.4674566606988473	0.5826276288233386
0.32071517147930373	0.4806239456374647
0.47850014230655136	0.5681557642759846
0.4786838608439607	0.5512185138384252
0.4689086943474729	0.49579562365015734
0.48908604826146174	0.48151944799160185
0.4812135221798126	0.7389946686645185
0.4340923395811637	0.5567161239980782
0.4711553551005997	0.6547445176100452
0.4704638214093063	0.5612499348668726
0.4743873647416	0.538020073427715
0.47386273781856797	0.5889905032417149
0.5933810153380135	0.621874040774133
0.685493438744108	0.5603314480124378
0.4533933508391004	0.7007694520563235
0.4796250866073322	0.6006523998640847
0.4702590393679899	0.4666831879588868
0.4773760854968333	0.44973511795549337
0.5381074075197383	0.502539921113384
0.4732652189297917	0.68956119983053
0.48846848702275997	0.4227190669804008
0.6013442007938089	0.45982014013203576
0.4985276379850458	0.3687865242276987
0.4842788670446866	0.6366272934241196
0.4628891467517339	0.6080196755068997
0.4585667108226291	0.4734462093854621
0.47803937459822166	0.5359968823421524
0.4664848168036972	0.5674672761975723
0.4960775327426631	0.6599403501012576
0.5015398400839424	0.6425953991078388
0.4695665220593675	0.35613731973413093
0.48050441515793	0.44007155778972845
0.46400208362671913	0.46536937018539354
0.5119646651638531	0.6739278667682346
0.3976122750598341	0.44553079299291787
0.48235121411677007	0.7188091434061146
0.47829994243129337	0.8237356959884908
0.46856431792898523	0.687289009335946
0.48047468772205026	0.5586214261114808
0.8677297267978527	0.3512083571947931
0.46875303356929215	0.5036424280739391
0.4423263211328387	0.4109203506037564
0.4746562210182131	0.43707385796169906
0.47152533383015655	0.3718496910329798
0.9360285337176717	0.5551247895810538
0.4747582554094062	0.490434726075249
0.47194303559358014	0.4425553867462142
0.46603196217075393	0.5926228854002247
0.47611770487917865	0.5811543348675268
0.48396700798715464	0.5568691803176693
0.4738315519549457	0.43206624751577893
0.24049822869781046	0.6723552516584499
0.46356305802802933	0.6006505321306234
0.4768772334737561	0.39532731357879336
0.48186975582263214	0.5477980923019313
0.4738522958992605	0.3726826552071643
0.47856846986561513	0.6677220689275131
0.45816078991274356	0.5311868669105918
0.4766297886767298	0.7228978503971438
0.4252356273227308	0.5856724639951167
0.4758053118357163	0.4225813411257899
0.4702539722308774	0.4842573995701607
0.45085902380551623	0.43778440083886144
0.48085429728805845	0.3781912346696529
0.4720497963818286	0.44046656708443294
0.47167665157331773	0.6052195813595942
0.47088145887713456	0.5539176031046883
0.4801022439994231	0.5406985559480025
0.47725923168699985	0.3847491561199842
0.47727452852837293	0.7433345792596164
0.4809986549402449	0.2664281310935341
0.34931443214729213	0.39574462113133724
0.32930368510004665	0.6352323559572737
0.4900467867812429	0.42316073929093156
0.4719590442339506	0.7738615563273327
0.47021139183065747	0.5805053110631239
0.4747319938494968	0.7593009160967507
0.47178939714091545	0.584190099678714
0.4914360947995037	0.5035872776170435
0.48609096038224536	0.5672422613957219
0.46931162276089944	0.5719098044006076
0.46786381208574657	0.2695607405289003
0.48036777573954786	0.6161423776288268
0.4838363157033825	0.32727833947058727
0.47277311449841	0.5743853770348382
0.47275828784638474	0.4501822856972445
0.4764298736796134	0.603699602093828
0.4674782675540249	0.3914035898776591
0.4626922577485987	0.44217641561640064
0.47649004591382355	0.6340393377255523
0.46952490329970353	0.6530103849795322
0.47044790964672256	0.44323235057990923
0.47952616232784095	0.5094563488767808
0.26413271285962003	0.6639278662747308
0.4745491993047494	0.29647052873639934
0.21583482473648716	0.32042573765252197
0.4771205325915386	0.5901088464840153
0.48320972455492456	0.5927151075682185
0.47691615043747637	0.39211547044697137
0.47229806521277606	0.6248633226770938
0.48104918323768286	0.3293250652957753
0.39413349393106106	0.7628570502908043
0.4717436859445271	0.4940557463458265
0.5197182998110847	0.368615545569304
0.6775856990401434	0.32220686764888334
0.46948869150511785	0.5723998747712754
0.47268229649404836	0.6903217956086997
0.49453838321033294	0.5885039448675814
0.4797370935191612	0.5313686315008319
0.48273921529303615	0.5642869297830522
0.4796770669884685	0.39665662721088696
0.5066842948188891	0.4485046308717462
0.35051761525255404	0.46096307180734103
0.4870270380190132	0.31947901961687725
0.4494900330674828	0.3329557545312568
0.42573883930190776	0.720991710002674
0.4712993843531086	0.17268058845772125
0.4740057760554577	0.19454040182727014
0.6292780992423107	0.34785736957265867
0.46981071248122025	0.6590092467238893
0.4712197514723708	0.1565630428245161
0.5228174687302589	0.3947506221010102
0.47323931912044687	0.317267338442638
0.6071646853163888	0.6717776037043012
0.46363492865001144	0.652862801055076
0.4713028914895281	0.202567592920933
0.48155152473340296	0.4594375469175692
0.4753715738536674	0.6788603199315701
0.43032642254080233	0.4126048162493847
0.48575081206308607	0.20371944631405225
0.41289997618631114	0.3023089748258944
0.42791630679418835	0.2231245101058303
0.46901421585277736	0.5729425571664913
0.4843421906442081	0.3002459297767235
0.4778097206043989	0.534584822828419
0.47843455017362757	0.4662140985163636
0.4688691667151537	0.6066795456034749
0.47263876171958397	0.4143295857322163
0.4780842486005703	0.4118108168018409
0.4816491607702058	0.24169472834937308
0.49884998746659637	0.4163379820531637
0.455326029240057	0.36034433850018777
0.4826968648841326	0.3996292530535375
0.4757346851508424	0.24585706329992918
0.4856933983394938	0.3425196566985925
0.4781686693320391	0.25194402115925746
0.46488157312477024	0.5786567291129564
0.47488900755030977	0.3300187750135039
0.46561364105876446	0.34154133008966275
0.46746302726492167	0.3700508919152668
0.5159970708312117	0.5269445213760919
0.35068422519315695	0.7635665139883816
0.4475152897351088	0.4933582106124123
0.5128927569480821	0.34554778129106206
0.46573652933548415	0.5670432940893848
0.48355804405681146	0.5764863083190647
0.4677328771931446	0.583979862225201
0.623119811209599	0.39081703219429736
0.48516337239729024	0.6448587202972687
0.47651502021703274	0.5315895212542903
0.4573584139734401	0.3974196621929544
0.5109453305843726	0.2781260222546679
0.4457863966009265	0.47000322926141175
0.48316263010558264	0.4196249696441641
0.5045724657896516	0.24333443525930887
0.43819287288901804	0.6414234330963323
0.47389648084100044	0.6024778160013956
0.4600864155300414	0.5834965844906315
0.44092770995383	0.4054657243777116
0.4726979599203396	0.47222826310915594
0.47986151890742723	0.30967724415272924
0.3939539105026708	0.637465371285828
0.479126577122822	0.7511269635896162
0.5123832893482241	0.6102323752663555
0.4634453358673589	0.3825111277177008
0.4613128029493618	0.6423429105521093
0.4927277710346929	0.6322698586196862
0.5097588686941283	0.36583297831506467
0.5041358300201394	0.25497179001773385
0.4671875451584552	0.6065596695195159
0.4476047236247436	0.5575362249516962
0.46240445328983204	0.34566911348357326
0.4786716191038339	0.20274519009161104
0.5487732277759415	0.466178994251104
0.4596794214926307	0.116069011232656
0.5383451313624537	0.5080857779193413
0.43431182030157034	0.5926328382960219
0.4724149401193771	0.4429009177378107
0.4788294000686467	0.41102245901133705
0.4746630829617791	0.6920705498445999
0.43530071718460167	0.3505290310776727
0.4698199319169259	0.46085549966121886
0.4724446345089425	0.27698093264066337
0.4693837917141816	0.6930967512003728
0.47363136552320484	0.14289906282993473
0.4683707770935251	0.3581556025286259
0.4695156024065653	0.16353387695722402
0.3658532833931367	0.47248382660361155
0.48271015314438087	0.2242771938057932
0.47643794085759755	0.4446377394202019
0.4763127263625508	0.5262751090879066
0.4263144467450589	0.35367368574031754
0.4699510252747131	0.5489494366720378
0.4999482761751524	0.6067045619573886
0.48316457221394216	0.5473945182903645
0.4703834453388454	0.5880483584679926
0.482183752091703	0.5543697720306643
0.46300640835165063	0.4899179244895482
0.4642484156381064	0.3697780869230829
0.4790998459341435	0.6138746306890885
0.4798354130312444	0.6578781429998224
0.4946324719420418	0.6405431469649528
0.5733334045733938	0.577202493661005
0.46934306672028775	0.6216931723598612
0.47764188861332046	0.39878608700323
0.48113179363296404	0.4978130199905261
0.47478354658090904	0.357170926848133
0.4762462739266546	0.34346208494751634
0.4850191570739097	0.529815929510326
0.48044847604442026	0.544042785398825
0.48011386060811945	0.4769359700960998
0.47842099710989866	0.3797564506537715
0.4691514255938747	0.42249719346292625
0.4685577750755135	0.3872523010296278
0.21155586630804982	0.278674805600349
0.48511040136558475	0.37923758222115883
0.48136646625932766	0.521645035946608
0.46729161897707955	0.2579420142342038
0.4458944529416194	0.4255115048732799
0.22634179095784474	0.3479934466683461
0.45086924303490505	0.2939629309868955
0.47271254042120536	0.5610038531086394
0.4694503339888738	0.4927047807209253
0.471321945598249	0.4406235517832581
0.22795295031594268	0.4560057385382634
0.4584676405883128	0.482733771182322
0.4786606139949669	0.3583285063985469
0.4779704007033612	0.6191423048461803
0.4702063233975413	0.5607823136067568
0.4858310971299024	0.484936131175396
0.47626370889340436	0.4086351347538389
0.5496656134152182	0.6342746891074721
0.47750722080768715	0.5089644004750036
0.47329144476113283	0.3742515320957201
0.4759499858110584	0.4073404737279089
0.47462230610281037	0.604164674626024
0.4789797262923742	0.46521064623234204
0.4790230408434959	0.3092037510080642
0.6312859136218245	0.5321649882892271
0.6225235484422472	0.38363036986891164
0.4773049932977512	0.5390784813781069
0.5094765756164868	0.42280028114362483
0.4665504062877925	0.30914992977899325
0.44413119343811747	0.4712315926216502
0.48126156823905064	0.6655266843617367
0.49039811373827585	0.44642099325688916
0.4678653375475239	0.49390967993049756
0.4776443454601667	0.6176534473458503
0.4642777146308694	0.7243564601657374
0.4752882746730629	0.36944056378055384
0.47592148284079155	0.4079040000493393
0.4963962200437379	0.6665187542389944
0.14459274127570293	0.6079870112009825
0.46866630101401174	0.19988472193605852
0.4857134440128004	0.4724289100069788
0.48558843042281574	0.49497442094333616
0.4764028559331821	0.6116407603462951
0.47713029354326025	0.6562022618878571
0.48874469792731434	0.8575591042782654
0.46839111786999355	0.743402673631925
0.46137819671906904	0.4156088084838406
0.40629679353798065	0.6698110645341955
0.47185936754536006	0.4308357273159761
0.47414125349112446	0.6449005243016901
0.38105165521233414	0.5851657956187749
0.4825761949970222	0.3917230616958756
0.4861245449918127	0.5867333365081737
0.4755427265225567	0.5017613160965089
0.4697560653446503	0.539530199069078
0.37081256185773726	0.6576327873073551
0.44892259248927296	0.5635710321647007
0.4777583589428084	0.6297029478465606
0.46917268349266955	0.40982241064364944
0.48031233564803516	0.8365692863874273
0.36124843051779165	0.35015983698489633
0.44915885227804164	0.5596214464515358
0.47552479193827235	0.7793999623696206
0.4759633332510451	0.5130195569498245
0.4719743050872784	0.2845079296327557
0.47776713487418787	0.4568804326168653
0.5141938127619452	0.4417649374924803
0.5371422477717117	0.2392034957803833
0.48006422766612916	0.5310206616359193
0.4715138299933054	0.5417546831121192
0.4792282413387369	0.5237715115689638
0.4743546650895036	0.48458914289985267
0.4787683028735194	0.38090053268754287
0.4868795549719202	0.5743426376615935
0.20535490735231027	0.544837530166595
0.19932269016136578	0.6130781272429476
0.47807280309252054	0.40610114415720994
0.516828895852557	0.5727317607113209
0.4650588751894505	0.6239558396382237
0.44907390600503644	0.5580409594446235
0.47267873397557475	0.6209843506067811
0.4730931663285228	0.4792182203643382
0.4703743873179024	0.5790575281358962
0.4808786749713842	0.45081922484554193
0.477880322238883	0.6636446324980141
0.4641240069395124	0.39847943486960913
0.47494211819706567	0.5398896397944022
0.5075186973313661	0.5960048689608802
0.635500803092257	0.6351761103446054
0.4821192622072428	0.3579625288927873
0.46608307069762583	0.6755299057954208
0.4263730138930237	0.6218170634798729
0.4699709381572413	0.4479215136890488
0.47512177919055304	0.48600506212529687
0.6243521536477333	0.610743414532765
0.4805858693179696	0.6202226719245953
0.48189755722536065	0.5422685358196093
0.5223080183322143	0.45601003372915805
0.4852248880579979	0.5620292412358668
0.6024635584389484	0.6781638493738036
0.4809600592874085	0.5020834188497825
0.5047820587421008	0.45768108360227827
0.4771507986769802	0.5631240515306349
0.4514513359025759	0.5624778609727612
0.41669556691549325	0.5735808563234789
0.498958372552655	0.6356452057564141
0.49373336475063057	0.6152100379797509
0.6870524765449538	0.4424809673752558
0.4787207138939409	0.6230682954160566
0.44678766124693886	0.6838586049490696
0.47416761089889886	0.3858798676906749
0.4673783081190662	0.5353935337978968
0.4586069329110739	0.5991567997772725
0.47124842475455425	0.6949880468384837
0.53771341635372	0.5625671595445715
0.46729441958804585	0.3421140006590123
0.42804192179225875	0.48233952447092876
0.46133776467629545	0.3775609283692909
0.4791159908553522	0.5047027244968917
0.48093765529680127	0.371997860687819
0.4942432324099408	0.5414443475706706
0.4735272711048372	0.4811658145206843
0.4817047982477548	0.41802421669124007
0.485068186381964	0.6117731114503601
0.47582769787529766	0.5758248077083218
0.47131721859805414	0.6771858638591164
0.24743989835514843	0.4295816200245666
0.340402457389798	0.48940466442715946
0.6562915882789482	0.4845153533315926
0.32428689886871664	0.5418460711782571
0.4158634358130871	0.5853288203906709
0.3789848045335764	0.382847904673937
0.6043811930174721	0.4743918302308838
0.8761711618873699	0.2881082423244329
0.3929356143879727	0.7491975777715684
0.536599412504508	0.4634278357879445
0.45352307175263806	0.45584228169365837
0.6148721921403014	0.3838042383710453
0.5180351221569411	0.4953784064731534
0.6334857556008482	0.3623582358064528
0.24103955296798424	0.4516653515316743
0.6301386289591498	0.6982511349513127
0.5032371392635155	0.48981744644104147
0.3394144705768244	0.47156788979396436
0.6396498842674682	0.28834662898660324
0.5886654586981781	0.5557882365381474
0.36782466579982137	0.6209369762543433
0.8845194534626145	0.5130030920428784
0.41121710852215043	0.6273978339788954
0.47377821633476996	0.7512738154656253
0.3778306011553843	0.5944548648821424
0.31422059460291274	0.5086163702542896
0.4657666223038764	0.6754911597426652
0.4438616703801045	0.6118022064065884
0.6217133610187398	0.43686158585055923
0.27740187490412704	0.4982552328189717
0.41925465206505064	0.6656807990913296
0.4383178551281259	0.49970323791095034
0.46235550461389113	0.6731897735911498
0.22570861155445937	0.5271886760429373
0.20759384035456735	0.45572604317021276
0.4210808426777546	0.3918800855691169
0.47386077876179666	0.39001748342200865
0.4476284403096181	0.5680560124423066
0.5576016762567519	0.446442932736478
0.7585992536356583	0.5985320084132043
0.5152703857588433	0.5416175930714803
0.21660903386287308	0.4080757573824345
0.33345987509312147	0.39128326173747824
0.41614495763781456	0.4602491904173851
0.15197841185572192	0.5751624043507862
0.36762019139826085	0.2999924361024726
0.48025850577465656	0.4797829347572212
0.4941089882631245	0.6695357619517887
0.6624112664399904	0.6077809327054804
0.4669093103292922	0.7378908819839738
0.44317549560662384	0.34335658148633597
0.559824041751639	0.5800372218525299
0.5640682666565429	0.4256281451262671
0.33094279977486385	0.3552622034937003
0.5816289905934998	0.3016174681581563
0.4571974169071125	0.2802533737829797
0.4655885483151866	0.569041518845918
0.45776307329511073	0.4937598053952103
0.47619794813130556	0.41194464014713794
0.4912147453460835	0.5321241881926075
0.47681133028422384	0.3373932972165195
0.3974472837606873	0.39850315397366853
0.40532730587504096	0.377655249979695
0.49642623912162154	0.37498404479322445
0.4350479717541209	0.45289227795328824
0.3219412277804479	0.49984721600566673
0.4789228751610642	0.5320454708805202
0.4810315634548945	0.5429230002709763
0.4699106270816063	0.3103819662612837
0.4797798386894409	0.5364319249505342
0.4748947714963832	0.5837945668201191
0.3704716848070326	0.3226089082817322
0.45282124931202605	0.3656699910663486
0.4495925256731632	0.5865611508302904
0.4693846461184723	0.6739164892976695
0.5235412059540894	0.30860686081952016
0.4708972820467686	0.33329245060799445
0.42578378655247767	0.6653954969868192
0.3889017852295184	0.41816149352657017
0.4433066332880671	0.2952102220174338
0.3807656642307888	0.6138564567601951
0.3116016169117391	0.2770104720122343
0.4961643392813278	0.5703981323007994
0.45640506534762576	0.23559405257772006
0.4705851231618405	0.5027241987202856
0.47648075122658406	0.4556389477705053
0.5059546110309443	0.49843878202045344
0.47501334922062277	0.6425619242244622
0.4216886603328616	0.36061295119377335
0.4861449072432921	0.45851042221433497
0.4955366508452197	0.605201955407164
0.47061519550354347	0.4208292862654829
0.47940373516970997	0.3829491890670317
0.4670728331065466	0.2096167754520948
0.4700339100570938	0.4833043810889236
0.48147317622588587	0.31464143464641364
0.36630000144940267	0.5204338732055974
0.4714637581468646	0.5047852606580391
0.4773703461886535	0.47093464706286453
0.4780594254135929	0.5709203283819027
0.39093707939699024	0.24132866688922305
0.4210533492001955	0.6581739215431794
0.09732919015046552	0.49511939011522776
