0.6601677848683586	0.5555865359947401	0.6545421618563563	0.5524492283374917	0.6566886238652427	0.5509770518785141	0.6586898441260702	0.5492348339631978	0.6583766260486491	0.5478031317315692
0.663177674388405	0.5366937711398293	0.6569232127490394	0.5326196323377986	0.6575146173717293	0.5301752238553455	0.6619218795866151	0.5283719522697773	0.6588900040058833	0.5251220976256716
0.658655403528283	0.5382589705822411	0.6517329831518629	0.5367729957810926	0.6590228342859804	0.5378911016872968	0.6579257158589953	0.5379505134344178	0.658368724814898	0.5384795855292319
0.6553764029389098	0.5801226983965352	0.6576517450392031	0.5778745894368977	0.6650925667383156	0.5774114669749639	0.6557248058444932	0.5766488545092107	0.6572495841307914	0.5757395080881298
0.6608283066086832	0.5489354557123811	0.6562037238820052	0.547115118118599	0.6600015493740199	0.5473872141520817	0.6638680506367759	0.5471132128967228	0.6580983751452626	0.546993507412109
0.4847250002890715	0.5476110063360025	0.4855896484344454	0.5440856740464434	0.4836767023793376	0.5436882795021379	0.470646159234478	0.5429495562827512	0.46715529173923337	0.5403646045326734
0.4973887591151011	0.5653057022239274	0.48943143147292173	0.5653404529273047	0.4927701281386571	0.5618277999729017	0.49720679530878364	0.5611626298007085	0.47780383197239135	0.5575039710660524
0.491527668716798	0.5235833074455161	0.47755934314630244	0.5199890310452051	0.4680807761750066	0.5176590652355175	0.48571770889223065	0.5161702686606832	0.4865239542453391	0.5136502804235203
0.49193023958591936	0.5610260108678227	0.4600517760338652	0.5612425160497291	0.46538895701594124	0.5612183139820041	0.46860106000759566	0.5611926652739355	0.45890657011889496	0.5609009048806401
0.4744713826340536	0.5592090480094309	0.47479439407676644	0.5558975051461583	0.4699553678191107	0.5555623573608691	0.4943514518256508	0.5545844217715536	0.47357299279575366	0.5540491517798408
0.4607451980006031	0.579372001715542	0.4854335206579326	0.5801054363203311	0.4625631557150014	0.5798618040149524	0.4819135635763061	0.5791328465675432	0.4970895380558974	0.5784123730675514
0.47544786597979133	0.5552946281796017	0.4824439909480012	0.5520443274640962	0.47529000755989276	0.5500536111603673	0.4663463889924851	0.5498880321073296	0.49103640727518216	0.5484128129491002
0.48096192630330353	0.5596316743742862	0.4766409516602221	0.5573693916057058	0.4910071365584689	0.5569021495771038	0.4591491320565234	0.5567365941428408	0.4674231801572008	0.556270656417273
0.49638619489867564	0.5632045772466245	0.48698968822782146	0.5582317361283884	0.48972184977658667	0.554024219342704	0.4695035839247246	0.5516193929493703	0.5019916609064288	0.5470492317968264
0.4857995414362091	0.5360626534792451	0.45999456904612607	0.532253121985308	0.5011905567238625	0.5298948555171781	0.4813545748384547	0.528230910028541	0.46557864938642174	0.5258921561793535
0.4784959153576554	0.5833364515628252	0.48000279365490545	0.5812966046971869	0.45952350333828546	0.5805571872740352	0.49571419134804395	0.5798624720679223	0.4779105858822075	0.5792328945228206
0.4880979288685348	0.5321509279903452	0.4773679667910842	0.528063984357288	0.4817718223664679	0.5259706708445641	0.49640181105120385	0.5240784929483714	0.48204905698159506	0.5215481630329474
0.466151037661904	0.5653972941177459	0.468333013347346	0.564450429813555	0.46516485027055826	0.5636412808221485	0.4819259121490409	0.5625143029788991	0.4735808918314864	0.5621455088092369
0.5007473998396064	0.5674092096015863	0.49189586790757167	0.5676878234555384	0.48477788631022395	0.5679923314534713	0.4812648017195011	0.5683647201757123	0.4788701982957605	0.5683255674440987
0.4768783215043976	0.5535647037432375	0.4810810810318417	0.5499325989218442	0.47997520070639293	0.5483223983389036	0.49723971802040984	0.5465087616601999	0.4835133536413042	0.5454064727934436
0.49505346499307096	0.5550096006553312	0.495736486474686	0.5512428199560341	0.4893596683491625	0.5495303276452929	0.4940748394992389	0.54805832492038	0.46343531758612333	0.5442774572987383
0.4890295220746021	0.5476151847633142	0.460020556877462	0.5439185528392328	0.47521943347495416	0.5424862025602895	0.4932921729992301	0.5419588452892933	0.46574987177123345	0.5403807791303646
0.491971499484034	0.5553047301236953	0.48798819404784166	0.5515489364548111	0.472073050831806	0.5497065524617571	0.49885831388045737	0.5485172428782774	0.481182952391124	0.5464946324944847
0.49393341358636994	0.5586648588337865	0.4683904079976321	0.5553434747811113	0.48963750280546053	0.555045910651908	0.4978936819166098	0.5537602614240849	0.45889969916303974	0.5517913375353918
0.504225309606813	0.5555347315311077	0.4789263892260631	0.5567125455077712	0.4937996485126759	0.5562598712190381	0.4856031320461537	0.5559046535341688	0.4810762650748333	0.5554065730506096
0.4828025643361533	0.5464800665932447	0.4917654326428305	0.5430829369837804	0.4819076188829588	0.5414518149976696	0.4956805687404227	0.5403253478967088	0.48500426466273056	0.5383303373303421
0.4892021773011699	0.5362661366888228	0.46541237159262816	0.5316886623981748	0.4673008381202615	0.5283283449167375	0.4590874427591246	0.5270532375376751	0.48543964062976935	0.5234824886944637
0.48558970769265664	0.5524435151575098	0.4950795143767489	0.548810089288759	0.4693425775408664	0.5470064306798735	0.47129031697413687	0.5462511781508512	0.48615086519686823	0.5441623363506626
0.4745223061079985	0.5711381617876099	0.4600687916347696	0.5692281480170481	0.46912203880791586	0.5693584885948274	0.4922090665188397	0.569284007002265	0.4917634693251906	0.5682144096261419
0.4836889902755283	0.5424392000011292	0.4994211452699789	0.5382716031434845	0.48081894299643363	0.5362637174291859	0.4632758502977186	0.5338149564351096	0.4661377629963005	0.5310625360165258
0.49566666118350855	0.5812358546378537	0.4874911518411912	0.5788034348133727	0.48870116929303953	0.578229611618117	0.4890082906332223	0.5779733947539768	0.47517618723186356	0.5768980289384049
0.4972041676004405	0.5491006833917192	0.46897342672854314	0.5458709144183782	0.4696276952116235	0.544432920126413	0.4827232102310943	0.5431936603904685	0.4951820004541105	0.5413721313277486
0.47522127545403325	0.5450249878560662	0.4730512655441148	0.5414576376252672	0.4891499182181972	0.5400122552941241	0.49596851413872334	0.5386945546664554	0.49730410384092855	0.5362296128627164
0.4903597481170557	0.5443143937396752	0.4687814576354261	0.5396005500892409	0.4948859635402256	0.5373302337520945	0.48826345802422927	0.5359261566755439	0.4588617662968542	0.5325211072201371
0.4718455295405809	0.558992556301692	0.4975776250222592	0.5566133784788727	0.49717483117289835	0.5561841092970422	0.4938442487830363	0.555845193646755	0.487661523350205	0.5556091505674474
0.500472163432568	0.5815247135599586	0.48688947042094854	0.57897141427818	0.4834419573805986	0.5782734759050107	0.4808101496418226	0.5776146315147159	0.4806929231720091	0.5770311010024678
0.4685451208503202	0.5320473136700806	0.4810026838807823	0.5293994980467596	0.4806682352463306	0.5289666133283383	0.4932841576906386	0.5309947265425391	0.4777157319068555	0.5310372471254556
0.46718497339788095	0.5605672094911777	0.46840704183951837	0.5549644779768491	0.49379958136592106	0.5536253370191379	0.4803187242118051	0.55187481212264	0.4947646232575598	0.5498533980892625
0.4729297397391173	0.5620173704762548	0.46005010991992584	0.5562493081916515	0.47655564173799064	0.5539351708942712	0.481085419910973	0.5512467654461329	0.4653999737509639	0.548584101428617
0.47800436106500444	0.5712252143222857	0.47361343881900797	0.569900458588075	0.48182453255328944	0.569515952682445	0.48212452391423327	0.5712818109878168	0.4947566085787034	0.5703989097039748
0.495145980483346	0.5849481460092173	0.46010117324914657	0.5850646167131269	0.4886438196816416	0.5849204795389442	0.49619050409308185	0.5835697940321959	0.49540941533306637	0.5812198760930937
0.49921242805342325	0.5452839170911993	0.4600134621565198	0.5411357941550446	0.47620507615558083	0.5385072878806874	0.48288199096559986	0.5369903266457471	0.4699399323232351	0.5340697765693074
0.4726564590696112	0.584805290433837	0.4669461963462772	0.5820027388184217	0.48865142889662017	0.5812179847553159	0.4796626102925537	0.5795577401213808	0.4589470391331763	0.5784842817325285
0.48179478389240704	0.5500349254256093	0.48863458112645247	0.5466872320384546	0.47921783440259713	0.5446771792116792	0.46940692493064023	0.5434421820250792	0.48731914551652433	0.5409415658031846
0.4912225904980431	0.585051526866244	0.4802424892297927	0.5860925763387526	0.469422463753054	0.5847066067648018	0.459204075582726	0.5834462899998843	0.464583482507941	0.5828195383614577
0.486238354033972	0.550141108845561	0.47385626494432886	0.5476060306571344	0.4926708520767913	0.5464344410616844	0.49129894000716123	0.5455366232222052	0.48818452217005853	0.5435354555132473
0.4712852356970462	0.5608463147648902	0.4765939585372522	0.5579989016355851	0.4972623726933319	0.5555276888132892	0.49357975066246623	0.5543992378475473	0.46321833488270153	0.551445679537205
0.4966575562825571	0.5393338576534383	0.48575242818463316	0.5359429160396098	0.4965708854792677	0.5345226949240055	0.4914339711382309	0.53358265925072	0.48802013338761346	0.5316330142078736
0.4756702132365178	0.5392428380424702	0.48743947039432395	0.5360507592323094	0.4876611970623648	0.534398940451016	0.48404438040936215	0.5332111739922075	0.4897847568503284	0.5308652367023122
0.47694152156791003	0.5685746710359918	0.48387526516874513	0.5654576671730566	0.4678843962100631	0.5635851152431507	0.4724430592741059	0.5614204435985387	0.47154965353688716	0.5587738023109868
0.46533762365857956	0.5534898341916896	0.4945802049772076	0.5514064301597029	0.4840547242366256	0.5499249598597996	0.48500468821544823	0.5491381578050383	0.4843714455812709	0.5519549774920269
0.47882076938533374	0.5608111810777129	0.47448574673030497	0.5573499119868575	0.47153152377583046	0.5550062722004031	0.4674571048823045	0.5540267061019192	0.48772696087748646	0.5516347139541595
0.49709858241566546	0.5699767734929844	0.48925368832389216	0.5714624206477584	0.49065558261414227	0.5715386688695931	0.5008065564842463	0.5719673457700347	0.4900240600806924	0.5717513066956726
0.4957776108105575	0.5453227070162976	0.5070172326983702	0.5418909985690165	0.485747215157053	0.5400585570291057	0.4734043810850754	0.5388392216832264	0.49088610663300325	0.5371864752656886
0.5067301760662813	0.5605143411092403	0.46004890924687303	0.5586791202273141	0.5055718378413206	0.5580842844743316	0.4768604923935878	0.5576872362481237	0.48440727840374004	0.5546371475281731
0.4634549086301941	0.5469476460860926	0.4795151411483858	0.5434007843264181	0.4709818736642774	0.5413488192751894	0.48655436389478995	0.5415635798829888	0.502251278215379	0.5395861774656208
0.4806909145305259	0.5459396658306009	0.4880424022759148	0.5416387762446983	0.4719669062411798	0.5398656782986038	0.48836565642531754	0.5378190583223091	0.49361339029180584	0.5354036372729104
0.4845021711465968	0.5570014583902543	0.46898128897135977	0.5538456689378288	0.4819263500086567	0.5520403323835813	0.49034270543099745	0.5506158531825983	0.48544856411384424	0.548518604417446
0.4886751127584188	0.5248419869829501	0.4726591612633175	0.5217103182510515	0.4714940073114911	0.5204547940302764	0.4647894879116023	0.5200898668981613	0.4907256983271242	0.5188812674177903
0.4872106757081447	0.5599599786821615	0.48593340745213126	0.5587124389528845	0.4594768886656784	0.5564497283863064	0.47020400887500546	0.5545609105645728	0.46757565143225105	0.553172726553854
0.4942384986821955	0.5689391169467858	0.4600685866723365	0.5699991633570302	0.4704050855136757	0.5704769879902414	0.48142119855828797	0.5702659773094245	0.47714293794840607	0.5708941017540504
0.4607451980006031	0.5574166346362941	0.4871154995851964	0.5552094924559516	0.45947013484622945	0.5521380238085049	0.4939715989736778	0.549666261397304	0.4795163790185147	0.5457476982910814
0.48797444320431643	0.5482422219867851	0.4746055697682114	0.5443510478497166	0.45944854459077167	0.5430626974499065	0.467196438895542	0.5415290132057615	0.4759686609132742	0.539403262358886
0.4798410112315112	0.5232013525281151	0.4947374286935545	0.5204724015692621	0.4713802953113546	0.5202251675101687	0.46684620138186245	0.5192372456367492	0.48428646149862453	0.5187346591709557
0.47228526656352937	0.5455169837190178	0.4727612761590533	0.5421159910333432	0.467919730700411	0.5406773014054611	0.46904295756995157	0.5391163371320543	0.4786065971657433	0.5372981225838493
0.4771911050602323	0.5495469714684587	0.4823309974921177	0.5475070412913423	0.48047517193953776	0.5465090490584663	0.5055441413376356	0.5455239065520421	0.4789500878562606	0.543191526840443
0.48627549069885256	0.5381448559572081	0.47211311497625047	0.5370055606737969	0.4872651183806866	0.5362502746262573	0.4742145964564165	0.5366028544681974	0.4782182161823465	0.5350435248565869
0.4905258224041526	0.5707250977922598	0.47281551623342405	0.5692022767229988	0.4893143315859347	0.567199750801064	0.459169369822288	0.5677331776820044	0.45892640447986155	0.5607599659010835
0.48944427127177653	0.5791188310129793	0.4729332985882019	0.576915673114673	0.4925817831044195	0.5760223272855569	0.5001586405184383	0.5758736404368118	0.48388311686314583	0.5746186568340764
0.48617510398106595	0.5421695855264209	0.5018256461104023	0.5380614119590046	0.48251756896936393	0.5352321906802158	0.5084874668832474	0.533325051056919	0.494651967060075	0.5313189710869709
0.48648631351057087	0.5493954684757955	0.48956915488098784	0.5453293006045832	0.4650420587803864	0.5432644605569519	0.4902588390927912	0.5422889153864812	0.46550969677611476	0.5396778701435876
0.4959953730058057	0.5556601046136106	0.46657466599388625	0.5530769562403217	0.47386925931337187	0.5519877262756836	0.4675974989977986	0.5516460763192036	0.49064354165456947	0.5510680346676967
0.4977608622011725	0.5543509685511291	0.502160744648773	0.5520404852933629	0.4652547540117846	0.5493455938474618	0.5089206565447182	0.5475184693383329	0.4669003647392044	0.5457070962034456
0.4607451980006031	0.5631678167000865	0.5011031022419153	0.5590214198132277	0.4594775514346481	0.5575042851811919	0.472057503636345	0.5561067979343048	0.4837011798120532	0.5535512433274684
0.47188911142925904	0.53767956731672	0.47671850150433814	0.5336026999918204	0.45942475788570714	0.5308261752107692	0.45909202870635785	0.5295086611058544	0.472487046870484	0.5270894623327502
0.4916269969798642	0.5444267127232022	0.4672717796370946	0.5413747309609802	0.4759696481804183	0.5397298186778874	0.45911208592055475	0.5388288438411492	0.49182609674423194	0.536934492823876
0.48040903502549276	0.5660994499672671	0.474337253055715	0.5675698507043649	0.4594930472155189	0.5669455687701702	0.4708642096033094	0.5666648145369203	0.4820868389641551	0.5661190369270448
0.4607451980006031	0.5861638814508927	0.46010247673587434	0.5866538291398425	0.4996521981997189	0.5864261059788909	0.48052320960293277	0.5852866366095452	0.491891773962954	0.5824257294032719
0.48303225640756947	0.5558915589111927	0.48847932015187456	0.5520610029389594	0.49177980721716574	0.5491568441341274	0.4907462001671148	0.5468370828204434	0.45888285981866994	0.5442854872709771
0.49312355790674167	0.5484542657370808	0.5036724835168006	0.5461239133365887	0.4738932263523601	0.5457013198875381	0.4790386210320554	0.5444979320648313	0.4898797113056072	0.5433266274609432
0.49068525039804856	0.556690158417699	0.47933326983802826	0.555104795698776	0.4874891816480976	0.5548012862144492	0.4895592954124268	0.5542902137377355	0.4814628512598389	0.5534223550818668
0.481706755537543	0.5530534436524388	0.4708291012270588	0.5489859397646116	0.49819999243568974	0.5452149496883776	0.501237876112721	0.5427878622324309	0.49512959444406257	0.537543810602398
0.4981561218158707	0.5653326697881184	0.49258362101127023	0.5657490596025182	0.468233837649312	0.565682818168951	0.49862095394031547	0.5687201433643937	0.478977487454032	0.5720467888617481
0.4916656806273339	0.5421665066842667	0.47135673963522373	0.5384132170083866	0.4900050645405569	0.5375597771252307	0.4933319648799473	0.5362651418684944	0.4983074952459289	0.5345370066274184
0.4702218403018382	0.5818867092651937	0.46854572989670856	0.5797088423941169	0.4700222179551341	0.5788224576143175	0.4591959492579387	0.5783856094513307	0.484916456490847	0.5775400795947221
0.47811513772618497	0.5557469840097702	0.49214874023129873	0.551568678369767	0.48408030395261087	0.5498727545725393	0.4705576563727708	0.5488829332861949	0.4843834203059397	0.5488336521443489
0.4848621859676674	0.5447297711902961	0.5062542998429307	0.5402092682825629	0.4697841418648137	0.5378023626769216	0.4591080454943664	0.536294624151846	0.48114667871569483	0.5336915677444459
0.4886591968554776	0.5703862743772442	0.48329906098464825	0.5684525956217852	0.4824586205475676	0.5667677464535116	0.48836250610093285	0.5654803271585173	0.49013197435516875	0.563983177277975
0.4787514747250424	0.537635849696433	0.4721413527142025	0.5344365955350638	0.4682936488073827	0.5330428181049475	0.4931665541608085	0.532596621831825	0.46842037319253244	0.5306662549870532
0.4697118586013285	0.5468979174583701	0.46870101852789375	0.5439327132722327	0.49768751387086924	0.5416757995371229	0.470200171173939	0.5412096263958454	0.49886239747225736	0.5421837712682609
0.49162543389072433	0.5593181058227057	0.4803708424591475	0.5564592403481701	0.49325862900843165	0.5555511987899555	0.4720757438148467	0.5546953934922567	0.5025379027900536	0.5547662680296239
0.47326129685306173	0.5849250142117421	0.4732921416113952	0.5812016932721862	0.48243544796082805	0.5807804146165608	0.47960966089718765	0.5796509366643483	0.49422658678771375	0.5782030449798905
0.4972395385839526	0.5690520202335537	0.47041993322948406	0.568660227766551	0.47198814583203097	0.5679133686678013	0.47630330251710296	0.5672055488318667	0.478226664191434	0.5658224246045042
0.48550983862439995	0.559415775398523	0.4889437615074228	0.553975989702384	0.5045068591126226	0.5494009990321866	0.4652081831595792	0.5476264458506093	0.4684779183495685	0.5444189788110296
0.48480958253984546	0.5855164258034578	0.49417154241721173	0.5829791567250332	0.47864275031591436	0.5827293202143894	0.4592042934226757	0.5821821643718025	0.47708356716498695	0.5812998944053277
0.48342671645202445	0.5409562682325196	0.46000872279646876	0.5377871841435853	0.49462641094056603	0.5365578910197064	0.4764627411738047	0.5353632164669627	0.49364003491667285	0.5338163560803777
0.4766314144696267	0.5593772419247004	0.491282374318061	0.5572272883901731	0.4750929871837541	0.5564321172143559	0.5030337189345667	0.5554283390651364	0.49412393167836777	0.553095493656969
0.4807933462874317	0.5554647388836724	0.46829228652231586	0.5533351961300205	0.4684049724980524	0.5530578827089478	0.49233164888626235	0.5541288688403528	0.491827052179628	0.5537656064671838
0.47602512839882516	0.5525285446866665	0.4758874307704467	0.5497575753868293	0.4834915550945223	0.5472713094790703	0.48302508593582644	0.5469331838971597	0.47939025585509226	0.5471910828140872
0.477142968330882	0.5451872523213858	0.47065904365513783	0.5442208511392094	0.45944813717422356	0.5438585862950772	0.48982091457852406	0.5429890224570904	0.45887353962008104	0.5442813728275699
