0.6601629214386252	0.5524245772727815	0.659381290940605	0.5456728478944713	0.6534709774850361	0.5362232974765783	0.6666671737512404	0.5308320248894027	0.658506272004942	0.525609495239753
0.6630486446134101	0.5309785092375829	0.6647377355010938	0.5227074644266975	0.6541291601566809	0.5162893570032779	0.6609940657436414	0.5103928141001953	0.6571522075414421	0.5044658675506961
0.6608247816476893	0.5386358614997763	0.6596886141333332	0.5389185373440137	0.660552888787786	0.5403032779719139	0.6639654711197255	0.5447812933634846	0.6615265075087855	0.5529362369084897
0.658739010572531	0.5787420146520849	0.6590400344766347	0.5752308382179446	0.6601955360057714	0.5725625380378873	0.6603383671618488	0.5698421412984799	0.6613310379618335	0.5656577779509737
0.6611465081134065	0.5489581412705901	0.6632848142568557	0.5471164678951531	0.6599850473522602	0.5486504358001494	0.6618743451984761	0.5513114436934756	0.6600532636314933	0.5582599139322217
0.48895893207220803	0.5445806796423547	0.4829385519166287	0.538901326067188	0.4867314692117313	0.534413398483243	0.4773705307912119	0.5303442589680938	0.46946763288392696	0.525351136803404
0.5008930319538745	0.5594377835913912	0.48416189523478614	0.5527976012245419	0.49097194855908816	0.5473066406870855	0.5052510719330726	0.5422914118996327	0.47318370241596813	0.5337899182747645
0.47558117866170274	0.5190595310985766	0.4767182180077679	0.5112387256904739	0.4658986761308249	0.5049623887827497	0.4801132473844836	0.5027486542300988	0.49129288742962807	0.5021577532406212
0.4824234763540926	0.5603065725040884	0.46059207690335086	0.5603627414789475	0.47066649467683047	0.5577449082682258	0.4697694303522865	0.5556188768590336	0.4595465176445352	0.5517794049399014
0.47538079754731094	0.555822121857433	0.4900349650768171	0.5533260041156112	0.46790965676158097	0.5561392875075578	0.4992836897232966	0.5603385349737905	0.4822895982471668	0.5650679456037642
0.4599404249530212	0.5794667920014112	0.48706366983650495	0.5784543023109693	0.4697248178145188	0.5762569990437848	0.4795349538151775	0.5743137309242462	0.4916995139984163	0.5715934491359034
0.47130472661677003	0.5514166813813655	0.4917451833765951	0.5455797583830503	0.47510224380687727	0.5443478486112879	0.46865893753808463	0.5430046776223239	0.4839538477558294	0.5409262484013552
0.47607373126528074	0.5576831374500155	0.4798805369842722	0.5553473109650169	0.48934037337505987	0.5538853894707019	0.4606475744248104	0.5524933374195152	0.46820048616062276	0.5488979151542503
0.5027019152531039	0.555034549627487	0.4854414856076256	0.542572834286301	0.4945396086608802	0.536069242468265	0.4701455589679227	0.5303661562186414	0.4948897638382576	0.5250956814344975
0.4837500281279133	0.5305338870725453	0.46052595786157174	0.5223209644700288	0.49743907659700054	0.5169925917478267	0.48363645871677813	0.5120475842574479	0.4697250341309664	0.5070740133863086
0.4796945601113703	0.5819759396953726	0.48696440367843885	0.5786372189411562	0.46173948181396585	0.5760986285982344	0.48820766203196553	0.5697566343711664	0.47794262387008424	0.5658184965557811
0.48974296890352353	0.5270443618547074	0.4792871696630981	0.5186684801334174	0.4834011061386379	0.5114288482342012	0.5095777260685276	0.5042446145705255	0.4906060559048732	0.49703985601372486
0.47511041342360505	0.5620627118213656	0.46983797028923	0.5613129441246446	0.46834501982147314	0.5637077768306863	0.47217509592807005	0.5670854902258657	0.48093156792619374	0.5695790588944909
0.5005786697420511	0.5667717711938838	0.4866426857769351	0.5669510051992733	0.4948793201234582	0.5660261264564904	0.47645964710348154	0.562063986458011	0.4815354131386793	0.5574416645671593
0.48211803252426694	0.5499702296705278	0.4871542829477111	0.5431756403826721	0.4919807562193096	0.5383470031299166	0.5016674492430327	0.5344938298124445	0.473716799433863	0.5300697620155999
0.48516784741590596	0.5506385714973838	0.4950440712370481	0.540622002002595	0.48778581944873395	0.5309288475656345	0.4914545966258769	0.5245646263709546	0.4685826420641077	0.5182355000420905
0.49793654462524534	0.5422580747022485	0.4605523199387458	0.5365762667098694	0.47836812782344856	0.5357123315915812	0.4890818382469433	0.5393784363969132	0.4681025835598561	0.544357631574949
0.48481175003047505	0.550198356476144	0.49030833216536684	0.5436008703661646	0.4808945415157582	0.5419799725548783	0.48914784627787666	0.5399054642085006	0.4697414006528242	0.5396004954237865
0.49598259537334244	0.5563940363600834	0.47218539490288836	0.5506720950612243	0.49151683951304675	0.5452195974010051	0.4960313701325491	0.5403822934532877	0.4595214995636442	0.5359384406631955
0.49461271850921396	0.55490367439475	0.4777468857156817	0.5550909937099544	0.4831147242068623	0.5534488522510913	0.4843607401866609	0.5518142544930646	0.47516369483185644	0.5496199455508175
0.49513671509445617	0.542452850379774	0.48643502319907644	0.5359220282050319	0.4864695158233576	0.529766499006548	0.4897158253609595	0.5240943098824357	0.4891924522163238	0.518617601962159
0.4875394951747493	0.5296106318297835	0.4700754346877893	0.5186490611487482	0.47114552184676617	0.5102839320600112	0.4605574619931201	0.502447408323064	0.48514969916770234	0.49795559542835405
0.4870873651435241	0.5489622389871319	0.49251179794882866	0.5434463198930303	0.4723665037446426	0.5383052716139758	0.4740266273169776	0.5338685630068014	0.4867718529940954	0.5299165257344014
0.4702029923086753	0.5710374464818445	0.4606122575107021	0.5680511465201998	0.4689324404419768	0.560385166363798	0.5071203236965024	0.5550517591905384	0.4900195362689229	0.550175061357571
0.48100132914945004	0.5366986399296232	0.5009921204921065	0.5276285507739179	0.4829385384912303	0.5194978242565214	0.4693281847391849	0.5124506310812955	0.4639355019796947	0.5057721065600098
0.4916433333416321	0.5793893499245042	0.49601379830191783	0.5761510863244681	0.4837309010531231	0.5673531306934062	0.49599814598901415	0.561709169189272	0.4775472038980473	0.558326329065356
0.5021260954964378	0.5455880287703238	0.4697573065765705	0.5392355082733163	0.46688790749685005	0.5360442807062636	0.4782948200403827	0.5336837402327914	0.4999886736691941	0.5312134529946889
0.46722322035991165	0.5413900042158754	0.47115490121270337	0.5347727938341448	0.4878679013445449	0.5287563596556404	0.47871100971218455	0.5236216258820016	0.4854820176531591	0.5181581972542793
0.4880656081017206	0.538951520939248	0.46965778112256235	0.5297393557888259	0.49329631416133085	0.5236914319687269	0.4932639931698027	0.5175871502285417	0.459472779042015	0.5115131979789307
0.47091081121165085	0.5573388431401485	0.49232975467188617	0.5543414379316609	0.4957335244921827	0.5503768983814049	0.4974007998115086	0.54608318003853	0.4927524396814784	0.5417722899201799
0.5008306603690204	0.5798344487261954	0.4885495045299313	0.5764794699194763	0.5006613039869846	0.5737856919976508	0.4761781182566264	0.5703121472218913	0.48919166416979254	0.5664132005626624
0.47162330868385344	0.5313128767455702	0.48222040135909827	0.5313282865057712	0.48207187568425525	0.535418568391536	0.4901973980180869	0.538754142939451	0.47291865712511594	0.5360747560816663
0.47012847003906566	0.555308417712089	0.4677600029397038	0.5487026979514507	0.494148429423703	0.5424953962668219	0.4887275075200385	0.5387680118261297	0.49102441742097874	0.5347279831609674
0.4681016660199939	0.554930145124692	0.46057806139517626	0.5451079746045853	0.48003585454048414	0.5382236610619074	0.47908187517836526	0.5327038032407206	0.4651212359278711	0.5279215765068906
0.48079586880028063	0.5707726643882648	0.4799547317905122	0.5707572346773951	0.48803124967335587	0.5739483055953332	0.48568247029768896	0.5764880236415486	0.48482926791389164	0.5738261002650286
0.4945265490363814	0.5833576864286393	0.4606399431450002	0.5791527140295631	0.497248427451551	0.574718080702659	0.4926958350477909	0.5711837696238659	0.49329208758451026	0.5663530003546552
0.49069905472733233	0.5399184827372686	0.4605451906690242	0.5303569620230687	0.48252354299080913	0.5233419894780599	0.48945060377053295	0.5170896711298377	0.4787090624758959	0.5112782240713855
0.4771354875253384	0.5822779350841484	0.46711142657627275	0.5762392956837407	0.4944630078539558	0.5718575026651829	0.4753194021167651	0.5676228787123001	0.45957387656165405	0.56109343185842
0.49339026181921003	0.5462387774701594	0.4799435722207641	0.539666906515731	0.4784614049735233	0.5359644100870534	0.4659563271637422	0.5318784131008242	0.4825033575491761	0.5283139099212688
0.49339012095310014	0.5839869534353586	0.4799448132364937	0.5797819323350283	0.4665196806011309	0.5770735963102165	0.4606986592087014	0.5738490502533864	0.4690060040282877	0.5705445083049888
0.48428960694100637	0.5468565568414065	0.46404824731633443	0.5409843816930519	0.5026945412206196	0.5382472327948585	0.4955503208835815	0.536957139891387	0.4811079867632998	0.5393532374405212
0.46920915844578226	0.557376957383656	0.47792199749583	0.5507698002006232	0.5069128234391195	0.5454508612762554	0.49531827921372923	0.5413086943588579	0.46936978522976547	0.5353770819080835
0.48836857196917327	0.5364922490821167	0.4787193704681284	0.5306107308904809	0.5040272932307647	0.5259176281022966	0.4982249012498845	0.5192903175762653	0.4926199650349459	0.514015125510372
0.48479664553126295	0.5356122407592784	0.4909701773137333	0.528819344122203	0.48905288863711566	0.5231824661403255	0.4819260517837193	0.5185883923448665	0.4915083184029732	0.5133213934640815
0.4815134806950289	0.5646397948435404	0.4923814308510587	0.5574896858404463	0.4730013316273429	0.5539653513531981	0.4681203683534765	0.5484682160044637	0.48095240426118435	0.5433150055590832
0.4724698395209864	0.5490220839263821	0.4946504535364055	0.5475795222185965	0.4772618036044114	0.5490693262232685	0.48167233898737016	0.5532010760724713	0.4960807403316891	0.5534029414790534
0.477859420554884	0.5562625951491195	0.47289991530828024	0.5487693054858156	0.47716341218100106	0.5429188301299215	0.46666286418359165	0.5375045768102513	0.48875024212092144	0.5325122963301213
0.4968621104173318	0.5706353165538354	0.4894132492177715	0.5711033418602361	0.494682437305869	0.5718646802357914	0.4964860065002986	0.5752940240369672	0.49873701937332865	0.578043308085183
0.49644389773556163	0.5415589403307005	0.5005246017206614	0.5348486972921455	0.48281110538143684	0.5298235611916579	0.47988037531145245	0.5254443228952113	0.4795961917845491	0.5207029489029573
0.4980251655656003	0.5595331492188599	0.46058981819719036	0.5525044473514702	0.5092527562986017	0.5442198060385282	0.47633802650248935	0.5388785057081776	0.4893242480487287	0.5332528475596762
0.46484952411735736	0.5413794794810615	0.49565270552961765	0.5359267593552944	0.4742017962603696	0.5341397215909492	0.4849909522777188	0.535353497497733	0.49300427877746317	0.5388207592222931
0.4744802523541988	0.540451101637571	0.4981651805488663	0.5323825475168174	0.48389138001390397	0.5274601137830787	0.4876529440765029	0.5233415623266607	0.4968678869278782	0.518705921293588
0.4877032109116699	0.5535381849747695	0.46537713080528037	0.5465511001859448	0.48612043656852955	0.5409444733444245	0.4833116828912301	0.5338572801296159	0.4914576057254676	0.529324926142705
0.48426655117964434	0.5217703345318765	0.4736427594950919	0.5172650522096627	0.47749633435584754	0.5154228873653082	0.4709060725056288	0.5137417991750809	0.4870805375597692	0.5129984859842868
0.49722826955886973	0.554864655485412	0.4973841035245632	0.5476844296948837	0.4616725686912702	0.5466084747547996	0.4678348918576722	0.5424505037752652	0.4686559896050322	0.5372488468866294
0.49221209813771905	0.5695396494346131	0.46061188275925896	0.5695598450792102	0.4735286235045173	0.5722479928769829	0.48086222224151387	0.5752290963286426	0.4801734586834154	0.5780360682371047
0.4599404249530212	0.5504190303339263	0.48898881978853487	0.5411594390188208	0.4616594839866406	0.5337739674084788	0.4867407226336897	0.529106912443729	0.4857103853049004	0.5238404044191737
0.48420746315617713	0.5450722298050542	0.4796070083691501	0.5363575097193978	0.4616497131167793	0.5301250391022356	0.47892430071387276	0.5256476366787846	0.4914403469380135	0.5206791333049692
0.4758003865787028	0.5214680690957688	0.49690927412466157	0.518178744149514	0.4745339305012271	0.5162391602112902	0.46693873808470887	0.5135737393200676	0.4935879795827407	0.5127442008741177
0.4647939777723826	0.5416726455352108	0.4710844643150697	0.5350985950016236	0.4699350849550395	0.5312479869265122	0.46999680578475006	0.528531568182182	0.4743313537461903	0.5256493080128428
0.4805067987820453	0.5474126295836645	0.48827237909774124	0.5411709705747104	0.47986507146101043	0.5369502871649858	0.506125616171969	0.5322813318675078	0.4726979203072725	0.5292182546978718
0.4810743402866451	0.537296849915761	0.47304314440108547	0.5356448490881095	0.48414875269115853	0.5333991198052008	0.4764613165208939	0.530069835686972	0.4733252572127476	0.5264130421098339
0.486022154643027	0.569208353357223	0.4665383903886151	0.5611902508686502	0.48272352825264436	0.5567175979149116	0.460654174487065	0.5538155769143058	0.45954786984626517	0.5485733871778977
0.49376497151196996	0.577460071518638	0.4741302164421205	0.5740786195982729	0.49024725603833413	0.5674731168623051	0.49737970839114753	0.5624101883510357	0.4977474784941692	0.5592988083384135
0.48953903540523114	0.5365641500302812	0.5099074629396725	0.5272134081975672	0.4808909734364914	0.5196591760380478	0.4971015713225457	0.5134263116222952	0.4936742139983967	0.5078982920768332
0.49057037513876817	0.5441749394480155	0.49265823450078117	0.5374133312558832	0.4729720165746163	0.5327976126856047	0.495340923863473	0.5284301723194168	0.4630348750025938	0.5242848663318915
0.49335125687896475	0.5526952115810544	0.4684775905350932	0.5488607370488625	0.4663126643867664	0.5488489163101802	0.46512409106632074	0.549706079183911	0.4885747786013592	0.5547775738512349
0.48686467851917914	0.5483182219147915	0.4948651143191402	0.5426035170290565	0.4725354968579452	0.5373178698847642	0.5015414733439908	0.5341207946808589	0.4651205303001667	0.530670572920182
0.4599404249530212	0.5586896707472875	0.5024889870107226	0.5507317697246553	0.4616788321725497	0.5444186435549834	0.47354243660079437	0.5401849176907995	0.4821222905881888	0.5351639488803696
0.4672856852699324	0.5321333289451112	0.47970251380972917	0.5241196875014493	0.461623177078942	0.5189934849176094	0.46057596726250744	0.5143760315686214	0.4723310413911872	0.5090376926261306
0.5010320863235985	0.540906120500044	0.4675723215885391	0.5344452593792656	0.4715347672413615	0.5296486451859193	0.4605993256681137	0.5250984487883578	0.4896135435719564	0.5204713539187427
0.47408996421873145	0.5666521733106943	0.4750313061542695	0.5673140022608467	0.4617114054746914	0.564067320913519	0.4658531856638697	0.5606312466732738	0.4859143438040047	0.5552674747562402
0.4599404249530212	0.5857586397593062	0.4606438380433837	0.5798009656117428	0.5050965149477294	0.5731261420052917	0.49610868087994425	0.569087723875936	0.48647274582412225	0.5650938341249641
0.49364773143209095	0.5496864525383796	0.4835952653481014	0.5404434167172041	0.48472950910243945	0.5333323505168344	0.4846978211620082	0.5293149695559056	0.4594966945512922	0.5235739533075375
0.4927494228233788	0.5466679669415904	0.4936452181008624	0.5415900364362118	0.479196105605282	0.5366253223725279	0.48619131453548486	0.5320169514349651	0.4846226355817558	0.5281174321571257
0.4856042730471945	0.5563105825781459	0.4790789772610286	0.552276657929916	0.5009351717249102	0.5471632286972672	0.4871651697412244	0.5403656598956605	0.47556963616868	0.5335772470917546
0.4835551016375621	0.5459467851012951	0.4731375782396105	0.5339973788288324	0.5017284130759049	0.5278265562262816	0.4927117771879639	0.5225714286295502	0.4964478753554859	0.5175837505349736
0.4970710612956604	0.568004010508072	0.4874671291289971	0.5723849854852852	0.4678432121886237	0.5727841206476898	0.49865505510331987	0.5681973192534896	0.48353717962923654	0.5633194478036128
0.5031018693754666	0.5387086900111225	0.466174959869957	0.5335195271241883	0.4794466486798473	0.5278289543994613	0.5002344869609624	0.5215828342878324	0.4926446078384154	0.5171070007170474
0.4669080615944602	0.5803454280454914	0.4744676391229031	0.5768089973683844	0.4710391432105549	0.5742993104677879	0.46069018832546954	0.5687225783329699	0.48175012175670306	0.56487787552655
0.4779169053880808	0.5505277793874859	0.48827518806942605	0.5473090979722888	0.48813613301138065	0.5465846224375054	0.47857988140123486	0.546360374335881	0.48342623894276526	0.5458175204411939
0.4926796628907413	0.5383175826598455	0.5005041678376012	0.5296692217863564	0.47570055418521023	0.5234843317854097	0.4605847921072368	0.5181824793340859	0.4890742401634104	0.5106297122633463
0.4840190824598036	0.565420570779342	0.4854218131927827	0.559492511651376	0.482691099832872	0.5552841226423687	0.4859407523002196	0.5511561651998367	0.47930456347836115	0.5462765063037661
0.47272166893605433	0.5342956679907264	0.4657835653742202	0.5295885215516826	0.46628389330575304	0.525833772968819	0.49463012194332734	0.5233829448126239	0.4654562484007918	0.5204720524119674
0.4658444766260697	0.5420650421549996	0.4636077600322948	0.5395017133301503	0.49750092842579746	0.5404219674654595	0.48003128209641255	0.5435833366557434	0.5070737055633888	0.5481078897606239
0.4891547855938247	0.5565787274811965	0.482807292718099	0.5521319303004647	0.4877684469721299	0.5518064493381303	0.475148614565193	0.550286665168582	0.4934717056345016	0.5513131578575491
0.47252252260503375	0.5813869266600507	0.4737720793315752	0.5753035096286351	0.48533618089216046	0.5710421171104617	0.4755799799461705	0.5607873877378735	0.49069940919401417	0.5570746745603686
0.48394174082307245	0.56628324595367	0.4704189431500407	0.5639631963801427	0.46747818429700877	0.5624700485094198	0.4802753586681953	0.5642749893285594	0.48716514908799113	0.5674417992148897
0.47236913883825454	0.5500486337020788	0.4907256091046619	0.5404626023331656	0.5074199413575835	0.5331632550150033	0.46560884294777244	0.5259858351335751	0.4692151358862561	0.5198980918250442
0.4798878254012245	0.5842618123899467	0.4971970590152267	0.5804898306116155	0.48290675108067505	0.5774953007324878	0.4606968632854984	0.5725672437036011	0.4850775185548531	0.5660907693993292
0.4903333752241732	0.5375499193633042	0.460545077146387	0.531240655749917	0.4990765156576545	0.5267592459090176	0.4776752361481909	0.521407904714757	0.48518631372803567	0.5174822545154792
0.4748964640757288	0.5576731219506115	0.4901148173788198	0.5521504001512648	0.4768295410509696	0.546964868851101	0.495984457151803	0.5403310515718799	0.48933732253841855	0.5355850891507532
0.4771996206362154	0.5548267202588273	0.4690776942412642	0.5527439120503709	0.4699423289226191	0.5543455041738194	0.4853260978478486	0.5534447198140029	0.49620189952737936	0.5535719624746701
0.48163670724700125	0.5480626631066482	0.47870704341352777	0.5439556952030238	0.4790051296076729	0.5455582828070706	0.4936520245585114	0.549186496859737	0.4788358885330757	0.5540068044903985
0.47692994235264785	0.5411726057013361	0.46832685512917366	0.5430404621948863	0.4616638834441123	0.5475079538151363	0.4938312339033749	0.5533248386236918	0.4595447011762409	0.555542418896716
