0.5983514619852077	0.6454421013826793	0.604824794172082	0.6454387756206599	0.6015536301525304	0.6380541236114495	0.6016794751566813	0.6011064127884362	0.5967373294110614	0.5818027270202285
0.6061653578713392	0.6430264510656287	0.6066991978401337	0.6325634709444381	0.6071725442782373	0.6338154271040095	0.6206329046305097	0.6235471842853478	0.5931874181560375	0.6111741674897815
0.6049234211374418	0.6442256217667286	0.5981404788388378	0.6392838172444791	0.61397382363141	0.6404656880201626	0.6120736959712364	0.6105852898072388	0.6087693317884085	0.6085680297690682
0.6042737455140305	0.6396507234144141	0.603402543594587	0.6404340007167972	0.6091978798214243	0.6343108077776786	0.6100065097908399	0.6345702954309406	0.6028198990250137	0.6125676608437953
0.6042946719304176	0.6467840910144046	0.6118233164507779	0.6392974584290179	0.6062617641730758	0.640555060803744	0.6034416038024656	0.6228391759985992	0.6037077808987317	0.6150590603684718
0.4607546639984143	0.6448487075021261	0.4689195095228932	0.6394272712879353	0.47397456724658216	0.6218040057035067	0.47096338097716295	0.6064922279256979	0.4633787449224904	0.5988646766550363
0.4607546639984143	0.6457042770037781	0.4696835000931038	0.6409712354893192	0.46371247938634846	0.6387873565661735	0.4684308833191696	0.6165267061972384	0.4633975417410449	0.6044039533180563
0.4607546639984143	0.6434847960931768	0.46859412644672566	0.6380842228112391	0.47271394799993366	0.636189421398962	0.4615074047558463	0.6123690071190654	0.4742131356972208	0.6023843888198465
0.46610378189887336	0.6445148009516805	0.4610068603126735	0.6434493687370281	0.46371774940831256	0.6410096995628268	0.46799245296632946	0.6264570120216277	0.4719774879762409	0.6020332301474798
0.46725837931112213	0.6441801831932507	0.47172560949425907	0.6392382141437071	0.4637087754777931	0.6384079094941584	0.4721219837717962	0.6088701548674551	0.46956762381542055	0.6044502835873992
0.4607546639984143	0.642341184089944	0.4610022766764557	0.6309609127224428	0.46369109101813066	0.6394826595423267	0.4615143416563229	0.6293820416550847	0.4634248629572014	0.608329200805753
0.4607546639984143	0.6446252596941868	0.4610070989074121	0.6439703620341416	0.4738781243265144	0.6352716772675076	0.4615054495968502	0.6066722882462762	0.46338007296147893	0.5865119386677041
0.4607546639984143	0.6433264546781964	0.46100437685029944	0.6270470332230667	0.4636827196312379	0.6383706383266745	0.4745749008937171	0.6143871137671535	0.4633943604289445	0.5780975841843463
0.4715451299080891	0.6453743187223444	0.46100868550977975	0.6451194424525186	0.47379168991689086	0.6372404181866707	0.46957658592162566	0.608184556878794	0.46699010015179043	0.585080823121467
0.4607546639984143	0.6473933109421302	0.4714414247322124	0.6321150227057515	0.46369592886249966	0.6386116128964462	0.4744217453130354	0.6150609468599948	0.47474964898457683	0.592010994833973
0.4683658362340045	0.6474283064004948	0.47188722773863895	0.6365898748903299	0.4760647655829953	0.6287990524601386	0.46149586918173974	0.6130684707999557	0.46340166774711233	0.591742211185185
0.4674871759599168	0.6451271749881355	0.4610081489339674	0.6465715086493825	0.46919217423074744	0.6419406963444665	0.46151945778506953	0.6302459246335202	0.46342664913715853	0.6055114367274853
0.4607546639984143	0.6432804807495576	0.4728444785675954	0.6261906549880455	0.4697274686422305	0.6357149583810494	0.461506420003876	0.6080368321491022	0.47684772191439284	0.5712679702328874
0.47328171799120566	0.6446709756037239	0.4610071911215546	0.6453710527204275	0.4706222951412523	0.6412487861557019	0.4615180291050977	0.617808969380081	0.46340039637025743	0.590437070558477
0.4607546639984143	0.6401795051392338	0.46949324242938906	0.6434911232039672	0.46371779055247675	0.6398494790579239	0.461515048275791	0.6170988820759835	0.4724503481784497	0.6084536240727738
0.47201902107038035	0.6443217810020891	0.461006456100142	0.6465371562671501	0.4735723961028123	0.6418603802344651	0.4690003770212356	0.6306186265630496	0.4765506070464008	0.6080281803038261
0.4607546639984143	0.6447793929578128	0.4685438464408574	0.6382603178854078	0.4637066723860618	0.6360597916624273	0.4615133033511224	0.6068885795147578	0.4775360467691523	0.5958051638659297
0.4607546639984143	0.6438229737955957	0.467476525572147	0.6413526008991653	0.46371326818948105	0.6323235382678676	0.4615033449638921	0.610158894457451	0.4633967619910746	0.5939591998384268
0.4607546639984143	0.6445933159276863	0.47548726281850495	0.6442930053129646	0.47378454386167346	0.6405205083062522	0.4615164979293389	0.615925450453883	0.4746491148715088	0.5854003917428487
0.46887205235001606	0.6428072942452155	0.46100325099751716	0.6351103900831347	0.4689520881177699	0.6341159824661097	0.4615089242241161	0.612417172972924	0.46339599621863775	0.6043422034885971
0.47176322670772514	0.6447097281668683	0.461007260120955	0.6453975435866126	0.4709596265975621	0.6383678233361895	0.4704055295961455	0.611905463801848	0.47537471071216203	0.5809271071656139
0.46543140641384945	0.6459298141122258	0.4610098653962773	0.6411507293451741	0.4637128630096759	0.6391596248790762	0.46553429427731885	0.6134280532911712	0.46339741671847384	0.6039484172734281
0.4762309142642434	0.6442269133518661	0.46100624495722997	0.6393384990040618	0.4637089767185872	0.6405180984490608	0.47326893078532595	0.6155203486869933	0.47485309278657584	0.613671656406297
0.4607546639984143	0.6445679201013843	0.4685349608051987	0.643905604120103	0.46371872447318263	0.6410771179774565	0.47187351242511016	0.6177555539403107	0.46625540503810825	0.5923472016136819
0.46845326241492125	0.6433635853588751	0.4610044555054873	0.627561326525182	0.478182877789302	0.6390901159750286	0.47071100918510816	0.6250386123090831	0.4703413251255015	0.5948306326681263
0.4607546639984143	0.6472408868239388	0.4610126391266375	0.6495936607071876	0.47024602346015915	0.6389730959988117	0.46964597452287565	0.613559633545638	0.46339741020906805	0.6046291009388897
0.4607546639984143	0.6486618997038172	0.46526072440596783	0.641921744410556	0.46371449198754316	0.6424995120666618	0.4683786318981024	0.6121733844046344	0.46339372108041815	0.6076335802735385
0.4675004961894454	0.6516443750145697	0.4741311729675961	0.6396860046604343	0.4730419699987813	0.644444516323518	0.46875871209587994	0.6139944594046299	0.4633988914422652	0.6087513684065816
0.4607546639984143	0.6437612541194655	0.46845074310048	0.6391958649673861	0.47224135488240226	0.6350824141883334	0.47085019872838435	0.6111585883736829	0.4633901700588487	0.5891286001733046
0.4607546639984143	0.6468136273653974	0.47053676822418306	0.6385335539398712	0.4637072634735169	0.6401892269233356	0.46980742602110553	0.627714601524884	0.4634271403545825	0.6174559172031695
0.47275008956749	0.6443403247264173	0.4610064907372774	0.6412246940089837	0.47299477557025205	0.6407368917329757	0.46151695286730193	0.6218157748445503	0.4634151795747197	0.6055059970214303
0.4607546639984143	0.6444853722592425	0.46100679244261666	0.6398036611709754	0.4637099708804217	0.6373207033844638	0.46150977043567165	0.607290753116444	0.47751616847721645	0.5957106436223005
0.47091877452797	0.6453016507657443	0.46858032250717524	0.6403232777988968	0.46370637676717297	0.6261517775893385	0.4614893245147139	0.620399105655601	0.4720658238897701	0.6029899852560422
0.4725248288128047	0.6455208344742477	0.47389021689709554	0.6381695619509703	0.47300541203647384	0.6389025782595394	0.4734324058544327	0.62540193580844	0.4727753395977779	0.6142224827824944
0.4607546639984143	0.6449169838929872	0.4700482185289196	0.6414663601064633	0.4637135244538686	0.6352559391632399	0.46151053413337895	0.607824860002934	0.47306185591172484	0.5938802383933363
0.4715225961808348	0.6443792578573218	0.4610065732054161	0.6415315742414369	0.47153082361620346	0.6395406584609852	0.465159198529075	0.6117544269318239	0.4633894207384413	0.5914808342695964
0.4607546639984143	0.6451952193285492	0.461008301572885	0.6435760563071462	0.4637180201647017	0.6357081489351623	0.46151105756502175	0.6093233017904073	0.4633883248185694	0.5937854252623905
0.4607546639984143	0.6450892762862795	0.4721041572944721	0.646544613531318	0.46372432469400937	0.6418811247370353	0.47115764430566887	0.6270675721716127	0.4634199369189667	0.6049717068237314
0.4759700700326601	0.6442167272334696	0.4610108903065026	0.6393616943167786	0.46370902629249955	0.6404994998281807	0.4682365843602192	0.62424206118649	0.46341519043010265	0.6212862163387506
0.4715215896211089	0.6501528708391651	0.46101882417071566	0.6396408381668772	0.4637096301047528	0.6425745883790365	0.47537846558918745	0.6199733489083504	0.47028014744521945	0.6175755731473416
0.46900231757594274	0.6432769976002013	0.4692698641246609	0.644086329543953	0.4768561099685014	0.6342546776321891	0.47083298288996167	0.6151689964738717	0.46339835028252385	0.5918116014184539
0.46773867731603797	0.6493488856195108	0.4610171079220994	0.6425461795735611	0.46797819095718496	0.6430136403077598	0.4697437052183937	0.6145619886184333	0.46339938488411675	0.6109846400805078
0.4607546639984143	0.644695413573778	0.46905321874033035	0.6369018259139195	0.47151768045472786	0.6358132332651658	0.47324981961331436	0.6046318769118394	0.4752529802188024	0.5996130101953724
0.4607546639984143	0.6440863897634841	0.4610059472903941	0.6383391103024109	0.4637068407845978	0.6352883436830223	0.47321279446026926	0.6082449943243562	0.46886074736964506	0.5939808768103361
0.4607546639984143	0.6451512306046987	0.46714157975093573	0.6445121808178996	0.47007968816402074	0.6366860301911519	0.4615084102284302	0.5990021609394862	0.4633585440472695	0.5815328683200349
0.4607546639984143	0.6446087489381261	0.4701267089461288	0.6416437888373541	0.46371389051852957	0.6373791943276986	0.47206937985077957	0.6077400214556337	0.4717812745562099	0.5816285770529378
0.4607546639984143	0.6452135898235203	0.47171523317975905	0.6466438728574232	0.46372452358052807	0.6421176289401038	0.4723865433261884	0.6247799000295402	0.47071575297951385	0.6064114289778465
0.4607546639984143	0.6437706825797107	0.46100527573425815	0.6436053503744604	0.46371804311026665	0.6348075565801388	0.47589708145717213	0.5956000893300856	0.4681999180790915	0.5876872840879149
0.4607546639984143	0.6440318817339403	0.46100584503306197	0.6378609468373684	0.4721491180955487	0.6377717907021513	0.4615152903139528	0.6161001934701253	0.4634023184192138	0.607483002635204
0.4757031620539019	0.6452540206543582	0.461008446972514	0.6361719922686511	0.47649308143822394	0.6381675651639952	0.4685462445103664	0.6315278614328544	0.46343389948939406	0.6153854253027321
0.4607546639984143	0.6441997241371606	0.46100618736315424	0.6391065459429952	0.4702728171837864	0.6375310251796092	0.47303824829630553	0.6078993217282569	0.4633794801479805	0.6005900280717641
0.4607546639984143	0.6455668106495274	0.46100906702557426	0.6424345999632605	0.46371553271061594	0.6426417385801539	0.461520918719228	0.6106208354018791	0.4633851655352675	0.5970036736098989
0.4675648655225934	0.6433564284040697	0.46100441422565125	0.6358397954120395	0.4637015121498506	0.6344080295540834	0.4615036593684792	0.6089949210859655	0.47733206171754017	0.6000435621201634
0.46863644857193565	0.6452445241542907	0.471607947364292	0.6431696581430842	0.46371716478332264	0.6364096691266584	0.4700260469410738	0.6169466425984703	0.4786751727304282	0.6003585868964321
0.4607546639984143	0.6488772338372186	0.46101612200984066	0.6379094153619289	0.46934776850251614	0.6422735439571375	0.4615243464579525	0.6309916608734818	0.46343280510343665	0.6191254514202524
0.4607546639984143	0.650393675504221	0.46744074462437757	0.6479197658127663	0.47010538587947814	0.6387550855184905	0.4615170950231837	0.6154543447865602	0.4723723983219666	0.6113276794840665
0.4607546639984143	0.6449310646789871	0.46883975409883555	0.6459981105402106	0.4637231699796174	0.6382922196442901	0.4689987681273293	0.6089742350226823	0.47256938268944876	0.5883414859322248
0.4715506501016057	0.6440660583381315	0.46100591742903263	0.6374117270725579	0.47618615340820286	0.6393438834996975	0.46150898350710884	0.6156939771987616	0.47584468696707	0.6174865011992181
0.46805399578202855	0.6444671327640796	0.46100675934197305	0.6426043704702648	0.4786558052841472	0.6407074855138533	0.46436129492212685	0.6127303911636853	0.4633928185950335	0.5949400103423705
0.4607546639984143	0.6454821844990531	0.4746399406715958	0.6424136239622652	0.47319482653790856	0.637520202319269	0.4615146169183869	0.5861973393483992	0.4800297969593307	0.582838863833841
0.4684178635273825	0.644732556554723	0.47266328012570447	0.6423861938936939	0.4700178209256213	0.637055203394889	0.4646159433456123	0.6081327295891422	0.4746779405242601	0.5818902466969549
0.468289695904305	0.6446461404775609	0.4694660044207095	0.639784066050288	0.47238183700192365	0.6369707743508374	0.4759287752501251	0.6064362704677018	0.4736794314618037	0.5944197427549777
0.4704493268111638	0.6502347799944062	0.4690527717147787	0.6481173862182177	0.463727725832456	0.6374351454357197	0.4716565097607102	0.6172881137578772	0.4634052040089067	0.6117194738695685
0.4607546639984143	0.6450348149809975	0.4610079663979844	0.6467217306402282	0.4637247032146992	0.6397478899121555	0.46934495652839164	0.6074852463439313	0.4633831897636766	0.5846810738685374
0.4607546639984143	0.6451081047187105	0.47426092606178305	0.6472847172409631	0.46372591964005544	0.6361146551101572	0.472622730647478	0.6080914846339921	0.4633867386709919	0.6019195414256828
0.4607546639984143	0.6479461443955794	0.46482082480037584	0.6394535320649819	0.46892047106497703	0.6415495205558047	0.47568491367820126	0.6240827519222326	0.47166776451790304	0.6153500408260735
0.4719424161397883	0.6430225955132338	0.4724803716732978	0.634396753185569	0.4636984087242282	0.633981132411194	0.4615079676258672	0.6113374843274678	0.4633929874026675	0.6034399129529304
0.46908383548066773	0.6449206378705764	0.4694871301620565	0.6464506798083093	0.46372413718507965	0.6416414219111232	0.4720788696151392	0.6329062971719024	0.471339749848605	0.6070809957197527
0.4697061584410999	0.6445288479987397	0.46100689006710566	0.6433927184810266	0.47246275857910564	0.6382924351862668	0.4688521952081523	0.6099385165399703	0.47104209852761614	0.5798616981314789
0.4671755964198479	0.6440211729748261	0.4702780184090047	0.6369282669317667	0.47765032993316403	0.636861056892913	0.461514002540382	0.6200163823836533	0.46341095963329326	0.6081179109887823
0.46660003117675947	0.6444263942710571	0.46100667304973225	0.642293842408565	0.4733889235148002	0.6396819507514024	0.4615147348917776	0.613223291896405	0.4706809371794983	0.5841239042812894
0.4657530139073865	0.6444761017881478	0.4671682997122937	0.6428951200944554	0.47244439741273536	0.6409519830453024	0.47302771962038365	0.626894528883501	0.4634186761002639	0.6044374190927148
0.4607546639984143	0.6433412168210749	0.4671339305621494	0.6289504437981669	0.46368677522897345	0.6392457825476631	0.46932409327131347	0.6287548908878144	0.47242302854433044	0.6008102620009763
0.4607546639984143	0.6440334428679347	0.4610058483400017	0.6345410487787773	0.4636987171315402	0.6350189471887944	0.4727406300430834	0.6080056293791078	0.4703730170330851	0.603564057357271
0.4607546639984143	0.6453540528113153	0.46804931031881575	0.6449495029203837	0.4637209422782787	0.636153137782301	0.4701187919304447	0.610085527478477	0.4754464027250594	0.5894312269314794
0.46998156159060667	0.6440895999926222	0.46100595965210467	0.6403268431628255	0.46371107592914573	0.6326755671603748	0.47099720907036347	0.6081813870194365	0.4633857361079797	0.5927310969928239
0.4691271420226072	0.6448204570732278	0.46100751236057924	0.6463569584232981	0.46372395024542984	0.6413363860676913	0.47138838777767733	0.6168180753104612	0.4733001218703709	0.5881149300199693
0.4607546639984143	0.6462840708288684	0.46101057312417804	0.628611489023782	0.47439664497038986	0.6193284771989219	0.4614777503649068	0.5829684086964656	0.46333421944672903	0.5518387789704128
0.4684214459242952	0.6438796800843317	0.4610055280689855	0.6383370277184118	0.46370683633361415	0.6351249609041599	0.4697569774227056	0.6083030841605296	0.47409376798548725	0.5927016359587628
0.4649466680391885	0.6433253299863522	0.46826509971131114	0.6439395435808369	0.47085385694590043	0.6352412357361924	0.4674220677495714	0.6147174686215556	0.46864269134090836	0.5891404670580962
0.4607546639984143	0.6443475122314926	0.461012535559687	0.6337029946664792	0.4636969389110573	0.6350691172513845	0.47144677846980304	0.6188912331502027	0.4634125115233043	0.6127150735177044
0.469231609354692	0.6441404194899388	0.4703161389898868	0.6384486016839429	0.46994742643968396	0.6386841710775526	0.47263323824457265	0.6092916477986231	0.46339004953826585	0.6104610723196142
0.4607546639984143	0.6446537860312478	0.4610071547106428	0.6451763277650578	0.4717865631532028	0.6412511849382553	0.461518034148436	0.6269655277267473	0.46341973410331744	0.6013690151626299
0.4750215098428872	0.6434081783073823	0.46100452932299013	0.6387419330548643	0.4637077017142555	0.6346978037038612	0.4615042558338412	0.6118766366040351	0.4732809752544013	0.5913516722792873
0.4607546639984143	0.6449261096904414	0.46100773926563576	0.6402242184107313	0.4691948342711361	0.6380390952124247	0.4730802158200286	0.6150034610388205	0.4763253783778815	0.6015798156115582
0.46911081201329846	0.6437478182475183	0.4610052433039048	0.6363507491085308	0.4744267901291355	0.6347609227122828	0.46714582159187784	0.6070125997730714	0.4633779886017363	0.5970048734436442
0.4695907063733319	0.643904507686688	0.46100557521779817	0.6357941670657058	0.46370139545503175	0.6349302891930095	0.46150475742402824	0.6063397762803493	0.4758247962619273	0.5984527708469047
0.4736624894942563	0.6446281711786481	0.46100710045331017	0.6429111125318815	0.474500818687484	0.634183238183275	0.46150317396509105	0.6095972929560165	0.4633867273932864	0.5943411394055645
0.4607546639984143	0.6456213420303197	0.4610091825276097	0.6318816129048223	0.4757662440316672	0.6383504057939272	0.4615168298978822	0.5857194751513252	0.4692970538664341	0.5588502487036046
0.46650107360425797	0.644677458844615	0.47046513224139364	0.6422549532091768	0.46371519670227956	0.6361811154812481	0.46150737447526813	0.6092117154623027	0.47227674296812167	0.5913471724647927
0.4607546639984143	0.6430681845607308	0.46724014842591155	0.6365725453874053	0.4689771257713987	0.6343462316101462	0.4615097855557327	0.6095251133094562	0.46339053230423305	0.5982713906246275
0.4696072106070409	0.645297502007843	0.4610085097046447	0.6465461670315985	0.47078571694775145	0.6422437651796898	0.467683422570038	0.6084508674574494	0.47377785502697345	0.598608179660382
0.46989086303923405	0.6443668354467404	0.4610065413498493	0.6388077191899436	0.472061573351053	0.6370715089244559	0.4615153637521143	0.6070796478345639	0.46338558002612973	0.5988382563466399
0.4607546639984143	0.6485308893782757	0.4693028049711541	0.6358637731253308	0.4637003852851304	0.6402257398994806	0.47235966439050125	0.6290404685939615	0.47328986907044984	0.6208627380655635
0.4607546639984143	0.6444619013297731	0.4610067482607497	0.6426846438610438	0.4637161282005779	0.6398973452365673	0.46151518775135897	0.6119817349246762	0.4633881020594666	0.5899805345385125
