0.0075	0.006861186544661243	0.006861186544661243	0.006992995507047136	0.006992995507047136	0.007466063211666943	0.007466063211666943	0.008619061892377404	0.008619061892377404	0.00977483382703989
0.0075	0.007024508112054208	0.007024508112054208	0.006773068914530831	0.006773068914530831	0.00706677472392292	0.00706677472392292	0.007991645625955468	0.007991645625955468	0.008900253785562843
0.0075	0.0069101101232554385	0.0069101101232554385	0.006767117296223829	0.006767117296223829	0.007191415570270435	0.007191415570270435	0.007801356471693435	0.007801356471693435	0.008576123131627603
0.0075	0.007106017454358289	0.007106017454358289	0.006663615125584859	0.006663615125584859	0.006926747058913187	0.006926747058913187	0.007594461633381832	0.007594461633381832	0.008309525620573082
0.0075	0.0068460544737101335	0.0068460544737101335	0.006761574602251036	0.006761574602251036	0.006923966167080336	0.006923966167080336	0.007281364708760207	0.007281364708760207	0.00807545043598638
0.0075	0.005203177466740392	0.005203177466740392	0.00332567506258628	0.00332567506258628	0.001705735832625119	0.001705735832625119	0.000646166463902194	0.000646166463902194	7.269800534149836e-5
0.0075	0.00494387271044217	0.00494387271044217	0.002958618815369122	0.002958618815369122	0.0012003263881441549	0.0012003263881441549	5.749929878246902e-5	5.749929878246902e-5	5.192704411495577e-5
0.0075	0.0049825845827736305	0.0049825845827736305	0.003007289572822654	0.003007289572822654	0.0013966628633227266	0.0013966628633227266	5.6768807912485775e-5	5.6768807912485775e-5	4.551419438418991e-5
0.0075	0.0050950604113298515	0.0050950604113298515	0.0028005306170965243	0.0028005306170965243	0.001120293476684787	0.001120293476684787	4.852124700958926e-5	4.852124700958926e-5	4.713951734374499e-5
0.0075	0.005053417593110222	0.005053417593110222	0.0031141477865889167	0.0031141477865889167	0.0013476427423527951	0.0013476427423527951	0.00022416928981231095	0.00022416928981231095	4.510973043621706e-5
0.0075	0.0049480428584151425	0.0049480428584151425	0.0025109793599702376	0.0025109793599702376	0.0007673672711808998	0.0007673672711808998	0.00010173812987070617	0.00010173812987070617	4.204874940176676e-5
0.0075	0.004990054010959648	0.004990054010959648	0.003019652044559405	0.003019652044559405	0.0015130791395816404	0.0015130791395816404	0.0005139664799851984	0.0005139664799851984	5.87989077311546e-5
0.0075	0.0049659881452823055	0.0049659881452823055	0.00292967743629843	0.00292967743629843	0.0015956107527178218	0.0015956107527178218	0.0011412228886509756	0.0011412228886509756	0.0006397898161884267
0.0075	0.005099216629448161	0.005099216629448161	0.0031262037733082106	0.0031262037733082106	0.0016098357794732774	0.0016098357794732774	0.0007314139031401929	0.0007314139031401929	6.410950465426363e-5
0.0075	0.004966163850925752	0.004966163850925752	0.0030517238148635687	0.0030517238148635687	0.0011223176842066241	0.0011223176842066241	0.00031535839566516845	0.00031535839566516845	0.00012523864447557968
0.0075	0.005273489429240123	0.005273489429240123	0.0032906053491106577	0.0032906053491106577	0.0016669955621281174	0.0016669955621281174	0.0006639135045719505	0.0006639135045719505	7.242628864137888e-5
0.0075	0.0050357707873457495	0.0050357707873457495	0.0026581035528381175	0.0026581035528381175	0.001084153848026132	0.001084153848026132	0.00023958640104209856	0.00023958640104209856	7.179331497261842e-5
0.0075	0.004998520454592788	0.004998520454592788	0.003186148384875697	0.003186148384875697	0.0020587012864772603	0.0020587012864772603	0.0014284178650421158	0.0014284178650421158	0.001098788430614056
0.0075	0.005032158916446773	0.005032158916446773	0.002928022371766186	0.002928022371766186	0.0016532699055277053	0.0016532699055277053	0.000283744198921644	0.000283744198921644	4.5616246627613675e-5
0.0075	0.004939953491257501	0.004939953491257501	0.002747967198836926	0.002747967198836926	0.0008343883636354229	0.0008343883636354229	8.609345400723176e-5	8.609345400723176e-5	7.09267290324546e-5
0.0075	0.004982251543178946	0.004982251543178946	0.002621693224262167	0.002621693224262167	0.0009247743786523371	0.0009247743786523371	8.735226438283843e-5	8.735226438283843e-5	5.736166149908119e-5
0.0075	0.004995725911367861	0.004995725911367861	0.0031653995813816327	0.0031653995813816327	0.00149085248033041	0.00149085248033041	6.453246948782115e-5	6.453246948782115e-5	4.532503766692647e-5
0.0075	0.005022073241998892	0.005022073241998892	0.003096586449126345	0.003096586449126345	0.0014950610397589743	0.0014950610397589743	0.00029207696566467013	0.00029207696566467013	8.308231302932178e-5
0.0075	0.0049320709135392445	0.0049320709135392445	0.0029916341649529076	0.0029916341649529076	0.0017063191063981288	0.0017063191063981288	0.00030451882522496403	0.00030451882522496403	4.5991140274159707e-5
0.0075	0.005142481398174757	0.005142481398174757	0.0029931864932493963	0.0029931864932493963	0.001286505715901018	0.001286505715901018	4.5496220957676166e-5	4.5496220957676166e-5	4.473624195145764e-5
0.0075	0.005106907042880141	0.005106907042880141	0.0030856487532581597	0.0030856487532581597	0.0018640325380450383	0.0018640325380450383	0.0007588574056235382	0.0007588574056235382	6.39623200045211e-5
0.0075	0.00512421125354475	0.00512421125354475	0.003010138685918968	0.003010138685918968	0.0014208679217039527	0.0014208679217039527	0.00011474160920264748	0.00011474160920264748	4.556710283179039e-5
0.0075	0.004974591298130631	0.004974591298130631	0.002781407949379297	0.002781407949379297	0.0008590691383859951	0.0008590691383859951	5.300201019147338e-5	5.300201019147338e-5	5.165093033470383e-5
0.0075	0.004924625067147707	0.004924625067147707	0.0028994661281673034	0.0028994661281673034	0.0013828199399992878	0.0013828199399992878	5.459677566448802e-5	5.459677566448802e-5	4.605921350380997e-5
0.0075	0.005098473803665285	0.005098473803665285	0.0028248479339578066	0.0028248479339578066	0.0014227682305380945	0.0014227682305380945	0.0007780869583520541	0.0007780869583520541	9.270330819122258e-5
0.0075	0.004917175696446225	0.004917175696446225	0.002749569780177537	0.002749569780177537	0.0009301894889386806	0.0009301894889386806	8.9330437206984e-5	8.9330437206984e-5	7.845723821170521e-5
0.0075	0.004895900792239083	0.004895900792239083	0.0028766225052623572	0.0028766225052623572	0.0010856740016138289	0.0010856740016138289	4.6955455317542296e-5	4.6955455317542296e-5	4.62127739317209e-5
0.0075	0.005033903310290943	0.005033903310290943	0.002882334133343965	0.002882334133343965	0.00088551478743312	0.00088551478743312	0.00018561008494244897	0.00018561008494244897	8.364612989042934e-5
0.0075	0.005007296508599584	0.005007296508599584	0.003118897646377686	0.003118897646377686	0.0017378718518378535	0.0017378718518378535	0.00035862399991286054	0.00035862399991286054	4.578026885377786e-5
0.0075	0.004929492358654583	0.004929492358654583	0.002701534492339806	0.002701534492339806	0.0007358128658150818	0.0007358128658150818	4.716471973754174e-5	4.716471973754174e-5	4.508686687801677e-5
0.0075	0.004991947971419657	0.004991947971419657	0.0027635917927780343	0.0027635917927780343	0.0011391190126753105	0.0011391190126753105	4.670044005602289e-5	4.670044005602289e-5	4.685085521934203e-5
0.0075	0.004977162558988403	0.004977162558988403	0.002976842237117666	0.002976842237117666	0.0014050871403559978	0.0014050871403559978	4.5495830411671464e-5	4.5495830411671464e-5	4.517384454010337e-5
0.0075	0.005245462999126736	0.005245462999126736	0.0031127677100186856	0.0031127677100186856	0.0013539337292591742	0.0013539337292591742	6.77952805689657e-5	6.77952805689657e-5	5.671850152876913e-5
0.0075	0.005118357887994983	0.005118357887994983	0.0029152803941746067	0.0029152803941746067	0.0010622369932055831	0.0010622369932055831	4.674233206197924e-5	4.674233206197924e-5	4.440733389780727e-5
0.0075	0.00498330712968218	0.00498330712968218	0.0031043412438622174	0.0031043412438622174	0.0015288373703752902	0.0015288373703752902	7.810629062134638e-5	7.810629062134638e-5	4.543979879510211e-5
0.0075	0.005178733104486044	0.005178733104486044	0.0031542613238198817	0.0031542613238198817	0.0017403375123593479	0.0017403375123593479	0.00041419756797941376	0.00041419756797941376	4.567949412457627e-5
0.0075	0.0049806269810714855	0.0049806269810714855	0.002954095923171671	0.002954095923171671	0.0013408876064117281	0.0013408876064117281	0.00012773430833558808	0.00012773430833558808	5.25247125751899e-5
0.0075	0.004912840160528639	0.004912840160528639	0.0027399573735961903	0.0027399573735961903	0.0009853203933073607	0.0009853203933073607	0.00016486689326081444	0.00016486689326081444	5.436481246718296e-5
0.0075	0.005126209320504165	0.005126209320504165	0.00275380343472752	0.00275380343472752	0.0007107971966030384	0.0007107971966030384	4.683335312161766e-5	4.683335312161766e-5	4.6793922492568435e-5
0.0075	0.005068780203336793	0.005068780203336793	0.002748491851978692	0.002748491851978692	0.0007547180369501791	0.0007547180369501791	4.694822514901488e-5	4.694822514901488e-5	4.564749699217233e-5
0.0075	0.005115914836337416	0.005115914836337416	0.0031787074102086377	0.0031787074102086377	0.0017396175481105337	0.0017396175481105337	0.0006558860618806084	0.0006558860618806084	4.983766351475666e-5
0.0075	0.005089711174647361	0.005089711174647361	0.002943184577161101	0.002943184577161101	0.0012863325488421684	0.0012863325488421684	5.132511164776998e-5	5.132511164776998e-5	5.160903250819594e-5
0.0075	0.004995755519525501	0.004995755519525501	0.003204058116332202	0.003204058116332202	0.0016878328660670542	0.0016878328660670542	0.0004015522261516628	0.0004015522261516628	4.499721678763701e-5
0.0075	0.005004932511255172	0.005004932511255172	0.0030242357105429826	0.0030242357105429826	0.0014280288909909406	0.0014280288909909406	0.00012260210921060527	0.00012260210921060527	4.5449138409752536e-5
0.0075	0.00498002101402883	0.00498002101402883	0.0032506387168614514	0.0032506387168614514	0.00173178800079623	0.00173178800079623	0.0008226665085480521	0.0008226665085480521	7.683776457631335e-5
0.0075	0.004976737762891384	0.004976737762891384	0.003178247539368308	0.003178247539368308	0.0017416447722800312	0.0017416447722800312	0.00045404960134158004	0.00045404960134158004	4.603527570864178e-5
0.0075	0.004909390857335255	0.004909390857335255	0.0026875340747723082	0.0026875340747723082	0.0009065318968078717	0.0009065318968078717	0.00027073799350992353	0.00027073799350992353	6.591701566192973e-5
0.0075	0.004976089133396833	0.004976089133396833	0.003122409962412132	0.003122409962412132	0.0012684042117542189	0.0012684042117542189	0.0005510912366922512	0.0005510912366922512	7.323847487677162e-5
0.0075	0.0049670093087864275	0.0049670093087864275	0.0027615521680520983	0.0027615521680520983	0.0009811146579881613	0.0009811146579881613	5.509899061651339e-5	5.509899061651339e-5	4.508727359226435e-5
0.0075	0.005062290733455815	0.005062290733455815	0.002621878491573792	0.002621878491573792	0.0008014404044423863	0.0008014404044423863	4.8685368785596135e-5	4.8685368785596135e-5	4.370547700555802e-5
0.0075	0.0049730780882478	0.0049730780882478	0.0029709409139532504	0.0029709409139532504	0.0014200614550144335	0.0014200614550144335	0.0002025585169708038	0.0002025585169708038	4.495081479191881e-5
0.0075	0.004902014706091128	0.004902014706091128	0.002795000461086386	0.002795000461086386	0.0009616551748913249	0.0009616551748913249	0.00037939593760141375	0.00037939593760141375	7.703651010652896e-5
0.0075	0.005195351317574717	0.005195351317574717	0.0031769130793294032	0.0031769130793294032	0.0014140821896110908	0.0014140821896110908	4.563192129322294e-5	4.563192129322294e-5	4.5247460588578916e-5
0.0075	0.005145654033739822	0.005145654033739822	0.0031321047275942207	0.0031321047275942207	0.0014991054110774554	0.0014991054110774554	6.396966890974962e-5	6.396966890974962e-5	4.8443599769319886e-5
0.0075	0.004900096820611035	0.004900096820611035	0.002420066053899117	0.002420066053899117	0.0006396906809749591	0.0006396906809749591	5.4379083293340624e-5	5.4379083293340624e-5	4.830866308443289e-5
0.0075	0.004927373067721193	0.004927373067721193	0.002835826818331187	0.002835826818331187	0.0011474962530917993	0.0011474962530917993	6.676703234861908e-5	6.676703234861908e-5	6.489741005841325e-5
0.0075	0.0049581648766571715	0.0049581648766571715	0.003084046227801164	0.003084046227801164	0.0014262493868791128	0.0014262493868791128	0.0006447755427154103	0.0006447755427154103	5.692141525571198e-5
0.0075	0.005074979504647828	0.005074979504647828	0.0028327519487756758	0.0028327519487756758	0.001071438591389076	0.001071438591389076	4.810810361381793e-5	4.810810361381793e-5	4.466278350553083e-5
0.0075	0.005097284843384365	0.005097284843384365	0.0030242399805313607	0.0030242399805313607	0.0014874207817529676	0.0014874207817529676	0.00017526679210747023	0.00017526679210747023	4.580854152979321e-5
0.0075	0.004955451912050107	0.004955451912050107	0.0033321463802867685	0.0033321463802867685	0.0016128393513081438	0.0016128393513081438	0.000912154487321574	0.000912154487321574	0.00043627783924263773
0.0075	0.005118974988583836	0.005118974988583836	0.0032406649928423035	0.0032406649928423035	0.0019812644565068	0.0019812644565068	0.0006237528969230494	0.0006237528969230494	4.572911824284913e-5
0.0075	0.005042125378283828	0.005042125378283828	0.003237177120250499	0.003237177120250499	0.001765205959956456	0.001765205959956456	0.00044972204766335926	0.00044972204766335926	4.5098007760865986e-5
0.0075	0.005044307089148643	0.005044307089148643	0.0029744459761426216	0.0029744459761426216	0.001052969600176757	0.001052969600176757	7.50684698020377e-5	7.50684698020377e-5	6.823722830736438e-5
0.0075	0.00494163048262305	0.00494163048262305	0.002924916657190705	0.002924916657190705	0.001326935914507547	0.001326935914507547	0.000675242494840386	0.000675242494840386	7.63504848967595e-5
0.0075	0.004958701487699791	0.004958701487699791	0.0030538577508582515	0.0030538577508582515	0.0011393981681755633	0.0011393981681755633	0.00028088508597888854	0.00028088508597888854	7.923333875083217e-5
0.0075	0.004905357841849783	0.004905357841849783	0.002732428297604314	0.002732428297604314	0.0008480459860115118	0.0008480459860115118	4.556863027277173e-5	4.556863027277173e-5	4.400652079546634e-5
0.0075	0.005185589546778183	0.005185589546778183	0.0031845088849618043	0.0031845088849618043	0.0013574286030464523	0.0013574286030464523	4.5421656097907934e-5	4.5421656097907934e-5	4.4549309644172245e-5
0.0075	0.005124093888575776	0.005124093888575776	0.002821867863939456	0.002821867863939456	0.0011008645508205116	0.0011008645508205116	6.22012148378257e-5	6.22012148378257e-5	6.138896355195063e-5
0.0075	0.005047016154010156	0.005047016154010156	0.0030498745766995503	0.0030498745766995503	0.0017410278229178608	0.0017410278229178608	0.00042245483096648324	0.00042245483096648324	4.649320383764205e-5
0.0075	0.005120503033847397	0.005120503033847397	0.0030343856472687886	0.0030343856472687886	0.0013080045251557281	0.0013080045251557281	4.5759311970029e-5	4.5759311970029e-5	4.438305348779872e-5
0.0075	0.005097320544815049	0.005097320544815049	0.0030535420395271335	0.0030535420395271335	0.0017508549004479669	0.0017508549004479669	0.00028743583119155065	0.00028743583119155065	4.702240579888536e-5
0.0075	0.0050425316950772495	0.0050425316950772495	0.0028563189747188443	0.0028563189747188443	0.0013043162559767305	0.0013043162559767305	4.903280600972061e-5	4.903280600972061e-5	4.679961623178239e-5
0.0075	0.00495189445507819	0.00495189445507819	0.0027857594249455758	0.0027857594249455758	0.0010952529091580953	0.0010952529091580953	0.0003526000309576917	0.0003526000309576917	4.258369341116528e-5
0.0075	0.005009359036145399	0.005009359036145399	0.0029145805437156185	0.0029145805437156185	0.0010861686905533146	0.0010861686905533146	4.5246188265040906e-5	4.5246188265040906e-5	4.422227321455808e-5
0.0075	0.004977139250032317	0.004977139250032317	0.0031145170467528093	0.0031145170467528093	0.0014640585482581603	0.0014640585482581603	0.0005446123754387271	0.0005446123754387271	5.090394917153157e-5
0.0075	0.0051504722867544055	0.0051504722867544055	0.0031799340178775854	0.0031799340178775854	0.0016189285130552233	0.0016189285130552233	0.0004249174398843884	0.0004249174398843884	4.5518758395805886e-5
0.0075	0.005047824739758444	0.005047824739758444	0.0029538513638214204	0.0029538513638214204	0.001452186673590105	0.001452186673590105	0.0004495131775763475	0.0004495131775763475	5.263945695755558e-5
0.0075	0.005231581811217194	0.005231581811217194	0.0036884880721328645	0.0036884880721328645	0.002441076300404777	0.002441076300404777	0.0014474165901120378	0.0014474165901120378	0.0006044331265503816
0.0075	0.005122596778865099	0.005122596778865099	0.0031466293643432845	0.0031466293643432845	0.0015650341499529707	0.0015650341499529707	0.00030195661963873933	0.00030195661963873933	4.54379980606599e-5
0.0075	0.005119099754376359	0.005119099754376359	0.0031849600147219404	0.0031849600147219404	0.0017049131419795752	0.0017049131419795752	0.00042877371044608306	0.00042877371044608306	5.04155859199574e-5
0.0075	0.00500901636419463	0.00500901636419463	0.0027368377072941137	0.0027368377072941137	0.0008369519300353561	0.0008369519300353561	4.485491240091585e-5	4.485491240091585e-5	4.3749256380912774e-5
0.0075	0.00512265466683727	0.00512265466683727	0.0031334788325386924	0.0031334788325386924	0.0013920962541052683	0.0013920962541052683	0.00016419679664855246	0.00016419679664855246	4.501279498707125e-5
0.0075	0.004922669345937981	0.004922669345937981	0.002614022891398849	0.002614022891398849	0.0010814497954976005	0.0010814497954976005	4.88359917287632e-5	4.88359917287632e-5	4.719952645886056e-5
0.0075	0.0051156075727301535	0.0051156075727301535	0.0030983505818389435	0.0030983505818389435	0.0015071532679380407	0.0015071532679380407	4.601955187448725e-5	4.601955187448725e-5	4.574477271948011e-5
0.0075	0.004960428984044643	0.004960428984044643	0.0028664756499624995	0.0028664756499624995	0.0012753506122070491	0.0012753506122070491	5.8966311513133205e-5	5.8966311513133205e-5	4.936106022953441e-5
0.0075	0.005075372609858969	0.005075372609858969	0.003120297144953464	0.003120297144953464	0.001594842253924318	0.001594842253924318	0.0003144679035026403	0.0003144679035026403	4.5164816098620916e-5
0.0075	0.00513715669255491	0.00513715669255491	0.0031709243676153035	0.0031709243676153035	0.0014396819074194835	0.0014396819074194835	4.5488894596087566e-5	4.5488894596087566e-5	4.5155701211699176e-5
0.0075	0.005113250091170911	0.005113250091170911	0.003105980543168524	0.003105980543168524	0.001661343381638368	0.001661343381638368	0.0004902867074316074	0.0004902867074316074	5.2176917891344146e-5
0.0075	0.004990504896918389	0.004990504896918389	0.0033687419206986187	0.0033687419206986187	0.001765787421156302	0.001765787421156302	0.0009880302926219568	0.0009880302926219568	0.0004782664817889124
0.0075	0.005094718684610579	0.005094718684610579	0.0032167859905730895	0.0032167859905730895	0.0016541622474742037	0.0016541622474742037	0.00018877367877584902	0.00018877367877584902	4.5501183530454455e-5
0.0075	0.005013100839413868	0.005013100839413868	0.003132967926911212	0.003132967926911212	0.0015841087956535449	0.0015841087956535449	0.00015172091365807844	0.00015172091365807844	4.5373558944667413e-5
0.0075	0.005048523268700424	0.005048523268700424	0.002946261941943715	0.002946261941943715	0.0012241653347919094	0.0012241653347919094	0.0004617503427548221	0.0004617503427548221	6.964485527774163e-5
0.0075	0.005122417058777463	0.005122417058777463	0.003127541344735461	0.003127541344735461	0.0015690824459667278	0.0015690824459667278	0.0001829204521944803	0.0001829204521944803	4.509519192289335e-5
0.0075	0.0049367002173255296	0.0049367002173255296	0.0026381506256772298	0.0026381506256772298	0.0006895080762983869	0.0006895080762983869	4.6562209124258104e-5	4.6562209124258104e-5	5.083819949622925e-5
0.0075	0.004940075474105206	0.004940075474105206	0.0029088750935329726	0.0029088750935329726	0.0013476136242799503	0.0013476136242799503	4.602825351179448e-5	4.602825351179448e-5	4.579628937611935e-5
