0.5934324660710478	0.63814940794476	0.603564239523361	0.5943376121563315	0.603820764378701	0.5707060250553473	0.597126105937411	0.5164161982876629	0.5944556367684446	0.5135516013420242
0.6005978067336822	0.6338822388899135	0.6046593960885072	0.6222601399151534	0.6136660480501082	0.5931066413927041	0.6128899311415277	0.5481489679992426	0.5981940300791373	0.5345914589065995
0.598844712523472	0.640137003895548	0.5944094335034376	0.604418931395666	0.6195395184584979	0.589838639275238	0.6021186750990845	0.5594228119994997	0.6119366808862503	0.557703014690891
0.6065946226600667	0.6341734008550118	0.600179728307217	0.6311478913213907	0.6111488339803405	0.5927295986473705	0.598032942699773	0.5512929224869887	0.6052332386241523	0.5551787595207663
0.5951000001317164	0.640876186971997	0.6192629275299407	0.6251765185320836	0.6109605052346188	0.5995930956965626	0.5916555488702899	0.5666376509527052	0.6059456750559301	0.5503596741500668
0.46059841489887554	0.6213759922270444	0.4721986017336629	0.6036237700244442	0.4691589890902773	0.5825547351875386	0.46692435101055185	0.541094206821158	0.4613337052114655	0.5262397204078445
0.46059841489887554	0.639527325167926	0.46982843772991856	0.6087962103852017	0.461808986777608	0.5848894566833517	0.46578803790048207	0.5699176765037145	0.4613939047219515	0.56345578763465
0.46059841489887554	0.6368174941046777	0.4670139392894568	0.6052845899860427	0.4725466143699965	0.5852904840349852	0.4597186895418015	0.5625677411457062	0.46826782588346333	0.5569256691495745
0.47243104096946187	0.6407768121763735	0.460550151611953	0.6211672372083537	0.4618350972129616	0.5794516970417942	0.47087675785051836	0.5743708363820996	0.47263914472594	0.5724719709446963
0.46690555859492383	0.6381663270771851	0.46703364632830285	0.6027825327848668	0.4617962787912883	0.5854516318877842	0.47677730044939404	0.5554204421272401	0.46742452952815206	0.5519206367291164
0.46059841489887554	0.6392354148097965	0.46054687463184774	0.6311413195230243	0.46185621114050374	0.5839090573557432	0.4597156776580933	0.5226500214403055	0.4612914797567606	0.5140685542235526
0.46059841489887554	0.6362946341316708	0.46054052992474404	0.5984686675727838	0.4734353967810442	0.578895500129465	0.4597046778670797	0.5296425640388427	0.4613099218742579	0.5317558216081493
0.46059841489887554	0.6379792447290871	0.4605441764386655	0.6030859260675666	0.46179699293770005	0.555181660788328	0.46856619864348587	0.5003733491274356	0.46125064401133437	0.49635095908329546
0.4693541287689662	0.6374089647075819	0.46054292323758317	0.5986538231673886	0.46767577291419504	0.573821532482576	0.46960254917831384	0.5310920805216194	0.4758757502842994	0.5342326991333948
0.46059841489887554	0.6379669453340386	0.47410201833139265	0.6081128208557088	0.4618052475490714	0.5968636766950897	0.46739370723554924	0.5238808574334799	0.4674862940536845	0.5164406325522327
0.4723316674075185	0.6281874073607163	0.47225049748851566	0.611052383097587	0.47593640377496693	0.5895890888637199	0.4597315330056638	0.529947277034572	0.4613142323423505	0.5147421309825589
0.46925916823586356	0.6417552131216917	0.46055224466640543	0.6269889510819298	0.4751166669767804	0.5852931463136227	0.4597186708141965	0.5188383921030412	0.4612834256368268	0.5226764044672825
0.46059841489887554	0.6357019830774125	0.46993494774608263	0.5968009926262553	0.46791375946621716	0.5468350563540707	0.45964549649314107	0.5037653359936387	0.47436794512844566	0.4974420055384678
0.4682905523317257	0.6410394281804656	0.4605507156611407	0.6078402737887831	0.4748253954245576	0.5640580680612215	0.45967219665150144	0.5555389961139311	0.46136012339283644	0.5581642131937357
0.46059841489887554	0.6398016705108768	0.46339324557537354	0.616832286044831	0.4618258900466199	0.5957764085107562	0.4597416195303171	0.5198345964683023	0.4730894545418143	0.518287935649438
0.46540883829978225	0.6416512302772267	0.4605520345466169	0.6257911168708119	0.46745484485391675	0.5862391640466006	0.46771371897860703	0.5454306652571784	0.46748215464702525	0.5517175571375446
0.46059841489887554	0.635897601103137	0.4716678818324673	0.5997907249315282	0.4617899626490101	0.5790082597225796	0.459713882886181	0.5595562836451841	0.47193707857366773	0.554580472738944
0.46059841489887554	0.6340532879589342	0.4659337663289735	0.6007178418300565	0.46179192758373755	0.5738987062396799	0.459698578179271	0.5439074633658977	0.4613393132229556	0.5466270114024261
0.46059841489887554	0.6403534509511266	0.4699458251333546	0.6057763975343401	0.47120149007808027	0.5611735441769411	0.4596658819904613	0.5577919016725563	0.4707184509956122	0.5553352548594953
0.46939386593107046	0.6344201680588196	0.46053653792033006	0.6109871812650903	0.4716369033835209	0.5911045577979263	0.4597389641278523	0.5576638796778547	0.4613636752429142	0.5473078815738308
0.47069974576789275	0.6382162527663423	0.46054465200081757	0.6020327322743345	0.4729920691037382	0.5585052041686455	0.46860886918651035	0.545971128455981	0.47001664899171536	0.549630535476473
0.47376545408142856	0.640070666333279	0.46054864811730784	0.6085337278511271	0.46180843263920185	0.5730573861342295	0.4747700425889679	0.5661988844640993	0.46137974416098826	0.5575790056453566
0.4634799122747771	0.6402585214056308	0.4605490515987668	0.6140718860113682	0.46182011201810313	0.5963838287876542	0.46973000319328545	0.5665277097064967	0.47164507723984916	0.56382956911503
0.46059841489887554	0.6408746601985572	0.46752505980527176	0.6092861855338965	0.46181001592236837	0.5679752490941242	0.4707096101496435	0.5636852316530799	0.4679212104780159	0.561421952708605
0.4706839466366426	0.6387907803800547	0.460545919579221	0.6196997304587	0.475408954286588	0.5735545335259964	0.4737511305449828	0.518878819598002	0.467485592262918	0.5154624477742507
0.46059841489887554	0.6413961161475837	0.46055148662864687	0.6122839007674591	0.472918764403541	0.6002753847902607	0.46830094395026856	0.5404257757507157	0.4613274131176912	0.5368833854848616
0.46059841489887554	0.6428853594421203	0.4697622923216709	0.6111117724100169	0.46181388789475175	0.5871802831501324	0.46639842548875665	0.5747579201085556	0.4613997681613069	0.5665296137772143
0.4702737929818505	0.6429005612615164	0.46578725528056475	0.6163970976668687	0.4699469973555873	0.6097243515693576	0.4728706407636195	0.5316950455120094	0.46130938895375756	0.5222736323552141
0.46059841489887554	0.635087659296901	0.468486578661089	0.6006744990166605	0.47445629126116756	0.5711280968789704	0.4682219379428329	0.5647692875775759	0.46138164645832824	0.560202738555201
0.46059841489887554	0.640533949793088	0.47422090605167	0.6301779566937241	0.4618541645941208	0.599454678450812	0.4685172553368417	0.5592690178143602	0.46136614068393	0.5431241232537092
0.4649409265251582	0.6405045685258033	0.46054958006681374	0.616534512571716	0.4746659075101631	0.5883790021174017	0.45972545071676135	0.5725619322172656	0.4613978030983096	0.5708142204686197
0.46059841489887554	0.6371970357696968	0.46054247601629245	0.6005648985472262	0.46179159704471584	0.5718144538180314	0.4596891885026283	0.5576466928149242	0.4694964876713653	0.5527094706691024
0.4680228976873283	0.6258404877484204	0.47048671848095047	0.6197753887187603	0.4618276603126338	0.5849460389657763	0.4597199437706273	0.5497496351789751	0.47204704810381265	0.5315429013039646
0.47261574694206127	0.6393306947824274	0.4715757371044915	0.6257911616719424	0.46831781150170965	0.5980308495695725	0.4670283970804054	0.558937642072518	0.47607171471194776	0.5432438134125076
0.46059841489887554	0.6367669158210703	0.4690435464641726	0.6005711584716078	0.4617916179236304	0.5720768890677007	0.45969733731384294	0.5612485128966442	0.4723127209519238	0.5569390556312366
0.47695753391938817	0.6394462166054355	0.46054730690195816	0.6022603315485978	0.47205300051494736	0.5710276673172091	0.4696302965842778	0.562460092690845	0.46137782493133195	0.5599099247005928
0.46059841489887554	0.636954526223881	0.46054194203289806	0.6023991160858503	0.4617954646954213	0.57472004686863	0.4597024184908412	0.544623149356165	0.46133703015252686	0.5496317926276467
0.46059841489887554	0.6416996036619246	0.472322079062387	0.6244238741476603	0.4618419340981437	0.584666522718368	0.4722326888703707	0.5296644338736751	0.46130604667585884	0.5347620886906401
0.4741160951415774	0.6402814427062664	0.4605553956756843	0.6266238076800427	0.46184661017107104	0.6048570468397961	0.47946645567307544	0.5742122562766449	0.4614086986630502	0.5727408609555833
0.47229238155488334	0.6424777673213198	0.4605538257916552	0.6229740103866999	0.46183895605157776	0.6014031231039987	0.46748991598986506	0.5756554641296342	0.4715555469162068	0.5595353352010362
0.4693241581445713	0.6362101196009688	0.469845519462487	0.605450039291507	0.47528852407726135	0.5760248144241118	0.4689129416669639	0.5447741457030988	0.4613406042621331	0.5489301324729092
0.47440857498781697	0.6431287927625395	0.46055521644350544	0.6108120782675571	0.4746200715032375	0.5905997134855496	0.46734140148527553	0.5810195057618192	0.46141086468121867	0.5740766401120688
0.46059841489887554	0.6358955285320739	0.4728582670489236	0.5982770852724711	0.47613825639571844	0.5822740239142805	0.4664532835433449	0.5564929283373887	0.47241745378803623	0.5514691980300824
0.46059841489887554	0.6352531391110039	0.46053830081432134	0.5991870768642127	0.46178870813694844	0.5735231855056361	0.47035070445250604	0.5617305791771323	0.4696671373640128	0.5570609266851836
0.46059841489887554	0.6369969439168464	0.470160127728787	0.5912168885304909	0.470569342631044	0.5768888927556158	0.45970028514330746	0.5233387896007197	0.46129902592493877	0.5215523537369124
0.46059841489887554	0.6372267714964995	0.47172505039776785	0.5976193660443478	0.46178538644512107	0.5623475801412726	0.47296788760174224	0.5630995495674602	0.46583401871101515	0.5584319022157581
0.46059841489887554	0.6419410548854141	0.4680282777678308	0.6235582525472575	0.4618400814391913	0.5865102338967029	0.469966296647973	0.514471869879201	0.47215632480328934	0.5152592615749463
0.46059841489887554	0.6372721755611157	0.460542616332108	0.5903001583010606	0.46176989906958776	0.5915503016156507	0.46971161991620386	0.5199235281705507	0.46652384085775056	0.5176910337340834
0.46059841489887554	0.6379077632838273	0.46054402890237184	0.614926028753785	0.46697385088244286	0.5916044765869075	0.459738606056742	0.5639211364849139	0.46137654819883156	0.5525902281716664
0.4683619276515346	0.6390015763096222	0.46054635920597187	0.6313752161377316	0.4676897109259574	0.5951203770251515	0.4706868603694681	0.552307147947041	0.46135348786300523	0.5354768033466555
0.46059841489887554	0.6374829487215385	0.46054309011350614	0.6006926923141169	0.4727235679701374	0.5812851300958606	0.4704362948970882	0.5556615005601369	0.46136044643962	0.5508935281351909
0.46059841489887554	0.6424573854725104	0.4605537395091341	0.608044736659447	0.46180732835045313	0.5901414983841107	0.4597292842855645	0.5004874308959465	0.46124503134133	0.5003229241179817
0.4730918329101673	0.6344172406799506	0.46053650542314556	0.6018271821003057	0.4617942740847021	0.5851924363650081	0.4597184749021225	0.5593408150276997	0.4666663574090092	0.5545713495963411
0.4729143756856994	0.6377185933239341	0.4681825474828799	0.6091309989130584	0.4618096883151713	0.576119640471353	0.4709592790595559	0.5714187810113053	0.46689369598688024	0.5649685543006382
0.46059841489887554	0.6425916374561141	0.46055407037479834	0.6341562240446219	0.4734672503927374	0.5980935264974313	0.459752266078516	0.5525105707618659	0.4613538342639678	0.5344453553624406
0.46059841489887554	0.6406823001584026	0.4660496625077961	0.6124578999650976	0.47210302918630626	0.5902861687530349	0.45973547978981705	0.5602222009212081	0.4692890221988277	0.5643042923627659
0.46059841489887554	0.6385268735328754	0.47050221085977995	0.6016905162797063	0.46179395663085004	0.5778397354954046	0.4721713468881503	0.5268745159796229	0.4771021415743341	0.5305286732362398
0.4695831214703136	0.6393345561449767	0.46054708023226165	0.6175030091432918	0.4762547681510686	0.5995467031681281	0.4597449868947216	0.5554500895807438	0.4742554557142134	0.5473294213574341
0.4720025776008096	0.6401926385638903	0.4605488969170712	0.6056620373167574	0.4679057305147616	0.5754830744292039	0.4718587193078011	0.563709498582976	0.46137977307883554	0.561504928154541
0.46059841489887554	0.6387167810554167	0.46866984340307005	0.5823012306265369	0.4702605614725362	0.5906120535010756	0.4597362793807733	0.5087842198598744	0.4734328676242413	0.50674423298975
0.47069816761625405	0.6373699184153833	0.466590368121365	0.5980720678233058	0.4745028958152104	0.5626609333586879	0.46920529653574133	0.5642311057065996	0.47132197130718767	0.5595648531465824
0.464765483947702	0.6368167074678446	0.47316332626569274	0.5995097043280426	0.4680793540135228	0.5711173352340765	0.4656253717797849	0.5577092456402851	0.47331756622123766	0.5527113475881816
0.46782899361157815	0.6397274973711486	0.4681279378447311	0.6130182157551498	0.4618178820120891	0.5963212283296957	0.4716272090116699	0.5592871125210709	0.4613658823562098	0.5658198710084477
0.46059841489887554	0.6396842811152617	0.4605478100498049	0.6017177778300556	0.46179400200875104	0.5736526539966197	0.4724039362211786	0.5180224755978263	0.461285387955307	0.5188938386182909
0.46059841489887554	0.6384893107598825	0.46970069891757565	0.603039760496455	0.4617968049304209	0.5958089757182485	0.46950129368968674	0.5295972094434357	0.4613047908647898	0.524403489347411
0.46059841489887554	0.6422233659694012	0.4740863496710088	0.6261914177681805	0.46590113570826563	0.5978078975197322	0.4646826960170666	0.5576164798329425	0.47118080114003186	0.539205832549117
0.47212945342596674	0.6341381851514548	0.4697660865894563	0.6098417329166254	0.46181120664029474	0.5897068263743933	0.45973507622409765	0.5567395665627356	0.4613606677585192	0.5459262039464471
0.47513914920912964	0.6414525770088203	0.4668048650280335	0.6279606867525932	0.46184941277076713	0.5823196446890968	0.4685171113322146	0.5463627363978707	0.46990684049579023	0.5514042752550896
0.4664228623553816	0.6381317315746298	0.4605444704643083	0.6003443808760379	0.46836238597916463	0.5599816587438387	0.4686769736897414	0.5609770831263298	0.47214760541714196	0.556511678381958
0.47092806304592105	0.6374928506766173	0.47199778277218546	0.6180259998326458	0.47170874881321595	0.5925554273611314	0.4597413278499081	0.559970950908746	0.4613669869623829	0.5438681698662086
0.47141701982916806	0.6396045816921293	0.4605476338800526	0.603612129250225	0.4730003575827008	0.564188457318229	0.4596724939285227	0.5621118287764698	0.47652766437892596	0.559802485585122
0.4686869783916676	0.6407097597362712	0.4685499109219332	0.6215848013470224	0.47455227727765037	0.5831924675896172	0.4651788574469786	0.5754088944985724	0.4614052645301449	0.573774322632754
0.46059841489887554	0.6389658030433929	0.47305332656518995	0.6246827786744835	0.4618425887953348	0.5801780449004457	0.4725217095094086	0.5245074109834343	0.4720998267592098	0.521579066837633
0.46059841489887554	0.6349432823687033	0.46053764223805294	0.6071721367081693	0.46180557068325423	0.5897944004046365	0.46624302893117414	0.5536225515457496	0.4728227646103014	0.5418741902796094
0.46059841489887554	0.6371986673966138	0.4709795198449632	0.6013630740745342	0.4617932653886516	0.5773253602832571	0.46850271656529474	0.532863948662669	0.4698761524850314	0.5366826657367523
0.4702670185724406	0.6347339584996244	0.4605371726243146	0.5984748514457041	0.4617871924481485	0.5710575777856981	0.4745849055756121	0.5581656806975892	0.4613652816555626	0.557917534892424
0.46949281375253354	0.6411450819694378	0.460550947473025	0.6071290837886255	0.46180543759569553	0.5669219659118823	0.46924213507336976	0.5394292797943228	0.47396916903165803	0.5458043490066631
0.46059841489887554	0.6193876881136617	0.46050416624861074	0.5685207279844929	0.4730323261658598	0.5603511501868232	0.4596719720380107	0.5292281517584864	0.4613046250280777	0.5203134674774665
0.46865517378750965	0.6350733992669633	0.4605379147589157	0.5988556337754064	0.4617880084263418	0.5724996734336805	0.4732666395466075	0.5616820666686609	0.4696358271216414	0.5569215186660016
0.4706637546085252	0.6373267718022013	0.46903608928609025	0.6044258710619484	0.4678663407279293	0.571469621819899	0.4666744654138201	0.5560042256211412	0.47179102951852364	0.5598516318301576
0.46059841489887554	0.6349672694052775	0.46054500349125344	0.6195975094742657	0.46183182771456127	0.5948238321226631	0.4725164170655899	0.5497213078164614	0.46135577270007844	0.5360154202855425
0.4721062747938042	0.6385204481151711	0.4699639079521482	0.6092062163530766	0.47040616134385005	0.5923029418342122	0.47011830057218473	0.5560712625941583	0.46136164214850306	0.5516628147423182
0.46059841489887554	0.6410115606832085	0.4605506558070798	0.6221559076248664	0.4657300046278764	0.5730101213409591	0.4596917939897152	0.5643632494419828	0.4613785626216123	0.5620534802511695
0.46781352159867157	0.6347209915075737	0.4605371578371705	0.6017451471995474	0.46179410847758207	0.5731779204506664	0.4596921733489765	0.564131926521705	0.47219671335238983	0.5597665096624909
0.46059841489887554	0.6383683860157556	0.4605449918947661	0.6071217252804969	0.4685056683451756	0.5798844209880557	0.46960802551817954	0.5669414327330652	0.4694815829642688	0.5604646686405429
0.4649988799879989	0.634722797297884	0.4605371617157499	0.5973924442591311	0.4737891987968636	0.580571041168917	0.4689251546531608	0.5585513591826778	0.4613705922873917	0.553545146172237
0.4694596597438591	0.6348586912650902	0.46053745359672926	0.5981737163424695	0.4617865609992775	0.5829735332129347	0.4597136174159657	0.5575679375938253	0.4689106623965023	0.5524924656060385
0.4689671058224851	0.6360395994405691	0.4605399769256581	0.6010488452858127	0.4751726793336262	0.5762972806407697	0.45969899002628534	0.541672957220774	0.46133436696085184	0.5463354997876292
0.46059841489887554	0.6362630721146256	0.46054042285244423	0.5740638311878348	0.4672782826455882	0.5794850976135304	0.45971317959065433	0.5141561785880684	0.47065295830661563	0.5063364250650306
0.468950207967383	0.6373199000446543	0.47116201727200707	0.6026173058545985	0.4617959374962312	0.5711795995131405	0.45968779870412235	0.5622649985130421	0.4681268049794705	0.5576987368831219
0.46059841489887554	0.6346813561399282	0.4690272988074182	0.6006366026825939	0.4744598385613055	0.5828799777493728	0.4597220227059292	0.5599891744456023	0.4613699090417362	0.555184866008684
0.4704575419965739	0.6420609131875104	0.4605529012228051	0.607711194095764	0.4682407655155418	0.5887875280161761	0.46910361652795984	0.5224726659703849	0.46864151950265837	0.5238793372985436
0.47042599542684843	0.6368568013124513	0.46054174524433905	0.6001830452272753	0.4708191663753044	0.5799112892891435	0.4597158667053446	0.5567472062693745	0.46136349802931437	0.5517405371043794
0.46059841489887554	0.6400293996861224	0.47062630886924717	0.6315247802846258	0.461852942803286	0.5982579212597615	0.4679862498308185	0.5484529135636822	0.46777977789145725	0.5341968505390123
0.46059841489887554	0.639793131711513	0.4605480388506781	0.6027320654907092	0.4617961797621929	0.5710844826098948	0.45968759047782143	0.5632717746752981	0.4613763272865108	0.5613530668722132
