0.00025	0.00038916698051268004	0.00038916698051268004	0.000534339153577341	0.000534339153577341	0.000681600210728884	0.000681600210728884	0.0008385646080117801	0.0008385646080117801	0.0009951956103881783
0.00025	0.0004179404767090304	0.0004179404767090304	0.0005852726634042125	0.0005852726634042125	0.0007551949006059564	0.0007551949006059564	0.0009277742673840392	0.0009277742673840392	0.0010963238291951147
0.00025	0.0003475812023115999	0.0003475812023115999	0.0004389822414446785	0.0004389822414446785	0.0005409362173569405	0.0005409362173569405	0.0006419908111262425	0.0006419908111262425	0.0007375615003835385
0.00025	0.0003471552033658263	0.0003471552033658263	0.0004485555359437911	0.0004485555359437911	0.0005574315158559539	0.0005574315158559539	0.000664104733727657	0.000664104733727657	0.0007756894844254153
0.00025	0.0003409486833040243	0.0003409486833040243	0.00043041675345534275	0.00043041675345534275	0.0005242910743701065	0.0005242910743701065	0.0006142971582057939	0.0006142971582057939	0.0007069452995803476
0.00025	0.00022446093693353453	0.00022446093693353453	0.00019370424018125103	0.00019370424018125103	0.00016926314111677732	0.00016926314111677732	0.00013526606105149818	0.00013526606105149818	9.072848308466938e-5
0.00025	0.00021427557663502805	0.00021427557663502805	0.0001698197597490987	0.0001698197597490987	0.00014392822391030835	0.00014392822391030835	0.00011936010925134627	0.00011936010925134627	7.993491903692252e-5
0.00025	0.00023684896151804209	0.00023684896151804209	0.00021278426482008566	0.00021278426482008566	0.00018106258640436694	0.00018106258640436694	0.00016367825032529622	0.00016367825032529622	0.00015346295564030833
0.00025	0.00018802750958011918	0.00018802750958011918	0.00010346742905173418	0.00010346742905173418	2.7894309865797576e-5	2.7894309865797576e-5	4.8086443820506876e-6	4.8086443820506876e-6	4.5339137153662365e-6
0.00025	0.0001630267317553353	0.0001630267317553353	8.281223521449498e-5	8.281223521449498e-5	5.847027877758022e-6	5.847027877758022e-6	5.596998245652359e-6	5.596998245652359e-6	5.558998637358186e-6
0.00025	0.00014236473530481242	0.00014236473530481242	6.046067737596715e-5	6.046067737596715e-5	3.3269693367193794e-6	3.3269693367193794e-6	2.8666794692636915e-6	2.8666794692636915e-6	3.02866399287779e-6
0.00025	0.00018019474048650393	0.00018019474048650393	0.00012002703804695238	0.00012002703804695238	5.8241147927919656e-5	5.8241147927919656e-5	1.0787572395185066e-5	1.0787572395185066e-5	1.534614455214763e-5
0.00025	0.00018775617860064512	0.00018775617860064512	0.00012710801280030123	0.00012710801280030123	7.188995935379278e-5	7.188995935379278e-5	7.844554357624478e-6	7.844554357624478e-6	7.864651068053047e-6
0.00025	0.00021851128964090247	0.00021851128964090247	0.0001883563314527457	0.0001883563314527457	0.000168765760749065	0.000168765760749065	0.00013037340144639732	0.00013037340144639732	0.00012165549855551377
0.00025	0.00023677177488436665	0.00023677177488436665	0.00020262355408292936	0.00020262355408292936	0.00020562140253704982	0.00020562140253704982	0.00020753593070138004	0.00020753593070138004	0.00018801273696008168
0.00025	0.00016433125536427485	0.00016433125536427485	9.073498757602561e-5	9.073498757602561e-5	7.149640436685888e-6	7.149640436685888e-6	7.075200676195693e-6	7.075200676195693e-6	6.986484074305512e-6
0.00025	0.00023962964514413562	0.00023962964514413562	0.0002221901166197141	0.0002221901166197141	0.0002084292157798754	0.0002084292157798754	0.00020936311722763933	0.00020936311722763933	0.00020108327105079505
0.00025	0.00015057546615058936	0.00015057546615058936	4.896849121201297e-5	4.896849121201297e-5	4.463099229008336e-6	4.463099229008336e-6	5.131594063636571e-6	5.131594063636571e-6	4.735460989704572e-6
0.00025	0.00019704463616584153	0.00019704463616584153	0.0001346062696530218	0.0001346062696530218	7.483925293710128e-5	7.483925293710128e-5	5.224394127347035e-6	5.224394127347035e-6	5.257642696604426e-6
0.00025	0.00020614272333313612	0.00020614272333313612	0.00017273972703624418	0.00017273972703624418	0.00013604735917351358	0.00013604735917351358	0.00012198923716830542	0.00012198923716830542	8.900379370318505e-5
0.00025	0.00022669174888913956	0.00022669174888913956	0.00021250668223833356	0.00021250668223833356	0.0002007667542443546	0.0002007667542443546	0.00019401297972568843	0.00019401297972568843	0.00016626585735854694
0.00025	0.00020070444272049628	0.00020070444272049628	0.00010665496213492604	0.00010665496213492604	2.5744703726289677e-5	2.5744703726289677e-5	6.812971819777403e-6	6.812971819777403e-6	7.092537155628507e-6
0.00025	0.00020505589578707898	0.00020505589578707898	0.0001574167276105767	0.0001574167276105767	9.413856379125596e-5	9.413856379125596e-5	4.907654527223222e-5	4.907654527223222e-5	7.391396153521158e-6
0.00025	0.00021849415950073723	0.00021849415950073723	0.00016253141296130897	0.00016253141296130897	0.0001319653125816096	0.0001319653125816096	0.00011506297231149944	0.00011506297231149944	6.078889502320591e-5
0.00025	0.00020145283073432898	0.00020145283073432898	0.00012970073428441735	0.00012970073428441735	7.262724344366304e-5	7.262724344366304e-5	1.6854095317411202e-5	1.6854095317411202e-5	3.8717596856673986e-6
0.00025	0.00023007179347327617	0.00023007179347327617	0.00021686159320976408	0.00021686159320976408	0.00019925079959798867	0.00019925079959798867	0.0001982926353432617	0.0001982926353432617	0.00018925373512193832
0.00025	0.000232970319231087	0.000232970319231087	0.0002037327009361849	0.0002037327009361849	0.0001676138510682299	0.0001676138510682299	0.0001258679143403081	0.0001258679143403081	9.882758275596591e-5
0.00025	0.00021842881808050368	0.00021842881808050368	0.00018437333543656502	0.00018437333543656502	0.00013219568930514494	0.00013219568930514494	0.0001011760555488028	0.0001011760555488028	7.371898026364207e-5
0.00025	0.00017689376293059786	0.00017689376293059786	0.00010307667363031972	0.00010307667363031972	4.435105482296056e-5	4.435105482296056e-5	2.0795747832918414e-5	2.0795747832918414e-5	1.4938766511444621e-5
0.00025	0.00023299990978781812	0.00023299990978781812	0.00023261892372072128	0.00023261892372072128	0.00021085399992410318	0.00021085399992410318	0.0001837854806224485	0.0001837854806224485	0.00015607685864545704
0.00025	0.00018853301502918957	0.00018853301502918957	0.00014017778754031422	0.00014017778754031422	6.939980656538886e-5	6.939980656538886e-5	1.771129112676771e-5	1.771129112676771e-5	8.502550750406653e-6
0.00025	0.0002204057956085454	0.0002204057956085454	0.00016324166748768332	0.00016324166748768332	0.0001035070065342025	0.0001035070065342025	6.120278916965286e-5	6.120278916965286e-5	2.5193990041001794e-5
0.00025	0.00022459718224330204	0.00022459718224330204	0.00018825838877342547	0.00018825838877342547	0.00017334749504635953	0.00017334749504635953	0.0001699264408412006	0.0001699264408412006	0.0001592329318000432
0.00025	0.00024241624251041764	0.00024241624251041764	0.0002109411468767398	0.0002109411468767398	0.0002095316749127701	0.0002095316749127701	0.00020393296012031361	0.00020393296012031361	0.00016782320239850713
0.00025	0.00018190535286362265	0.00018190535286362265	0.0001354550133666393	0.0001354550133666393	9.882167042194072e-5	9.882167042194072e-5	6.543097095676608e-5	6.543097095676608e-5	3.5242076682344074e-5
0.00025	0.0001918457329143562	0.0001918457329143562	0.00011310511583359144	0.00011310511583359144	6.329085077944166e-5	6.329085077944166e-5	6.7183579714947765e-6	6.7183579714947765e-6	6.4606564316961915e-6
0.00025	0.0001966083481355891	0.0001966083481355891	0.00015321071793219788	0.00015321071793219788	0.0001142900954888815	0.0001142900954888815	9.40037297512846e-5	9.40037297512846e-5	5.975802972998524e-5
0.00025	0.00019523396116084382	0.00019523396116084382	0.0001386768374735832	0.0001386768374735832	0.00011509735471623348	0.00011509735471623348	7.745983558635791e-5	7.745983558635791e-5	4.6411457533212414e-5
0.00025	0.00019574165906541973	0.00019574165906541973	0.00013731829822281424	0.00013731829822281424	0.0001020511631104098	0.0001020511631104098	7.825152480604233e-5	7.825152480604233e-5	3.1880341362853484e-5
0.00025	0.0001504456643321341	0.0001504456643321341	6.58717408880068e-5	6.58717408880068e-5	6.116320594873629e-6	6.116320594873629e-6	6.088427377976174e-6	6.088427377976174e-6	5.9080819617154425e-6
0.00025	0.00018400930042808888	0.00018400930042808888	8.620476567432436e-5	8.620476567432436e-5	2.4868456994181077e-5	2.4868456994181077e-5	3.6268571173180106e-6	3.6268571173180106e-6	4.321216289386866e-6
0.00025	0.00023514524546696213	0.00023514524546696213	0.0001946555798938555	0.0001946555798938555	0.00017809449663275947	0.00017809449663275947	0.00016944527613340206	0.00016944527613340206	0.00014849204862479772
0.00025	0.0001677199829637349	0.0001677199829637349	8.11054963568332e-5	8.11054963568332e-5	2.2801226640418588e-5	2.2801226640418588e-5	6.994010500636761e-6	6.994010500636761e-6	7.0357779372586216e-6
0.00025	0.00022354604673060024	0.00022354604673060024	0.00019709565599371998	0.00019709565599371998	0.0001606258897857057	0.0001606258897857057	0.00011418862806121173	0.00011418862806121173	8.259178827996802e-5
0.00025	0.0001684520821217194	0.0001684520821217194	8.259284995578254e-5	8.259284995578254e-5	4.175850723536666e-6	4.175850723536666e-6	5.037555004324746e-6	5.037555004324746e-6	4.281464055558634e-6
0.00025	0.00019021783368710333	0.00019021783368710333	0.00010454373239520467	0.00010454373239520467	4.136639708844262e-5	4.136639708844262e-5	7.0611831696072215e-6	7.0611831696072215e-6	7.09761299242138e-6
0.00025	0.00019282091609682726	0.00019282091609682726	0.000153591367297188	0.000153591367297188	0.00013422195462127774	0.00013422195462127774	0.00011424108358879679	0.00011424108358879679	7.322617972301936e-5
0.00025	0.00023239578402521613	0.00023239578402521613	0.000212518505562768	0.000212518505562768	0.00020772752443138154	0.00020772752443138154	0.00021129016486356504	0.00021129016486356504	0.00021442872631955543
0.00025	0.00022250744055394146	0.00022250744055394146	0.00021322076538924834	0.00021322076538924834	0.00020882757347086704	0.00020882757347086704	0.00018786375888975735	0.00018786375888975735	0.00017927991161132851
0.00025	0.0001913495569834674	0.0001913495569834674	0.00014509721307794899	0.00014509721307794899	9.160640835178849e-5	9.160640835178849e-5	4.2654643324786694e-5	4.2654643324786694e-5	1.8749970748883977e-5
0.00025	0.00017343972002030155	0.00017343972002030155	0.00011565999609980934	0.00011565999609980934	4.6135016909766926e-5	4.6135016909766926e-5	5.444920476469684e-6	5.444920476469684e-6	6.505459046820285e-6
0.00025	0.00018615767832418255	0.00018615767832418255	0.00012031780230703874	0.00012031780230703874	5.430470553454588e-5	5.430470553454588e-5	1.054931431188966e-5	1.054931431188966e-5	2.044964090906143e-5
0.00025	0.00015923528599716977	0.00015923528599716977	6.633005773198407e-5	6.633005773198407e-5	2.328820504383125e-6	2.328820504383125e-6	3.695444126302508e-6	3.695444126302508e-6	2.638861948525662e-6
0.00025	0.00023371020440731826	0.00023371020440731826	0.00021921712550047436	0.00021921712550047436	0.00019093166575109984	0.00019093166575109984	0.00016603241934391323	0.00016603241934391323	0.00014812169348453203
0.00025	0.00021880845843825686	0.00021880845843825686	0.00016090639736925279	0.00016090639736925279	0.0001487651820653292	0.0001487651820653292	0.00012337711862882352	0.00012337711862882352	9.662750769880273e-5
0.00025	0.00017381750770064495	0.00017381750770064495	0.00011426218478135421	0.00011426218478135421	3.077318002376089e-5	3.077318002376089e-5	7.71946932848827e-6	7.71946932848827e-6	6.033638985179541e-6
0.00025	0.00020892612529393846	0.00020892612529393846	0.00018863565148120705	0.00018863565148120705	0.00015651378986935162	0.00015651378986935162	0.00013014781119093016	0.00013014781119093016	0.00010732317990131485
0.00025	0.00021265566867740415	0.00021265566867740415	0.00016704593621604566	0.00016704593621604566	0.00014061765216554954	0.00014061765216554954	0.00012546270502507116	0.00012546270502507116	0.00010955879961975231
0.00025	0.00020793301457005032	0.00020793301457005032	0.00016900206896325776	0.00016900206896325776	0.00011653653617071236	0.00011653653617071236	5.6113104966885e-5	5.6113104966885e-5	2.4460742658204996e-5
0.00025	0.00020674734293226054	0.00020674734293226054	0.0001743182443345773	0.0001743182443345773	0.00010343906669706487	0.00010343906669706487	4.5368593358077173e-5	4.5368593358077173e-5	8.563825332477753e-6
0.00025	0.00016226336817397454	0.00016226336817397454	4.179820626838571e-5	4.179820626838571e-5	2.2434544202070513e-6	2.2434544202070513e-6	2.779264688742067e-6	2.779264688742067e-6	2.710622416672593e-6
0.00025	0.0001921156115225597	0.0001921156115225597	0.00016121530658622413	0.00016121530658622413	0.00010637850620193249	0.00010637850620193249	8.359425030567864e-5	8.359425030567864e-5	5.7750788151217604e-5
0.00025	0.00022220159694379008	0.00022220159694379008	0.00018355595813493246	0.00018355595813493246	0.0001264491791512636	0.0001264491791512636	8.619925352334425e-5	8.619925352334425e-5	5.985136213972418e-5
0.00025	0.00021281770709486833	0.00021281770709486833	0.0001931471989221589	0.0001931471989221589	0.0001419384999877428	0.0001419384999877428	9.224818637774883e-5	9.224818637774883e-5	6.225488187717445e-5
0.00025	0.00019996681415865	0.00019996681415865	0.00015116466814162264	0.00015116466814162264	0.00010358052880052516	0.00010358052880052516	5.9663874374414955e-5	5.9663874374414955e-5	2.9799727608397016e-5
0.00025	0.00020309439100833624	0.00020309439100833624	0.00015572562545672762	0.00015572562545672762	0.00010763886512062267	0.00010763886512062267	7.940034117437959e-5	7.940034117437959e-5	3.3942987351452037e-5
0.00025	0.00021077188320339394	0.00021077188320339394	0.00016863821590210363	0.00016863821590210363	0.00013979499994647905	0.00013979499994647905	0.00011024871101316412	0.00011024871101316412	8.600623627709269e-5
0.00025	0.00018396229708539616	0.00018396229708539616	0.00011565533610073885	0.00011565533610073885	6.0855824660991925e-5	6.0855824660991925e-5	8.969507761053879e-6	8.969507761053879e-6	8.652546385333926e-6
0.00025	0.0001874859276433796	0.0001874859276433796	0.00010966648456093194	0.00010966648456093194	5.179183498147064e-5	5.179183498147064e-5	6.701978606056236e-6	6.701978606056236e-6	6.6237618459388754e-6
0.00025	0.00023097938591842002	0.00023097938591842002	0.0002262335501382538	0.0002262335501382538	0.00021055821858974208	0.00021055821858974208	0.00020166422483807933	0.00020166422483807933	0.00018708439210031924
0.00025	0.00022276587926278052	0.00022276587926278052	0.00019644947409745448	0.00019644947409745448	0.00014472175209176351	0.00014472175209176351	0.00012494327789549129	0.00012494327789549129	7.280193305609082e-5
0.00025	0.00018069992231777016	0.00018069992231777016	8.59297029006905e-5	8.59297029006905e-5	6.071034002772557e-6	6.071034002772557e-6	6.051938498427561e-6	6.051938498427561e-6	6.119144089507165e-6
0.00025	0.00021714681130256084	0.00021714681130256084	0.00019647562247589092	0.00019647562247589092	0.00014084292569186275	0.00014084292569186275	0.00011935649063381407	0.00011935649063381407	6.691002648149859e-5
0.00025	0.00017855631433927587	0.00017855631433927587	0.00014366382380735467	0.00014366382380735467	7.463641153309949e-5	7.463641153309949e-5	2.420988430968254e-5	2.420988430968254e-5	1.9186777070846064e-5
0.00025	0.00022002175767030913	0.00022002175767030913	0.00019588354731078208	0.00019588354731078208	0.0001573900821428176	0.0001573900821428176	0.00012503622151879433	0.00012503622151879433	0.00010443100453380317
0.00025	0.00022126958693133124	0.00022126958693133124	0.00018015705576978364	0.00018015705576978364	0.00014111846997805785	0.00014111846997805785	9.248447182397382e-5	9.248447182397382e-5	7.143595045821958e-5
0.00025	0.0001797968989576777	0.0001797968989576777	0.00011255181490151804	0.00011255181490151804	2.722464644403674e-5	2.722464644403674e-5	4.54810177650649e-6	4.54810177650649e-6	4.6406211780008e-6
0.00025	0.00015329039648110762	0.00015329039648110762	6.228235559586047e-5	6.228235559586047e-5	1.9062572087848558e-5	1.9062572087848558e-5	1.309413868774375e-5	1.309413868774375e-5	1.96540806913569e-5
0.00025	0.00022654288207969234	0.00022654288207969234	0.00019821695413200556	0.00019821695413200556	0.00017003072858599137	0.00017003072858599137	0.00014491390338662398	0.00014491390338662398	9.271685469442516e-5
0.00025	0.000220025166599093	0.000220025166599093	0.00020264158427670695	0.00020264158427670695	0.00016184691394225474	0.00016184691394225474	0.0001369842654743922	0.0001369842654743922	0.00011771149749266992
0.00025	0.00021490642652797728	0.00021490642652797728	0.00017266106360808625	0.00017266106360808625	0.000150016318480515	0.000150016318480515	0.00012734667970917883	0.00012734667970917883	9.527654439566437e-5
0.00025	0.00023190905123509666	0.00023190905123509666	0.00020221287385971458	0.00020221287385971458	0.00019990775642245365	0.00019990775642245365	0.00019819647580094187	0.00019819647580094187	0.0002021515466588986
0.00025	0.0001883693621695631	0.0001883693621695631	0.000133898805440301	0.000133898805440301	5.5152613326235167e-5	5.5152613326235167e-5	1.2241888185827161e-5	1.2241888185827161e-5	6.5708364550263195e-6
0.00025	0.00023054200979259867	0.00023054200979259867	0.00019757062201782076	0.00019757062201782076	0.00018323652792506839	0.00018323652792506839	0.0001785925059440603	0.0001785925059440603	0.00018245624404669876
0.00025	0.00016235159096479438	0.00016235159096479438	7.624051143479972e-5	7.624051143479972e-5	6.857417499000083e-6	6.857417499000083e-6	6.831190345915874e-6	6.831190345915874e-6	6.755286747047075e-6
0.00025	0.00018020044102939317	0.00018020044102939317	0.00011634607521368978	0.00011634607521368978	3.6887422578744133e-5	3.6887422578744133e-5	7.127791722403367e-6	7.127791722403367e-6	8.222995376276989e-6
0.00025	0.00023462928859274733	0.00023462928859274733	0.00023264037916348584	0.00023264037916348584	0.00020543470593514202	0.00020543470593514202	0.00017300540652437528	0.00017300540652437528	0.00015936453399840994
0.00025	0.00019032288018661526	0.00019032288018661526	0.00013027254761555226	0.00013027254761555226	7.519926184010141e-5	7.519926184010141e-5	2.5883511667528275e-5	2.5883511667528275e-5	1.083270398396654e-5
0.00025	0.00020963007314882173	0.00020963007314882173	0.0001658653880744936	0.0001658653880744936	0.00011635511904049607	0.00011635511904049607	9.740237428030483e-5	9.740237428030483e-5	5.1535681856802195e-5
0.00025	0.0001691386932599167	0.0001691386932599167	8.587165385177346e-5	8.587165385177346e-5	2.683177795071006e-5	2.683177795071006e-5	6.178206971895303e-6	6.178206971895303e-6	5.962457987070246e-6
0.00025	0.0001786401681819972	0.0001786401681819972	9.628024594051483e-5	9.628024594051483e-5	1.2595457833303308e-5	1.2595457833303308e-5	6.779341381920286e-6	6.779341381920286e-6	5.944553015748432e-6
0.00025	0.00017692203608803042	0.00017692203608803042	0.00010321981032789246	0.00010321981032789246	3.7680276764362755e-5	3.7680276764362755e-5	7.246567752630045e-6	7.246567752630045e-6	7.908815803735097e-6
0.00025	0.0001659821890043157	0.0001659821890043157	5.788782382416604e-5	5.788782382416604e-5	3.973494229336923e-6	3.973494229336923e-6	4.004442704295358e-6	4.004442704295358e-6	3.6782187040844275e-6
0.00025	0.00021170821828673278	0.00021170821828673278	0.00018706632507096998	0.00018706632507096998	0.0001832147825323145	0.0001832147825323145	0.00014734044542912353	0.00014734044542912353	0.00011157383228484025
0.00025	0.00016986916420309785	0.00016986916420309785	9.160666206371672e-5	9.160666206371672e-5	1.4606104056596087e-5	1.4606104056596087e-5	6.917250259571988e-6	6.917250259571988e-6	7.471769591714406e-6
0.00025	0.00022599043548692042	0.00022599043548692042	0.00017897217175864667	0.00017897217175864667	0.00016653681419300263	0.00016653681419300263	0.00014775283425851583	0.00014775283425851583	0.00013021983750068577
0.00025	0.00020331084179099789	0.00020331084179099789	0.00017203961216498534	0.00017203961216498534	0.00013373640555650783	0.00013373640555650783	0.00011821506011343099	0.00011821506011343099	9.908668229902746e-5
0.00025	0.00016117565201567106	0.00016117565201567106	6.989408962095865e-5	6.989408962095865e-5	5.927304626781739e-6	5.927304626781739e-6	7.2723264337028725e-6	7.2723264337028725e-6	6.416848202071497e-6
0.00025	0.00017518825756573868	0.00017518825756573868	0.00010122819846086212	0.00010122819846086212	3.2225350489721085e-5	3.2225350489721085e-5	6.877050062981873e-6	6.877050062981873e-6	6.215590714207811e-6
0.00025	0.0001778290658407304	0.0001778290658407304	9.9458255468979e-5	9.9458255468979e-5	1.0325528335332925e-5	1.0325528335332925e-5	5.348285174887871e-6	5.348285174887871e-6	5.656824946238517e-6
