0.6558220229429309	0.5166550424302431	0.6567742486409743	0.5116020755762931	0.6538742681353812	0.5066132109838638	0.6616200614676258	0.5046556641847053	0.6598941833035082	0.5032631809272354
0.6636575967759036	0.49571712006691315	0.6593576853375928	0.49202549864266915	0.6589330344635482	0.4890107972617687	0.6599752323366129	0.4873958655585473	0.6555008084259525	0.4869512466155423
0.6588757641658192	0.5612945618542116	0.6551805255406293	0.5637794864075749	0.663393093607749	0.5614391176954615	0.6608602483071045	0.5598056545377759	0.6549646074841712	0.5593939182268857
0.6572207489083816	0.5600655455425512	0.6581829921725973	0.5567826595946421	0.661213541895851	0.5523375619837089	0.6575387146507775	0.5508654967790768	0.6608972702128171	0.5493125195150442
0.6586322756412573	0.5676835923372484	0.6598625183432264	0.570394448191916	0.6633659109428203	0.569491590028061	0.6586717835694935	0.5686656997337843	0.6607292756397308	0.5680811342651796
0.49361620986832283	0.5191552729347655	0.48567014796730673	0.5164268447196038	0.4878906440655215	0.5123317431299773	0.4768958398131235	0.510892919878447	0.46683465614848807	0.5113722341152813
0.4910917662316096	0.5268161895966106	0.48197013525718624	0.5264259521430766	0.49901802328457	0.5249095591233569	0.497098319651179	0.5216664343101011	0.48296364462321295	0.5223888348376385
0.48777128638079786	0.5009223248625658	0.47517848954192365	0.4992431862399197	0.46960274204172897	0.5013244204575015	0.48551321495109	0.5028975510301902	0.4944921046635941	0.5047073993486233
0.4852204333537323	0.5471929237736124	0.4614464091353777	0.5460064896637599	0.46763378066759104	0.5432068998535184	0.4691782259159214	0.5418214619865396	0.4609338054823304	0.5418375031641175
0.4834113821161336	0.5703846503607894	0.4885128210258596	0.5687273175667082	0.46819004818490756	0.5672582781089982	0.5088955287058334	0.5664596373318891	0.47706082347784534	0.5661680286172618
0.46106213775922167	0.5686974024544225	0.48519322638897916	0.5670972843177776	0.4692772139050372	0.5652497154312903	0.4913954660485793	0.5645888727516954	0.4968652999421966	0.5641636013888919
0.4717214895732237	0.5415267490866935	0.48084197030326126	0.5410096727427802	0.47988280493266394	0.5416686950516634	0.4738149541606497	0.5413409455435163	0.4854425716145081	0.5424318199784411
0.48109786058353554	0.5433416819828917	0.4797049671274311	0.5403531329277927	0.4828244060102259	0.5380424594567328	0.46462150548620634	0.5367803646214355	0.4671941938665186	0.5360272609481258
0.4873970255408762	0.5188857358999402	0.4856485395953881	0.5158034977835392	0.4943070953317523	0.5138976660354613	0.47388089467864036	0.5122732539813211	0.5037037352174302	0.5124216381082792
0.4858979989877141	0.4991262241033568	0.46135116060498427	0.49549938140655964	0.4956418832328766	0.4926440347786927	0.49276356033959684	0.4908490321751465	0.47051651455316396	0.4900397082943823
0.4755280380731977	0.5611967827089023	0.48516055694108806	0.5587568247293256	0.46032061043227634	0.5560895929042323	0.49863866988150857	0.5553044436652178	0.47706849085780795	0.5541917231412011
0.4806302552489182	0.4910006101047552	0.4738997264215401	0.49133925494610814	0.47885254186229903	0.49261344270222446	0.4939085965260605	0.49297469507835723	0.48571159860007873	0.49399144477696993
0.4715719008115997	0.5709964346610163	0.46832669745759403	0.5699336723961564	0.4686839646830287	0.5693032891261935	0.4771677481760302	0.5672839139253305	0.4777987691231949	0.5678707600190996
0.49864164331514543	0.5515970071492999	0.48863499089572293	0.551073357408565	0.4917366375810667	0.5515036542969763	0.47474510275995746	0.5482927295607605	0.49189791162964935	0.5489689758715016
0.4796642978759862	0.5235215745428476	0.4863987704260523	0.5198017667229379	0.4813318485729287	0.5180242164356594	0.5023580676410129	0.516416189646225	0.48284001225165035	0.5158254557167727
0.4856080774882057	0.5089163285990296	0.49088730230983285	0.5050723689605818	0.4885711494228924	0.5003110774170536	0.49147332734599986	0.49822710186461283	0.4695873012833157	0.49733442365079505
0.5050623063249056	0.5543578636043975	0.46146059171135795	0.5555100722969126	0.47619108487020484	0.5571013432788628	0.5044737303365122	0.555693691402279	0.46584582601184793	0.556551679435508
0.4934575679286132	0.5384016721415393	0.4889921735092527	0.5366313416857318	0.47375202151382656	0.5370301853331352	0.49062034303457236	0.5356823615535753	0.4758134273670429	0.5352036679747981
0.4953332860797825	0.52683912657901	0.46736532657824675	0.5233280731176886	0.48747087564629876	0.5180369760260208	0.49892025092145775	0.5158225911916194	0.4608896111751615	0.5151636884634406
0.4971165895491814	0.5456637588148252	0.4742011742311463	0.5459532706810489	0.48811305701369534	0.5451865478544341	0.4883184650970779	0.54409161322332	0.4767744493092177	0.5451406517721138
0.49002988187382057	0.5099580884005493	0.4937292111136721	0.5069394113771785	0.4865751815822388	0.504185975194024	0.5021443080409376	0.5031024722956344	0.4934736251136177	0.502512525334978
0.484724991553367	0.501754672322288	0.47372853547071636	0.5029661537656156	0.47004973438211434	0.5061685842501251	0.46455273729835	0.5062986740263322	0.4806877982551461	0.5077281298394762
0.4905103674903566	0.5220815494098869	0.48636390089101017	0.5204193835349532	0.4651634989830371	0.5173411451144626	0.4837010086606573	0.514720642417015	0.48665017538854843	0.5141072506736963
0.4663613197880745	0.5394675568574584	0.46142974239154605	0.5352468316918225	0.4728144855501616	0.531540104357514	0.5051967883528925	0.5287520953429442	0.4886888702406221	0.5272906858681777
0.48323846878248355	0.5002385589945884	0.4984714706385439	0.49885245670568984	0.4771760923915361	0.4989410161879017	0.46953694347770236	0.4966054627794945	0.4700814163026892	0.4977900382799455
0.49165529421707216	0.5531222791878784	0.5018583833864119	0.550213610875347	0.4769570447545889	0.5477350257294905	0.49580488537122236	0.5474934008098687	0.47901359690281736	0.5469276930618652
0.4989037289028675	0.5284979332943427	0.47017317877651343	0.5273373068973869	0.4680154494711601	0.5277501104246206	0.48471489186736666	0.5270191092319345	0.4823729125689337	0.5267083934446253
0.4839664389696015	0.5093692567263404	0.4691665793255662	0.5055053727954383	0.48752492819612936	0.5024358219231178	0.4969208022829627	0.5003418564882522	0.48899716657175024	0.4996906756126948
0.4963596190218415	0.5039433765114597	0.46958810799029044	0.5010632036239043	0.4973564837685134	0.4987659557323004	0.49159636130021256	0.49719507609266667	0.46085146885620265	0.4969612265775959
0.4676498457636218	0.5357444928999759	0.4864243539952862	0.5328746934923213	0.4936676631321029	0.5303010060767894	0.4953946012317526	0.5287853006969027	0.49803095166959077	0.5282198459440016
0.5028023668766192	0.5609566339622941	0.4783901499314815	0.5571307670122454	0.5020321084067388	0.5518463734608682	0.4867023188111004	0.5509060983216822	0.48059976879245614	0.5491547982567678
0.4736671652426157	0.527058817107086	0.47989432526034165	0.5232919554637526	0.48111105613372124	0.5200316785770714	0.4972241933467539	0.51751055908437	0.48143581331649954	0.5156815133377612
0.47393665114874656	0.5287026899878845	0.4703319997077844	0.5268891233949862	0.5002304709037276	0.5238099536609384	0.4849579082006236	0.5225954273304704	0.4918128667140663	0.5228612447672125
0.46811243968826893	0.5223707806228555	0.4613967842647009	0.5198201451073359	0.4832115393143672	0.5184786744267538	0.49275071957468614	0.5165503578790649	0.47046563635123306	0.5168368197944052
0.47085295853182013	0.5704072941996787	0.4831714674202983	0.5677453908644389	0.48208292475260134	0.5656401645911624	0.49236013623109587	0.5648381152405518	0.49370228271580335	0.5646349448801955
0.49422635197133824	0.5602170515432605	0.46147386177189803	0.5592783965256864	0.49672470881536357	0.558061017495498	0.49353313541104327	0.5566917869946559	0.48940370141998446	0.5557876559147025
0.4899022230136785	0.5047569775466928	0.46136163918439416	0.5018513047575988	0.48274755246062817	0.4993086357218131	0.489741451513776	0.498390672013165	0.4767386738270455	0.49769190133600855
0.4753100919294005	0.5575901089656539	0.4674894860307331	0.5541039726376805	0.49497271791620623	0.5532769876326054	0.4876693129594323	0.5516583508501615	0.46095246755274655	0.5515688468551331
0.49597695341218173	0.522430906681602	0.4933825325505951	0.5198329232874953	0.4811256569457163	0.5175954231536749	0.4701841792153687	0.5166214409398634	0.48427744475043377	0.5158742845316523
0.4826659587958434	0.5642138766741123	0.47889192853789675	0.5647511607038398	0.47030356107142657	0.5644165184144502	0.4646689434097666	0.562944924244836	0.468269748377743	0.5635060950162052
0.4908518739889558	0.5506340403018574	0.4694819843891949	0.5551560856810616	0.4988719810150513	0.5620493163218357	0.4940595371446441	0.5633198972286895	0.48655163917606087	0.5645101939126328
0.4675046302466673	0.5246837141498272	0.48119963175026614	0.520429180549887	0.4953217511610409	0.5146911638370002	0.49295918737455086	0.5129400584070177	0.47069632719865384	0.5117112310644198
0.48752354159860384	0.5051277575733246	0.48175451994711677	0.5016317984095366	0.49290885271513274	0.497699833846532	0.4995541292816703	0.49599148884956257	0.4986160560413275	0.4954774945853594
0.4798278866389405	0.5073204460850335	0.4955927589530814	0.5048794341177454	0.4978425758030181	0.502235767721442	0.48029440718926997	0.5012582217704585	0.49244895617125206	0.5010328034495293
0.4759508144512806	0.534601257467822	0.48280155932066277	0.5290539032262234	0.47101489619000825	0.5245057009161684	0.47402232224195184	0.5229740872689459	0.4764695428357685	0.521301971663436
0.4725339616111519	0.549094241590874	0.48978691968603316	0.5475666436065353	0.4786912892004778	0.5482162683905296	0.49450307651501535	0.5465003119181326	0.4945429782885475	0.545979123170264
0.47276653322878165	0.536608854904603	0.471029549174756	0.5368694251918765	0.4740518434260333	0.540064940198529	0.4706736157722248	0.5403147315483326	0.5000005442221291	0.5408264716384723
0.4926077093433952	0.5833724233462175	0.4909956091033309	0.5839008373685248	0.4869840263289631	0.5834872424958757	0.5043772204400037	0.5815741920141662	0.49531215995059735	0.5822672679842261
0.49930872845822627	0.5155985240508977	0.4980839932753295	0.5125770721821701	0.48353161875853806	0.5118170785078846	0.48578528158467044	0.5106845279918506	0.49291697039064425	0.5108276962500716
0.49329799212302994	0.524489533684782	0.4614067890015945	0.5193088500706331	0.5027331534133196	0.5148743687172419	0.48801998862554075	0.5134080520620584	0.48528798460721495	0.5120375955372587
0.4730845795112095	0.5492670718105875	0.4946552077903043	0.5542105307095632	0.47657790937954114	0.5600669141371618	0.4915343653277842	0.5578789958725829	0.4896191635406836	0.5601710180590448
0.47481611289020015	0.5158899875962675	0.4938609356315611	0.5141514094443169	0.4812619528059017	0.5133838144177713	0.4866630517075084	0.5130290303859355	0.4902307081347458	0.5130553394243884
0.4823606578669341	0.5197049891895269	0.4699159719607217	0.5155257044221006	0.4837715986899988	0.5101998827404574	0.4935931445889324	0.5087480917293601	0.4903648503872595	0.5062687557925732
0.4763558808645768	0.5184228662945437	0.48514900412011475	0.5240799497269405	0.47652968457980216	0.5289952173723151	0.4700753874133297	0.530498818617207	0.492916405508391	0.5335054091600119
0.489080236061383	0.5323328931291101	0.4989949149480642	0.5314240135457692	0.460261262737833	0.5311404403753244	0.47047274857846644	0.5285432219174447	0.47362297191227776	0.5286975243288952
0.49510627706436594	0.5828429088903726	0.4615184536756188	0.5819836155812143	0.4693271957823034	0.5818348945503972	0.4841859725958462	0.579979853591245	0.4772647123703362	0.5802188097013866
0.46106213775922167	0.5189465262366229	0.4860378679304794	0.5169381728668703	0.4602322148027466	0.515069015187056	0.4914715122141246	0.5142557681104207	0.48839809081820096	0.5142415529726456
0.49075617122569887	0.5185545742819238	0.47948792880370944	0.5181335676125616	0.4602345918561986	0.5173413708398256	0.4748383788588713	0.5150883044867666	0.4900605489218674	0.516408440305477
0.47960918068141645	0.5167914735865443	0.49957500480661265	0.5192455129793246	0.47115912521658554	0.5223678241509888	0.4742474207374923	0.5239377343475029	0.4944721864330499	0.5244654909336128
0.47247021738974987	0.5225034032310973	0.4723459266086551	0.5211480726256976	0.472636245401863	0.52022038474292	0.47518018108198534	0.519096835508136	0.48098129983615107	0.5189218798780091
0.47833656807496727	0.5252421770666306	0.47919362152169087	0.5265623870732514	0.48062255754169697	0.5287093178778054	0.4990685546854962	0.5273070786317552	0.4821191376627008	0.5275764914856474
0.479135298927849	0.5183634157244826	0.47203611495044	0.514169782251721	0.48115106142565145	0.5099942773812481	0.47968196134902924	0.509228250282357	0.4824283598439592	0.5066708345799904
0.47938910081724284	0.5454268037318512	0.47482773290176117	0.5431346938863599	0.48499521503342147	0.5397947264731394	0.4646231877877214	0.538324641807232	0.4609342459822077	0.5372477262154888
0.49020402147487996	0.5527180938315148	0.4710631818404348	0.5488826249228762	0.4862703000003514	0.5441449495798288	0.4949845832505194	0.5427413243774888	0.5025358357991095	0.5413961641557196
0.4859541123348973	0.50497472641645	0.49806709444664526	0.5028129302268277	0.4871292359793091	0.5028045675277691	0.49264150628712816	0.5015355000388901	0.4866833104797029	0.5012631432175291
0.4953029176931089	0.5225370384303034	0.4949906449751766	0.5213070501404762	0.4691722190624683	0.5208999410681687	0.5001686340084702	0.5199471082047598	0.46818076927794977	0.520322114117338
0.49328297112171493	0.5625830488039436	0.47091490277744313	0.565685122194465	0.46513599322041427	0.5695412988660498	0.47717864995088655	0.5694311247307262	0.4942597409157205	0.5691103002353577
0.4931947602116457	0.5260479489090676	0.5048526324283549	0.525523821255	0.46912015259816336	0.5247528493821892	0.5025701170505079	0.5240565521085679	0.47169906053963506	0.5241455246919149
0.46106213775922167	0.5325058234199644	0.4947836114633352	0.5296761019952051	0.46025742408502984	0.5292848363592748	0.476927461589807	0.5273539888132247	0.48462273803723704	0.5284447573902608
0.47405492052353776	0.5040331628531911	0.4766919656389939	0.5008301759985092	0.460199126914189	0.49869259208214506	0.4645382569989164	0.49689211762274516	0.47597891873006204	0.49658413571503845
0.48773554555907433	0.5164659586277259	0.4722073359957632	0.513319867157351	0.47444327447282236	0.5134818602645453	0.4645699174839494	0.5132039156381221	0.49142888938109197	0.5124774107468243
0.47771698737513413	0.5479200884174585	0.48065630941226123	0.5479013934684159	0.4602935556895325	0.545620724146991	0.4736930726483284	0.5444739320851458	0.4906199747192167	0.5444624206718472
0.46106213775922167	0.5577717412781511	0.4614668870484724	0.5524749279337187	0.504338188426982	0.5475579719350385	0.4919334088967793	0.5447259187420643	0.4932135655031169	0.5422820834522004
0.495487647099055	0.5189447650193733	0.4887086864946018	0.5170346144423057	0.4878437382389087	0.5160299637848842	0.4882038456885958	0.5133206708879755	0.4608832148480236	0.513080263540253
0.49048659154279484	0.5204614249437228	0.5006992940544774	0.51808287637686	0.4733154079543606	0.5141100782888471	0.48824951253720944	0.5131121610050083	0.49295712942188336	0.5122298974036297
0.4886113322606924	0.523704905732749	0.47695632672409966	0.5192016896440244	0.49156813348442074	0.5142128786119788	0.48959738172552175	0.5122670204968279	0.4787152052606125	0.510785340574111
0.48968155283402454	0.5077725015989449	0.47387243950151475	0.5035686168768897	0.49657476198870293	0.49887987942598483	0.49612735629652116	0.4978386369178137	0.5009089746839986	0.4969539038261593
0.49379500932853937	0.5554256471590285	0.49650085200232713	0.5509714087316027	0.4677266609404369	0.5464728530544862	0.502080433055692	0.5449911581960969	0.47639926798692067	0.5437733264217129
0.48855366961173696	0.508011659819107	0.47075234690534506	0.5037237346801213	0.48637360736562907	0.5007077014583683	0.4948540384486442	0.49949806042983885	0.5018973033608711	0.4980335652579124
0.47244240681691896	0.5600908158520777	0.471036358709773	0.557147438239755	0.473281052906894	0.5546316510881788	0.46465568737744795	0.5537054190550763	0.4786829176251456	0.5529233794400007
0.47985866715563896	0.5496582261262433	0.48913894870557667	0.552993314521249	0.47954274646617556	0.5590013991011112	0.4856956668086907	0.5596710068610714	0.49205601955799694	0.5601446428569476
0.48922613693539035	0.5045968483426859	0.49971879134540215	0.5017077007746364	0.47233292462493465	0.499538597853087	0.4645397316247908	0.49696903103542023	0.4839346231567643	0.4975754956831329
0.481194374125088	0.5408714939384124	0.4802541821889305	0.5403045147599367	0.4845707671654092	0.5396440529408443	0.4873790686336099	0.5366948188061462	0.49415107399156083	0.5374250698543936
0.47746111901973093	0.5178310458709185	0.4722791069661769	0.516043792040488	0.4650864277554018	0.5145966967894261	0.49456463578201976	0.5135173805421908	0.4674385967485051	0.5133052891720525
0.47063071998267736	0.5514920267227632	0.4670131742268753	0.5502802136349927	0.4932215959783407	0.5522614718793643	0.47629629674642926	0.5504018113215706	0.4921105093396276	0.5513010051919525
0.48898398949096666	0.5603438213089514	0.48123828087407083	0.5635982031155147	0.4850015875305947	0.5686863756378384	0.48075452892083564	0.5689018248145004	0.4959561860474523	0.5695506696427117
0.4800977332597877	0.55317569717175	0.4763952320227671	0.55009745778291	0.4829329398434598	0.5484724734069286	0.4780342289181843	0.5481712266010641	0.49922489936680153	0.5465052140795879
0.48967076949650756	0.5736885804921665	0.46892036329338727	0.5770147284735415	0.47016787546304367	0.5762788924367953	0.4872296917757052	0.575339199525553	0.48859919081329095	0.5754486792387993
0.47628270998998634	0.5145744917032562	0.4874945621652796	0.512136455381056	0.5069041034982322	0.5107556460369053	0.4735364432244786	0.5094107803276434	0.4732584955519784	0.5090251086962608
0.4822552857055272	0.5623861215024327	0.4813753939881439	0.5596378961275161	0.48106372588133295	0.5580642838884824	0.4646627602700478	0.5574141449878439	0.4780673380445316	0.5560378269825353
0.4869004612724915	0.5109100257855663	0.4613790653159801	0.5083973290442425	0.49389861590613787	0.5063339734717537	0.4860081595144835	0.5047921394490514	0.4873597230452734	0.5048927198030349
0.4796467790909442	0.5263359372999248	0.49080267407989114	0.5220739037059089	0.4790714437817268	0.5173746503901909	0.49944759765870494	0.5149689431017421	0.4944858161054769	0.5136141939198915
0.4708017246961987	0.5596260726805584	0.4719966827974852	0.5632782451922348	0.46650619541442645	0.5680196937025838	0.49410507225242845	0.5692949202729609	0.49578800129394657	0.5711779553480655
0.48332923806628114	0.5581409805005466	0.4839191572015964	0.5578792163064697	0.4895386485829873	0.5585414965541724	0.49381804288277314	0.5569620331228784	0.4782012229462046	0.5582784077299232
0.48000924691481783	0.552180181074061	0.47218200931094	0.5505528196826591	0.46030111204789737	0.5494338391815583	0.49235583745581346	0.5482847759190062	0.4609511924826248	0.5469769662504143
