0.5975346122063699	0.6315667813463801	0.601254261239363	0.5420815958609883	0.5959726777491132	0.5154444721098328	0.6029180037938447	0.5175581495751832	0.5943477718776824	0.5209073254315607
0.60166809883873	0.6344672353968184	0.6032073743532332	0.5798410273993522	0.6136824217674529	0.553463620230264	0.6159140196159435	0.5589508947808096	0.5953276745998597	0.5603532526932239
0.5997506638391902	0.641271779420401	0.5944311866057443	0.5701953936684628	0.6137160565875572	0.560947601575851	0.6137659607370606	0.5616475054575812	0.6115894104275137	0.562320550674003
0.609116399524105	0.6331800100585401	0.5984877631550161	0.5741965501940007	0.6024761028834577	0.5489031985931451	0.6056861856960131	0.5503586667693672	0.5993586820801333	0.5538394554477972
0.6030336685389429	0.6392554809624799	0.6130694209289842	0.5885665397943576	0.6067461369442256	0.5714150225457939	0.6047391269579512	0.5748552999324563	0.6007488742589518	0.5781382684666447
0.46020187244513294	0.6255676659959121	0.4674310135776967	0.559365986753571	0.4700892237879347	0.5440161438422426	0.47108343626285126	0.5442304287272417	0.459596490319678	0.5464823166441589
0.46020187244513294	0.6375437858502985	0.47213886267856564	0.593399154678035	0.4602537404713792	0.5712273813142271	0.472787551352782	0.5753367307349976	0.4596582965381911	0.5784012318107813
0.46020187244513294	0.6353287056236275	0.47378808852378906	0.5908889124714305	0.47163525374257015	0.5635392042606152	0.4612072607199931	0.5671219683624118	0.4708268012649949	0.5707537759723453
0.4699088507618378	0.6417386608879628	0.46108179781042036	0.5885074024859904	0.4602433031018022	0.5750743752619378	0.4708027173797318	0.5762505355000925	0.4635106352520108	0.5774298656486514
0.4693248902427062	0.6389051205884679	0.46709555901926303	0.5704801013604371	0.46020491079050063	0.556833753927822	0.4694659315508436	0.5586486024189188	0.4655708537603551	0.5602394045656852
0.46020187244513294	0.6358721460248105	0.4610692872219607	0.5584290714956157	0.4601793162745152	0.5303099869759235	0.4611373023873726	0.5361361326105464	0.45956767231759693	0.5421580759569586
0.46020187244513294	0.6284841691690537	0.46105347661218476	0.547614945337525	0.46525135671084794	0.5295270848694489	0.4611356575467963	0.530691062671733	0.4595692977067396	0.5320739142159114
0.46020187244513294	0.6357402194523114	0.46106901859129373	0.5428550179523824	0.4601461643641144	0.5018063184766933	0.4687151284911195	0.5038399414094528	0.45951286191821017	0.5052344147209553
0.471195114306646	0.6302984038363239	0.46105734956861855	0.5424676316529214	0.46799680989454034	0.5300029491247639	0.46792841260684387	0.5302575601627695	0.4710241659770422	0.531325027370315
0.46020187244513294	0.6410220181111325	0.4722440748069132	0.5719787815114435	0.46021533300861284	0.5262684307920213	0.46759718424923363	0.5296939945453819	0.4698744602451265	0.5352336797494445
0.4708539978343416	0.6341667651089807	0.46871247493781654	0.5864779979217863	0.4634164054903834	0.5366465197315529	0.46115965242677076	0.5451667414739231	0.4596013717114845	0.5528320444457673
0.47230555773162375	0.6395618405176662	0.4610771114777831	0.5388296055029009	0.4650615943529807	0.5162181108658147	0.4611076206374614	0.5171513210982964	0.45952731329363883	0.5180192758608034
0.46020187244513294	0.6310612696242317	0.4692167394802114	0.5491498507567698	0.4689818369785812	0.504629696120675	0.46108322971959026	0.5094623428113351	0.4690859622857452	0.512449670702684
0.4714916456645239	0.6389290362076457	0.46107578688833634	0.5650769139663812	0.47007388014363616	0.5537999184686231	0.4611867722431051	0.551088047495143	0.4595993492896215	0.5503713596986016
0.46020187244513294	0.6386771015012369	0.46514483971378523	0.5572682476670295	0.460176633628338	0.5204827428432401	0.4611165906409853	0.5240467078779142	0.4720764932214051	0.5292515515974674
0.4657079974098712	0.6389479468574306	0.46107581407191367	0.5655201464638325	0.4662124332283859	0.5438929305338229	0.47407285473106375	0.5436547644365728	0.4695099057446205	0.5444454053678466
0.46020187244513294	0.6365500983513703	0.47209714336631164	0.5754175909406317	0.46021543982434265	0.5610414814598086	0.46120482373875676	0.5629818317905793	0.468822513273397	0.5646307010188458
0.46020187244513294	0.6254872781753621	0.4720178917509058	0.5523162255334164	0.46016616616904715	0.5424649062038891	0.4611720019453699	0.5400211989606614	0.45959280458393553	0.540570069533389
0.46020187244513294	0.6416047340886415	0.4677087603469598	0.57159291370131	0.46819810434288095	0.5583196656622733	0.4611963013500395	0.5575847725994975	0.4681253197365868	0.5565779126753228
0.46678696225078603	0.6344812416665685	0.4610663179243827	0.5851211369006653	0.47312256961044863	0.5593366697268769	0.4612051424554416	0.5616630414561615	0.45963119303598576	0.5631965186049698
0.47230486972349306	0.6320348100712535	0.46106105636675837	0.5571213487331812	0.4691797377919116	0.5429077375125603	0.4685487933075879	0.5414315346810948	0.466367719039033	0.5444274750595198
0.46693799318817725	0.6389522316966361	0.46107584947532637	0.5928625557167986	0.46025260934864165	0.5682318429750686	0.469745380024925	0.5720682847598186	0.4596518830505777	0.5761562366004097
0.46879739996003494	0.6412907550957108	0.46108084164517094	0.5744282672570011	0.4602133438258021	0.5681651199375009	0.46635536053026616	0.5689186940942277	0.47300145130986615	0.5686992086448248
0.46020187244513294	0.641825495852507	0.4712205162835989	0.5748734968208167	0.46021423354106544	0.5645460315898294	0.47212384363351584	0.5657971526287963	0.47314488358733364	0.5658774826766048
0.46883016260027616	0.6367417948614883	0.46107115676646115	0.5504776872690825	0.4695144937851104	0.5198547724315106	0.46949661252007463	0.5217610534117849	0.4656824936808783	0.5248574726868533
0.46020187244513294	0.6298647636156879	0.4610564238518996	0.556104408725844	0.47062473038915653	0.5410624864741127	0.46819677573028945	0.5432116228940647	0.4595916927771285	0.545726359310529
0.46020187244513294	0.6418138090063136	0.4668306599790119	0.5897486832328539	0.46024599939390504	0.5764550046059926	0.46937108139467504	0.5792372840202182	0.45966447616260875	0.5825664105207962
0.47290512559861175	0.644760916464898	0.4738351617149298	0.5629612536446277	0.46993982735127937	0.5383866083422979	0.46955916310780305	0.5441016353532797	0.459594390942424	0.5489050077360995
0.46020187244513294	0.6355807566403233	0.4690738834848609	0.5794174295284802	0.469829910506328	0.5662058713119189	0.46831831456811773	0.5680711823599318	0.45964600388038857	0.5692107449576639
0.46020187244513294	0.6394683325255806	0.468827476759007	0.5883282151634176	0.46024299700311394	0.564789139392401	0.46917584493269676	0.5720647273357131	0.4596523476333671	0.5770078516143479
0.4699285942659215	0.6414896394667036	0.46108126621296597	0.5801128482638211	0.4707827938733612	0.5738884699567383	0.4612290442648897	0.5741952163238928	0.4596570367866101	0.5739427746673803
0.46020187244513294	0.6377689276392978	0.4610733234036083	0.5723468149379703	0.4602088976186947	0.5593852659613056	0.46119850137301294	0.5614425967257965	0.4691996889806218	0.5629093724892726
0.4688454949670339	0.6269180634031892	0.472263997778868	0.5819019576510974	0.4602372326703726	0.5564089641436859	0.46119968250305043	0.5641764748124689	0.47247548320329014	0.5702566416033314
0.4699036388359738	0.6382584267821011	0.4685455980044637	0.5888968306965912	0.4667821794289282	0.5645782409440023	0.4708358146335599	0.5701585984966885	0.46748669970312184	0.5742098367194455
0.46020187244513294	0.6360035798826419	0.4697174322347783	0.560033778015068	0.46018264203329723	0.5585193621919402	0.46120728742985795	0.5581103670368889	0.46819143875351593	0.5578625779024735
0.47010355287501127	0.6409225760236761	0.4610800556755155	0.5761312093328315	0.46786945319080053	0.5635083348724498	0.4670136876591245	0.5646961767351726	0.4596385134546584	0.5648688255869512
0.46020187244513294	0.6285689911494254	0.4610536706607571	0.545761848033576	0.4601522027570409	0.5423466008182054	0.4611734310207349	0.5408879121381313	0.4595862744524563	0.5416904747216259
0.46020187244513294	0.638475136809495	0.47147751161671814	0.5472451077994384	0.4601553068921079	0.5279457568820809	0.47619531425149747	0.528789349999021	0.45955200948436054	0.5295318346518758
0.47163532625532745	0.6413120868520239	0.46108353619324605	0.5811669229366511	0.4602277004448667	0.5746392918365355	0.47990662551773755	0.5755347329948768	0.45965783435876	0.5756695159007729
0.4646410400407447	0.6429653983090868	0.46108442973146946	0.5866444277254775	0.4602394094925263	0.579943666874479	0.47467505200377885	0.5820739562552573	0.4720786492916871	0.5821751074992668
0.46696867607061726	0.6264320776811529	0.4701275929140105	0.5590944263862457	0.47132638655204184	0.5433280040137639	0.4710078198007544	0.5423117194930482	0.4595930386227051	0.5432684008112922
0.47079320148276804	0.6424876927718043	0.46108339680132615	0.5907415308169293	0.46573708017923293	0.582151215200061	0.4759571236429224	0.585211200350986	0.4596786858435149	0.5878853608467376
0.46020187244513294	0.6364386609583593	0.467652355933181	0.5731620714818026	0.46400648766406744	0.5581104906352817	0.4718046364894118	0.5601283819101465	0.47244375171837144	0.5619036373581922
0.46020187244513294	0.6359737146640003	0.4610694910400176	0.5815723996691772	0.46022855243211375	0.5634111994212305	0.47276134647318613	0.5651690871086331	0.4700201564181183	0.5669075299740352
0.46020187244513294	0.6298995210380757	0.4702638325372129	0.5447276237370148	0.4676063635427211	0.5232597356934673	0.46112244897295296	0.5259464686201386	0.45955503244764856	0.527491277996086
0.46020187244513294	0.6380307492188789	0.47287197158739125	0.5755094322992984	0.46021561199114164	0.5648639785388074	0.46435175631421843	0.566640799897584	0.4709393480622748	0.5683521093230071
0.46020187244513294	0.6397757986903658	0.4700343767639384	0.5378594569758075	0.46013530340215164	0.5140413928305438	0.46836901003065967	0.514693187966293	0.4752842128038405	0.5160597281590009
0.46020187244513294	0.6273024199845403	0.4610509410208612	0.5503764469342408	0.4601619769988284	0.5203023473063841	0.47418416988952145	0.5215939713669534	0.46768459143732244	0.5256478661284577
0.46020187244513294	0.6370131634923424	0.4610717230553436	0.5911446802628713	0.4650033856024309	0.5656485663284656	0.4612210889209474	0.5689358818406448	0.4596445558351589	0.5724660750531685
0.46763962791738245	0.6376362026192377	0.4610730531108929	0.5887302143996862	0.46788257555709045	0.5572528570885238	0.47194916232627593	0.5644843366532156	0.4596346280388458	0.571541278178961
0.46020187244513294	0.638246079005744	0.461074342008666	0.570791225936778	0.46610655186418126	0.5573717948232434	0.4667005636358728	0.5593885227741126	0.45961697645148974	0.5611517240175787
0.46020187244513294	0.6413832890647734	0.4610810045671729	0.5337697962688632	0.460126562662576	0.5012103076269322	0.4610759969998984	0.5019204211243447	0.4594949770349047	0.5053914918189751
0.4742325981297823	0.6348678886273017	0.4610671303504174	0.5839662466512071	0.4602336554430793	0.5609163167166441	0.46120173700654077	0.562860944524809	0.4707112937076464	0.5646635821554077
0.46695132013823665	0.6368351915614098	0.46734814938606	0.580874326389259	0.4602270533556397	0.5694827638986484	0.4667787075704703	0.5706165639181014	0.46936497820623024	0.5714200514887694
0.46020187244513294	0.6410765619253392	0.461080397510953	0.5842300193160376	0.4670068504262913	0.558308381814552	0.46120566255065015	0.5659183662833558	0.4596376683619703	0.5731276993123914
0.46020187244513294	0.6321727443908495	0.47314931676465344	0.5536795013838887	0.46703810517015587	0.556971685193185	0.4612028731935725	0.5547871787180441	0.47132748771288	0.5539603500801118
0.46020187244513294	0.6312546611845915	0.47044094049974683	0.539468427118928	0.46013876287383865	0.5256552300322235	0.46939722081170826	0.5271088111312059	0.46635030201728905	0.5283911506038156
0.47108562517447367	0.6408468747347417	0.46107989407223887	0.5678221552703318	0.46991810754149715	0.5571247063368838	0.46119480985979205	0.5578105032920365	0.46912992173726403	0.558179472316629
0.465198230320544	0.6416464656469841	0.4610816009970395	0.5698814481788119	0.46583423531935353	0.564736847928121	0.4665717243788749	0.5655395680389388	0.4596409390874901	0.5653656992972103
0.46020187244513294	0.6309120808546435	0.4698542714976826	0.5320092527623888	0.46620681912025325	0.510431931847237	0.4611077315330136	0.5125840261600587	0.46341929689293493	0.515329085997328
0.4676590443268232	0.6377833360978359	0.46692977534614305	0.5693869936122048	0.46777026320258003	0.5652568892269016	0.47074769840013775	0.5651790426504437	0.46597487461955817	0.5645860497078609
0.46621125183510886	0.637599828764087	0.4701202252602382	0.5719475181737168	0.4691071106212374	0.559434319421691	0.46705483968332284	0.5613612794221856	0.4698579255371486	0.5630319538152609
0.47409966407443654	0.6299500082967223	0.46470627443437895	0.5550095684063053	0.46017189271638365	0.5571400536278016	0.4745044673124714	0.5557920978453662	0.459617915617314	0.555162639138721
0.46020187244513294	0.6337138020909421	0.46106464058719676	0.5415432606011004	0.46014316050700865	0.5163435145228351	0.46910710301280534	0.518929754618781	0.45954464841306375	0.5219788725998488
0.46020187244513294	0.6278058556033578	0.46691166213357393	0.5550134176047724	0.460171877496159	0.5298528669586944	0.47180791027533986	0.5321191771956545	0.45956948174813467	0.5353524619084004
0.46020187244513294	0.64080432801114	0.47558895574436094	0.5860742779768798	0.4696619854770386	0.5641321667178654	0.4687724042470978	0.5710482083556199	0.46698836077526096	0.5750280299711833
0.4666103070329504	0.634472155429209	0.4746364635135764	0.5837721391989612	0.46023327780559287	0.5582554656325429	0.46120682876131447	0.5601940573283687	0.4596270665036547	0.5623371679415406
0.4696548545590899	0.6401718414510088	0.4646526345041448	0.5614569337671212	0.46018560372025663	0.5431441579136259	0.47260572749275925	0.5421949312852755	0.4715177865241929	0.5443636778614671
0.4693718596831617	0.6385947716366928	0.46107508638411254	0.5708763281657869	0.46936382482471617	0.5614504660696753	0.464866332183998	0.5624917036352832	0.46545799559768175	0.562606131054967
0.46898567352062087	0.636560067118292	0.47400463952005817	0.5898542580944848	0.4706711312259378	0.562430245020816	0.4612156071535924	0.5654619355830044	0.4596382244845203	0.5693449524100269
0.4677647685252028	0.6410817878835502	0.4610803955528433	0.5796332067743283	0.4703873272689932	0.5628756763309561	0.461205873586395	0.5642046388963856	0.46587165056183766	0.5655321679747705
0.4699487375901214	0.6416838188613141	0.4684314783226024	0.5936691467976906	0.4676440044364622	0.5762929108768607	0.46984694436506935	0.5775064158957268	0.45966285583962824	0.5786629974532637
0.46020187244513294	0.6391826861384063	0.46640861847610615	0.5602516485747732	0.4601832112482211	0.5264146446867586	0.46926794597405874	0.5316910056543919	0.46850460921026693	0.536044431972128
0.46020187244513294	0.6356851575745351	0.4610688880402065	0.5749948298507208	0.46021457673867255	0.5554287003770059	0.47251072460018867	0.5574966828126477	0.46681973727676546	0.559347118712515
0.46020187244513294	0.6293868934897485	0.4683132216584087	0.5415088769823362	0.46014313164129017	0.5302037289770005	0.47057541401183606	0.5303535333535139	0.4655546322499927	0.5314786489500435
0.46798103780749434	0.6328579502027986	0.46106283957036637	0.5627662015735593	0.46018846331901536	0.555490499134085	0.4674523689853359	0.5543281948052681	0.45961373785446913	0.5536078391507105
0.4702274641402773	0.6359561416835409	0.4610694273916324	0.5485665681646478	0.46015815534190135	0.5369798006315377	0.4685952164668502	0.5353769193458487	0.4717934702789223	0.534783229114534
0.46020187244513294	0.6192234482412671	0.46103368805141726	0.5558050780273545	0.4694278453881016	0.5320190629508146	0.4611528337102139	0.535230345063514	0.4595748731155763	0.5381909760218924
0.47200669903700554	0.6356494402938416	0.4610687987878325	0.5798486772625149	0.46022488010767065	0.5632449608110264	0.4740955020872919	0.564994570811927	0.46557912131936363	0.5666162896849245
0.46892707457800165	0.6274179238538277	0.4700026363359005	0.5682079996517672	0.46627038254005193	0.5535752993062569	0.47382154569260065	0.5541013282260131	0.4758494593782023	0.555847755108514
0.46020187244513294	0.63569662051517	0.4610737574905806	0.5719901930907983	0.4602081749850534	0.5550128583576716	0.4740097030194267	0.5575820900406999	0.4596254970736205	0.5584291271789716
0.4752360546092452	0.6393089099628511	0.47310554097351676	0.5701367524443994	0.4693503635983234	0.5575969926866552	0.46613126648761133	0.5579062442805032	0.4596240097118917	0.5592270564339948
0.46020187244513294	0.6419252074455735	0.46108216966175014	0.5748357823314317	0.46666826067636136	0.5653463430850925	0.4612110870682196	0.5652937994758979	0.4596294961008203	0.5646536536718432
0.4697438460886026	0.635260104670245	0.46106796764399394	0.5872522158857302	0.46024065302189054	0.5656693579416517	0.4612117353314257	0.5674864449223997	0.4705468615198022	0.5691794789070179
0.46020187244513294	0.6374149990527817	0.4610725678492926	0.5933949164887843	0.4649840352913019	0.5685484012946784	0.47089502242686726	0.5719307399690415	0.46458021861581006	0.575733387410528
0.46821885312428835	0.6353448083643511	0.4610681484673549	0.5812415994188082	0.4686801106996501	0.5601297921915146	0.47545163048347483	0.5619203104982513	0.459630926563766	0.5638081441247267
0.4692205548178608	0.6356278151901665	0.46106875262312497	0.5792053530243564	0.4602235241085044	0.5591095236330631	0.46119793195679926	0.5611527224058348	0.46656197017876583	0.5628808318924743
0.4665956731887971	0.6275937738911764	0.46105157582646744	0.5476681802365766	0.4669687619814525	0.5401732197816118	0.46115808750583703	0.5383903672109245	0.4595849845179697	0.5380863101129538
0.46020187244513294	0.6337909159450187	0.46106479763025393	0.5448926786759867	0.468028711399821	0.5170086077412216	0.46112249345660294	0.5212681357427802	0.46597698417822453	0.5247409747840779
0.47016712805242605	0.6375248164006003	0.4707073699086936	0.5637888419907012	0.46019064199912035	0.5620218718422277	0.461204075561516	0.5609378616280615	0.465739102160387	0.5605366297248977
0.46020187244513294	0.6346491857520862	0.46593312076546983	0.5865428634851348	0.46739987613955514	0.5615818746614506	0.46120638018712173	0.5636441484303322	0.4596359666074182	0.5659067349680398
0.4714164891711272	0.6380504271134756	0.46107388506672026	0.5405611924007713	0.47096028224527586	0.5227335447410149	0.4751499671055839	0.5229675249501006	0.4648376258049846	0.5234083469150549
0.46758945379368483	0.637485257083086	0.4610727178337089	0.5717058678213962	0.4731299396741312	0.5585438256213183	0.4611994176590216	0.5604502014781997	0.45962945738009164	0.5622556617265659
0.46020187244513294	0.6391208634550233	0.47057123530547557	0.5770021729026255	0.4602266133369809	0.5540791603750245	0.4716939106431351	0.5601614526740173	0.4646395038703316	0.5651610162779408
0.46020187244513294	0.6411951121909516	0.4610806374717041	0.5719287656250949	0.460207983622407	0.5648830600973832	0.4612100794329594	0.5656112758875848	0.45963018133525496	0.5659113433497645
