0.00075	0.0032154933663908957	0.0032154933663908957	0.005680558745510615	0.005680558745510615	0.007988584689401394	0.007988584689401394	0.010513322478495995	0.010513322478495995	0.012783668241814565
0.00075	0.0037373699275969584	0.0037373699275969584	0.006771620891193723	0.006771620891193723	0.00952480571188694	0.00952480571188694	0.012277823017872355	0.012277823017872355	0.014843605565791547
0.00075	0.002923783048958033	0.002923783048958033	0.005187991003479645	0.005187991003479645	0.00756728944934683	0.00756728944934683	0.010053422016671053	0.010053422016671053	0.012473576718520736
0.00075	0.0025145174510442926	0.0025145174510442926	0.004193898600247487	0.004193898600247487	0.005900003205707441	0.005900003205707441	0.0076229895043672495	0.0076229895043672495	0.00925542398983439
0.00075	0.00279934622137236	0.00279934622137236	0.005031807024034387	0.005031807024034387	0.0071906481014332915	0.0071906481014332915	0.00944542755014074	0.00944542755014074	0.011614969335418748
0.00075	0.0004238170395690829	0.0004238170395690829	0.0003029734347511248	0.0003029734347511248	0.00018212379472034725	0.00018212379472034725	0.0001552908479183739	0.0001552908479183739	0.00014072408847536086
0.00075	0.00012637551562526538	0.00012637551562526538	9.850188180427131e-5	9.850188180427131e-5	0.00010361577688238324	0.00010361577688238324	8.462044055431402e-5	8.462044055431402e-5	9.360894040769975e-5
0.00075	0.0009234510579883	0.0009234510579883	0.0008155976212736086	0.0008155976212736086	0.0006185594772124167	0.0006185594772124167	0.0006925849273580466	0.0006925849273580466	0.0005762028203098425
0.00075	0.00010411781279610606	0.00010411781279610606	8.808996474600257e-5	8.808996474600257e-5	8.367671112177178e-5	8.367671112177178e-5	7.345638106487668e-5	7.345638106487668e-5	8.455841502833514e-5
0.00075	0.0001332411926053554	0.0001332411926053554	0.000139291032585199	0.000139291032585199	0.00013739713497275542	0.00013739713497275542	0.00015445407211152793	0.00015445407211152793	0.00014435192540877197
0.00075	4.94913582095272e-5	4.94913582095272e-5	4.4102997957103476e-5	4.4102997957103476e-5	4.29874500223491e-5	4.29874500223491e-5	3.644322825781584e-5	3.644322825781584e-5	4.55783048141672e-5
0.00075	0.0002035192760382039	0.0002035192760382039	0.000303069432971505	0.000303069432971505	0.0002046996027327412	0.0002046996027327412	0.000221051431674865	0.000221051431674865	0.00034771873662754613
0.00075	0.00014520516154062905	0.00014520516154062905	0.00015988828095808038	0.00015988828095808038	0.0001560047435420901	0.0001560047435420901	0.00015439163022931934	0.00015439163022931934	0.0001517656498099568
0.00075	0.0002566322130407571	0.0002566322130407571	0.00018522686984473528	0.00018522686984473528	0.00011818014425834616	0.00011818014425834616	0.00011710369619277142	0.00011710369619277142	0.0001300424453584979
0.00075	0.0005738967650567321	0.0005738967650567321	0.0003492182387640027	0.0003492182387640027	0.0006636977451070755	0.0006636977451070755	0.0004312240313160673	0.0004312240313160673	0.000265722043935635
0.00075	0.00011538385840053634	0.00011538385840053634	0.0001327082817975993	0.0001327082817975993	0.000125607847642186	0.000125607847642186	0.00012547686085481952	0.00012547686085481952	0.00011312523196451343
0.00075	0.0006417067716718169	0.0006417067716718169	0.0005700856906317106	0.0005700856906317106	0.0006058147194358715	0.0006058147194358715	0.0006395595316124636	0.0006395595316124636	0.0004917875361460765
0.00075	0.0001316652865376878	0.0001316652865376878	0.00010798772791195431	0.00010798772791195431	0.00010514367433272877	0.00010514367433272877	0.00012223769692417655	0.00012223769692417655	9.428246257503075e-5
0.00075	9.125217631944827e-5	9.125217631944827e-5	5.2416874151455724e-5	5.2416874151455724e-5	6.183332006688702e-5	6.183332006688702e-5	5.9062761796782345e-5	5.9062761796782345e-5	6.412921037413583e-5
0.00075	0.0001297078857956328	0.0001297078857956328	0.00014729606835643867	0.00014729606835643867	0.00022192820105590335	0.00022192820105590335	0.00022802564141456084	0.00022802564141456084	0.00015153049666021895
0.00075	0.00024728898002674966	0.00024728898002674966	0.0003782500683796115	0.0003782500683796115	0.0001586007093028688	0.0001586007093028688	0.00015871209300931578	0.00015871209300931578	0.00010743947747514968
0.00075	0.0003698635755009904	0.0003698635755009904	0.00013171689003245264	0.00013171689003245264	0.00015851578388638503	0.00015851578388638503	0.0001646826303353577	0.0001646826303353577	0.00016246321303731238
0.00075	0.00012398797090997128	0.00012398797090997128	0.00018922543459179528	0.00018922543459179528	0.00014040376315851183	0.00014040376315851183	0.00011839769473493488	0.00011839769473493488	0.00012015857129866198
0.00075	9.96427707203316e-5	9.96427707203316e-5	0.00012695058000639545	0.00012695058000639545	0.00012140664148223603	0.00012140664148223603	0.00011408340695270111	0.00011408340695270111	0.00010589684724994267
0.00075	0.0001179832279261111	0.0001179832279261111	8.609495937073968e-5	8.609495937073968e-5	8.072417441058745e-5	8.072417441058745e-5	7.870098662422357e-5	7.870098662422357e-5	8.69790199214127e-5
0.00075	0.0005460626088262652	0.0005460626088262652	0.000407002413828916	0.000407002413828916	0.0002562648136242745	0.0002562648136242745	0.0003395832831199525	0.0003395832831199525	0.0001278002517085461
0.00075	0.0008160678548666481	0.0008160678548666481	0.0005303428584053225	0.0005303428584053225	0.00042813210231107597	0.00042813210231107597	0.0002034696819700542	0.0002034696819700542	0.0002769778802225896
0.00075	0.00038899634077170145	0.00038899634077170145	0.0003244255125703542	0.0003244255125703542	0.0001818246239328767	0.0001818246239328767	0.00019713002285093068	0.00019713002285093068	0.00023886987049626243
0.00075	0.00011649412893627916	0.00011649412893627916	0.00013323112147768583	0.00013323112147768583	0.00013289323287651774	0.00013289323287651774	0.00013385446993737648	0.00013385446993737648	0.00012260229799795883
0.00075	0.0006169101893465099	0.0006169101893465099	0.0006931904700195929	0.0006931904700195929	0.0003828792192739922	0.0003828792192739922	0.0002656430839803007	0.0002656430839803007	0.00016624210851802628
0.00075	0.0001582874617204422	0.0001582874617204422	0.00013597170312686845	0.00013597170312686845	0.00016770925442870848	0.00016770925442870848	0.00014474733023543083	0.00014474733023543083	0.00012460866499204758
0.00075	0.00043530952685075973	0.00043530952685075973	0.000306727262177015	0.000306727262177015	0.0002724548578260056	0.0002724548578260056	0.0003704308586484404	0.0003704308586484404	0.0004223685912364167
0.00075	0.0003486531871732344	0.0003486531871732344	0.00023253693288134448	0.00023253693288134448	0.00033711159968596	0.00033711159968596	0.0002959478402331361	0.0002959478402331361	0.0003083167755281245
0.00075	0.0004903790694025419	0.0004903790694025419	0.0003785837713637242	0.0003785837713637242	0.0005376847982452383	0.0005376847982452383	0.00042306715805955986	0.00042306715805955986	0.00013308979085527433
0.00075	0.00014012920276578082	0.00014012920276578082	0.00015515500906151825	0.00015515500906151825	0.00015717309501565407	0.00015717309501565407	0.00015663966694784293	0.00015663966694784293	0.0001512177741261072
0.00075	0.00011273845133521977	0.00011273845133521977	0.00012975770774343304	0.00012975770774343304	0.0001213761263943201	0.0001213761263943201	0.00012058682975719977	0.00012058682975719977	0.00011295805427249204
0.00075	9.589070362062637e-5	9.589070362062637e-5	0.00011641289396368351	0.00011641289396368351	0.00011264776643780785	0.00011264776643780785	0.00019925627315309176	0.00019925627315309176	0.0001407781478814642
0.00075	0.00014073034931363752	0.00014073034931363752	0.00013926995315498013	0.00013926995315498013	0.0001574237306880034	0.0001574237306880034	0.00013974606427447298	0.00013974606427447298	0.00012727111387098134
0.00075	0.00013095028642680392	0.00013095028642680392	0.00012243976425649455	0.00012243976425649455	0.0001242965307039312	0.0001242965307039312	0.0001447321142307064	0.0001447321142307064	0.00013837574815781772
0.00075	0.00010737129818099353	0.00010737129818099353	0.00013343505227678186	0.00013343505227678186	0.00012070559340287536	0.00012070559340287536	0.00015655972244755525	0.00015655972244755525	0.00013062443919755715
0.00075	7.601965442849123e-5	7.601965442849123e-5	6.0083990842662076e-5	6.0083990842662076e-5	4.251942315336258e-5	4.251942315336258e-5	4.7080735886756984e-5	4.7080735886756984e-5	6.145476943332533e-5
0.00075	0.0005636776015467401	0.0005636776015467401	0.0002866002121560276	0.0002866002121560276	0.0003551083116683401	0.0003551083116683401	0.00032495410155419265	0.00032495410155419265	0.0001427306441164899
0.00075	0.00010832336219667378	0.00010832336219667378	0.00011929219746603842	0.00011929219746603842	0.00012305560894667445	0.00012305560894667445	0.00012203531293544644	0.00012203531293544644	0.00011019282052235897
0.00075	0.0003589940141768821	0.0003589940141768821	0.00020725371100173754	0.00020725371100173754	0.00015058445873734587	0.00015058445873734587	0.00015066274928253996	0.00015066274928253996	0.00013703578366872521
0.00075	0.000109062748465877	0.000109062748465877	8.388795180464566e-5	8.388795180464566e-5	7.442499841165526e-5	7.442499841165526e-5	6.305422960251175e-5	6.305422960251175e-5	7.050870659874947e-5
0.00075	0.0004012548567432311	0.0004012548567432311	0.00020255707815924128	0.00020255707815924128	0.00038359532378138287	0.00038359532378138287	0.000171235742633333	0.000171235742633333	0.0001722278023373908
0.00075	0.00014717328269150034	0.00014717328269150034	0.00014457983397698736	0.00014457983397698736	0.000146743571544612	0.000146743571544612	0.00015034984955419526	0.00015034984955419526	0.00013670664654631576
0.00075	0.0006210169275480499	0.0006210169275480499	0.000494619356770128	0.000494619356770128	0.0005454733909695771	0.0005454733909695771	0.0005020732982259627	0.0005020732982259627	0.0004470136599831011
0.00075	0.0005208833415561126	0.0005208833415561126	0.0006579843627433327	0.0006579843627433327	0.0005981361619361928	0.0005981361619361928	0.00036761565956251535	0.00036761565956251535	0.00044470167027428343
0.00075	0.00013217196677133534	0.00013217196677133534	0.00015039558422812516	0.00015039558422812516	0.00015868256923933058	0.00015868256923933058	0.00013947570774083942	0.00013947570774083942	0.00013453623506903627
0.00075	0.00011549853009793587	0.00011549853009793587	0.00014709278054904045	0.00014709278054904045	9.947081665766115e-5	9.947081665766115e-5	0.0001693787708874856	0.0001693787708874856	0.00020239469000295706
0.00075	0.0003246188783509168	0.0003246188783509168	0.0001890370271255903	0.0001890370271255903	0.00017851665201656868	0.00017851665201656868	0.00016673678991986843	0.00016673678991986843	0.00016523928290551688
0.00075	9.400279070336708e-5	9.400279070336708e-5	8.880277323385785e-5	8.880277323385785e-5	7.619542133490515e-5	7.619542133490515e-5	0.00010899344758590437	0.00010899344758590437	0.00010261256650961283
0.00075	0.0006488843990548205	0.0006488843990548205	0.0006226761292353548	0.0006226761292353548	0.0004275253633876055	0.0004275253633876055	0.00034706976912524237	0.00034706976912524237	0.0002883624218230949
0.00075	0.00010249777715636487	0.00010249777715636487	0.00012572549665049935	0.00012572549665049935	0.00014056389047803884	0.00014056389047803884	0.0001310226962805245	0.0001310226962805245	0.0001340994568334483
0.00075	0.0003023417845706916	0.0003023417845706916	0.0003669046440468851	0.0003669046440468851	0.00018380013517647453	0.00018380013517647453	0.00016159901505026657	0.00016159901505026657	0.000155712372329362
0.00075	0.0002701164184421703	0.0002701164184421703	0.0003944352120904753	0.0003944352120904753	0.000260059455365366	0.000260059455365366	0.0002266651693423116	0.0002266651693423116	0.0001589650920784927
0.00075	0.0001371105273291812	0.0001371105273291812	0.00012354929040296926	0.00012354929040296926	0.00011932193716598806	0.00011932193716598806	0.0001151748567517434	0.0001151748567517434	0.00010539801165356289
0.00075	0.0007455811887292567	0.0007455811887292567	0.0006778943175481252	0.0006778943175481252	0.0005217035272959514	0.0005217035272959514	0.0003686801773191738	0.0003686801773191738	0.0004931792793183518
0.00075	0.0001431870204938058	0.0001431870204938058	0.00011602453794663322	0.00011602453794663322	0.00010925881278154121	0.00010925881278154121	0.0001172091900840953	0.0001172091900840953	9.491839928177372e-5
0.00075	0.00011129516704818378	0.00011129516704818378	5.912792672934274e-5	5.912792672934274e-5	7.134450892632206e-5	7.134450892632206e-5	9.802294526284379e-5	9.802294526284379e-5	0.0001070160712199847
0.00075	0.00019753500670721615	0.00019753500670721615	0.0003778787154562631	0.0003778787154562631	0.00013240985672449812	0.00013240985672449812	0.0001386851435796212	0.0001386851435796212	0.00013262918976986364
0.00075	0.0003820682617121266	0.0003820682617121266	0.00024026741447385225	0.00024026741447385225	0.0001563792715931362	0.0001563792715931362	0.0001580803260196786	0.0001580803260196786	0.0001548976654363079
0.00075	0.0006773909479722538	0.0006773909479722538	0.0007612594373474694	0.0007612594373474694	0.0004951926820503563	0.0004951926820503563	0.00042859864983374	0.00042859864983374	0.0006712849049706677
0.00075	0.00032113167594494357	0.00032113167594494357	0.00026241143108688255	0.00026241143108688255	0.0001547881965913936	0.0001547881965913936	0.00016403006758156313	0.00016403006758156313	0.00015607500092511338
0.00075	0.000201431438347441	0.000201431438347441	0.0003168978252828041	0.0003168978252828041	0.00014335685823702501	0.00014335685823702501	0.0002513860931144862	0.0002513860931144862	0.00012471218743558067
0.00075	0.0001588623731986919	0.0001588623731986919	0.00013206750937242475	0.00013206750937242475	0.00012490680563048166	0.00012490680563048166	0.00012496903772689098	0.00012496903772689098	0.00013273110195685813
0.00075	0.00016504927326346132	0.00016504927326346132	0.00012613593114892154	0.00012613593114892154	0.00015967644185369817	0.00015967644185369817	0.0001512679896487999	0.0001512679896487999	0.00012591735575457933
0.00075	0.00011075771817247162	0.00011075771817247162	0.0001231791405641718	0.0001231791405641718	0.00013246669128422775	0.00013246669128422775	0.0001281045614988093	0.0001281045614988093	0.00011787411952276615
0.00075	0.0007399396590711733	0.0007399396590711733	0.0007308296467221046	0.0007308296467221046	0.0005176502817306776	0.0005176502817306776	0.0005738350356870625	0.0005738350356870625	0.0003314519248973499
0.00075	0.0004978787806115633	0.0004978787806115633	0.000466051271732307	0.000466051271732307	0.00030983706061847734	0.00030983706061847734	0.00034607628962035326	0.00034607628962035326	0.00016518955665625749
0.00075	0.0002513308079644742	0.0002513308079644742	0.00016916800959302982	0.00016916800959302982	0.00016286546231432966	0.00016286546231432966	0.0001764963043892613	0.0001764963043892613	0.00016391439558781763
0.00075	0.0004434068428477376	0.0004434068428477376	0.00036665686938223036	0.00036665686938223036	0.0001348261418752073	0.0001348261418752073	0.0001707651002682341	0.0001707651002682341	0.0001198327060069903
0.00075	0.00013496127281334544	0.00013496127281334544	0.000147077822292719	0.000147077822292719	0.00014433286876431719	0.00014433286876431719	0.00015321172360629667	0.00015321172360629667	0.00013149566160980926
0.00075	0.00044206988190883606	0.00044206988190883606	0.0004907292975178562	0.0004907292975178562	0.00031685211468864824	0.00031685211468864824	0.0002765293101041464	0.0002765293101041464	0.0003851362543167555
0.00075	0.0004161946027921063	0.0004161946027921063	0.0002323290832692898	0.0002323290832692898	0.0002465813372233366	0.0002465813372233366	0.00014452044542444413	0.00014452044542444413	0.00018970118053825795
0.00075	9.706750669281128e-5	9.706750669281128e-5	5.862566135899135e-5	5.862566135899135e-5	7.408279950507263e-5	7.408279950507263e-5	6.940263131680539e-5	6.940263131680539e-5	8.08676443781342e-5
0.00075	0.00011200051125661171	0.00011200051125661171	7.258092270138162e-5	7.258092270138162e-5	6.920994276053641e-5	6.920994276053641e-5	7.334635132687445e-5	7.334635132687445e-5	7.202788135629779e-5
0.00075	0.00047472856090373166	0.00047472856090373166	0.0003016320373049913	0.0003016320373049913	0.00017731490051456025	0.00017731490051456025	0.00014744102253704002	0.00014744102253704002	0.00014507274837687205
0.00075	0.00020293321320872637	0.00020293321320872637	0.00029477503218221425	0.00029477503218221425	0.00018038300612445877	0.00018038300612445877	0.00021323665180649878	0.00021323665180649878	0.0002465188838455997
0.00075	0.00014671896108462137	0.00014671896108462137	0.0001621514105386699	0.0001621514105386699	0.00016285769301256937	0.00016285769301256937	0.00016523520706231457	0.00016523520706231457	0.00014525541897360576
0.00075	0.0004487689634641993	0.0004487689634641993	0.00026987104330057014	0.00026987104330057014	0.000571652411705427	0.000571652411705427	0.000337107101536203	0.000337107101536203	0.00023055213845939146
0.00075	0.00010930132502729367	0.00010930132502729367	0.00011892689345836989	0.00011892689345836989	0.00011937690345142086	0.00011937690345142086	0.00012913232579773987	0.00012913232579773987	0.00011635702570374753
0.00075	0.0004128422317451933	0.0004128422317451933	0.0003176056226745857	0.0003176056226745857	0.0003602746094596627	0.0003602746094596627	0.0003841758535508225	0.0003841758535508225	0.00030254764796796207
0.00075	0.0001098447729537606	0.0001098447729537606	0.00012297823273127218	0.00012297823273127218	0.0001282579845719209	0.0001282579845719209	0.00011991158250086635	0.00011991158250086635	0.00011451221158192695
0.00075	0.00016227080408945198	0.00016227080408945198	0.00016672870528977127	0.00016672870528977127	0.00016950123840527408	0.00016950123840527408	0.0001778731101198651	0.0001778731101198651	0.0001742449399283723
0.00075	0.0004930245495399329	0.0004930245495399329	0.000527747735309264	0.000527747735309264	0.00021967153136004763	0.00021967153136004763	0.00014132496864437838	0.00014132496864437838	0.00019734355941070677
0.00075	0.00012073408226087585	0.00012073408226087585	0.00010574753680082153	0.00010574753680082153	0.00010593686607722141	0.00010593686607722141	9.001767194157054e-5	9.001767194157054e-5	7.650130300296574e-5
0.00075	0.0002644754630758769	0.0002644754630758769	0.0003187618912286479	0.0003187618912286479	0.00020165455482852896	0.00020165455482852896	0.0003194056102594544	0.0003194056102594544	0.0001342535506366654
0.00075	0.00011163955637755433	0.00011163955637755433	0.00011589775660312053	0.00011589775660312053	0.00011452281065646535	0.00011452281065646535	0.0001295770893674885	0.0001295770893674885	0.0001371225441361299
0.00075	0.00032870710523794837	0.00032870710523794837	0.00028476124358635624	0.00028476124358635624	0.0002579019830483287	0.0002579019830483287	0.00017231865486234222	0.00017231865486234222	0.00018433208390715333
0.00075	0.00011021586220347568	0.00011021586220347568	0.0001320462676406888	0.0001320462676406888	0.00013296931838968748	0.00013296931838968748	0.0001245963166437185	0.0001245963166437185	0.00011197875272363388
0.00075	0.0001275940276364217	0.0001275940276364217	0.00012221396187672186	0.00012221396187672186	0.00010897176286934176	0.00010897176286934176	0.0001156093185661333	0.0001156093185661333	0.00010397636502481813
0.00075	0.0002958358828171129	0.0002958358828171129	0.000477583751953466	0.000477583751953466	0.00020800101832678443	0.00020800101832678443	0.00011659028241529032	0.00011659028241529032	0.0001280101630182368
0.00075	0.00012105032784991147	0.00012105032784991147	0.00012001418022576214	0.00012001418022576214	0.00012783982037471112	0.00012783982037471112	0.00012479536409480484	0.00012479536409480484	0.00011485804399342253
0.00075	0.0005484161360182378	0.0005484161360182378	0.0002892630493529439	0.0002892630493529439	0.0004725808732068768	0.0004725808732068768	0.0002965123995042125	0.0002965123995042125	0.00031473465536684873
0.00075	0.00011142731876616182	0.00011142731876616182	0.00013020684907706122	0.00013020684907706122	0.00012115122992524519	0.00012115122992524519	0.00012114880875917289	0.00012114880875917289	0.00010509402246769411
0.00075	0.00021833684040572515	0.00021833684040572515	0.00016573087339067627	0.00016573087339067627	0.00016660461485985844	0.00016660461485985844	0.0001756903599095275	0.0001756903599095275	0.00016702629862299536
0.00075	0.00012687792898151575	0.00012687792898151575	0.00012409503228298326	0.00012409503228298326	0.00012936557854439554	0.00012936557854439554	0.00015907440006076437	0.00015907440006076437	0.00015717904201223933
0.00075	0.00014711292343532115	0.00014711292343532115	0.00018754991981986152	0.00018754991981986152	0.00019698763218218684	0.00019698763218218684	0.00031063256854018187	0.00031063256854018187	0.00017354515945202991
