0.0025	0.002530330308190541	0.002530330308190541	0.0025737301222209484	0.0025737301222209484	0.002634350074568677	0.002634350074568677	0.0026727529997687327	0.0026727529997687327	0.00272932654984808
0.0025	0.002503362816092431	0.002503362816092431	0.0025127407175705918	0.0025127407175705918	0.002529109524259292	0.002529109524259292	0.0025619679994986723	0.0025619679994986723	0.002580597831580128
0.0025	0.0025073559646409584	0.0025073559646409584	0.0025007392053622356	0.0025007392053622356	0.0025337975639877423	0.0025337975639877423	0.002574514377602412	0.002574514377602412	0.0026088271989715933
0.0025	0.0025152586431817243	0.0025152586431817243	0.00250499642337401	0.00250499642337401	0.0025229618615637546	0.0025229618615637546	0.002541284303960053	0.002541284303960053	0.00257968308840192
0.0025	0.0024892517950111837	0.0024892517950111837	0.002505537569592971	0.002505537569592971	0.002526017885635091	0.002526017885635091	0.00252347987048115	0.00252347987048115	0.0025391344543644213
0.0025	0.002271973769195111	0.002271973769195111	0.002066552534320704	0.002066552534320704	0.0018726190696270193	0.0018726190696270193	0.001682172467406298	0.001682172467406298	0.0014722722715274706
0.0025	0.0022645535636870717	0.0022645535636870717	0.0020462850641281196	0.0020462850641281196	0.00183816151864595	0.00183816151864595	0.001655910168035499	0.001655910168035499	0.0014515355120303392
0.0025	0.0022696149334599015	0.0022696149334599015	0.0020715177833335622	0.0020715177833335622	0.0018824228186849472	0.0018824228186849472	0.001676440923559897	0.001676440923559897	0.0014824662165910066
0.0025	0.0022787367072411736	0.0022787367072411736	0.002045957277772803	0.002045957277772803	0.0018321697348915216	0.0018321697348915216	0.0016408918136339979	0.0016408918136339979	0.0014588267748699508
0.0025	0.002269933132978975	0.002269933132978975	0.0020589420532229796	0.0020589420532229796	0.0018448819894601573	0.0018448819894601573	0.0016587765858160773	0.0016587765858160773	0.0014610504638198289
0.0025	0.0022587859293406935	0.0022587859293406935	0.0020287522195352146	0.0020287522195352146	0.0018127590698544984	0.0018127590698544984	0.0016044415717886094	0.0016044415717886094	0.0014094622408393422
0.0025	0.0022926609821359687	0.0022926609821359687	0.002088130376081883	0.002088130376081883	0.0019068030872565935	0.0019068030872565935	0.0017055549416786359	0.0017055549416786359	0.0015178130530140621
0.0025	0.002304176012163383	0.002304176012163383	0.0021151579887968295	0.0021151579887968295	0.0019449765200976596	0.0019449765200976596	0.0018005434430314945	0.0018005434430314945	0.0016530756371933187
0.0025	0.0023034398908324746	0.0023034398908324746	0.00210256775237032	0.00210256775237032	0.0019312322866869992	0.0019312322866869992	0.0017546141279694437	0.0017546141279694437	0.0016008534218212387
0.0025	0.0022817972431683456	0.0022817972431683456	0.002077408335613899	0.002077408335613899	0.001859576869526379	0.001859576869526379	0.0016530500343782013	0.0016530500343782013	0.001446127740239354
0.0025	0.0023002144077263497	0.0023002144077263497	0.002103703047509848	0.002103703047509848	0.0019106158082508244	0.0019106158082508244	0.001700904831958876	0.001700904831958876	0.001482438521284846
0.0025	0.0022745301011679033	0.0022745301011679033	0.0020414565137317786	0.0020414565137317786	0.0018301747627482256	0.0018301747627482256	0.001619083968004975	0.001619083968004975	0.0014314502753652225
0.0025	0.0023188117793843006	0.0023188117793843006	0.002160660611586353	0.002160660611586353	0.002028025318451697	0.002028025318451697	0.001881544640097753	0.001881544640097753	0.0017512998555575467
0.0025	0.0023014441307436045	0.0023014441307436045	0.002093224978758009	0.002093224978758009	0.001914273936626261	0.001914273936626261	0.0017337332507653348	0.0017337332507653348	0.0015699627119414332
0.0025	0.0022529399136070457	0.0022529399136070457	0.0020161587567634554	0.0020161587567634554	0.0017806524889159342	0.0017806524889159342	0.0015520561075165586	0.0015520561075165586	0.0013517706499238742
0.0025	0.0022725375291311233	0.0022725375291311233	0.0020352288511912672	0.0020352288511912672	0.0018321194394270803	0.0018321194394270803	0.0016275301625722743	0.0016275301625722743	0.0014524079942635439
0.0025	0.002275483595728513	0.002275483595728513	0.002077188706972589	0.002077188706972589	0.0018787286009745517	0.0018787286009745517	0.0016839531882285048	0.0016839531882285048	0.0014999728179262745
0.0025	0.002278278462760324	0.002278278462760324	0.002072077340614701	0.002072077340614701	0.0018617871532752804	0.0018617871532752804	0.001663371645638957	0.001663371645638957	0.0014923217752585082
0.0025	0.0022931426792481	0.0022931426792481	0.0021089999409389976	0.0021089999409389976	0.0019410422668454344	0.0019410422668454344	0.0017659575208023497	0.0017659575208023497	0.0016199815541456802
0.0025	0.0022705359422368174	0.0022705359422368174	0.0020432963707250496	0.0020432963707250496	0.001839278126989329	0.001839278126989329	0.0016218581021703205	0.0016218581021703205	0.0014075323215396328
0.0025	0.002314133503936517	0.002314133503936517	0.0021250713312957587	0.0021250713312957587	0.001958633741005106	0.001958633741005106	0.0018034643613557102	0.0018034643613557102	0.0016597605545485609
0.0025	0.002285430430064879	0.002285430430064879	0.00206438873839472	0.00206438873839472	0.0018629767659523227	0.0018629767659523227	0.0016871429959260937	0.0016871429959260937	0.0015046603134130222
0.0025	0.00226024950120206	0.00226024950120206	0.0020144091594742333	0.0020144091594742333	0.0017834936976240529	0.0017834936976240529	0.0015764962936762755	0.0015764962936762755	0.0013675942896579456
0.0025	0.002282635896386563	0.002282635896386563	0.002088954752668046	0.002088954752668046	0.0018903304796634107	0.0018903304796634107	0.0017195798039291409	0.0017195798039291409	0.001559725191157768
0.0025	0.002298531901797488	0.002298531901797488	0.0020841430721635495	0.0020841430721635495	0.0018988153716256466	0.0018988153716256466	0.0017291176464686907	0.0017291176464686907	0.0015613443572770117
0.0025	0.002262275331736409	0.002262275331736409	0.002029911776396723	0.002029911776396723	0.0018170522507034673	0.0018170522507034673	0.001599606001163029	0.001599606001163029	0.0013838086540911936
0.0025	0.0022603667802838924	0.0022603667802838924	0.0020491982121689017	0.0020491982121689017	0.0018366544105557691	0.0018366544105557691	0.0016397452915870127	0.0016397452915870127	0.0014310615066075118
0.0025	0.0022708319890356087	0.0022708319890356087	0.0020441209435995682	0.0020441209435995682	0.001823782082752713	0.001823782082752713	0.001585621758895065	0.001585621758895065	0.0013449918831039422
0.0025	0.0022872283790854988	0.0022872283790854988	0.0020894982998200047	0.0020894982998200047	0.0019055234376586575	0.0019055234376586575	0.0017314130041263195	0.0017314130041263195	0.0015468768904346325
0.0025	0.0022436638150247806	0.0022436638150247806	0.002010200442965116	0.002010200442965116	0.0017743635916483496	0.0017743635916483496	0.0015564257274428674	0.0015564257274428674	0.0013326073261495405
0.0025	0.002272702466655691	0.002272702466655691	0.002036272494508814	0.002036272494508814	0.0018306568182405783	0.0018306568182405783	0.001613687981908324	0.001613687981908324	0.0013978409472672894
0.0025	0.002274381555716117	0.002274381555716117	0.0020543272452125914	0.0020543272452125914	0.0018530644707299283	0.0018530644707299283	0.0016635239633240378	0.0016635239633240378	0.0014954872828565398
0.0025	0.0022831703594545874	0.0022831703594545874	0.0020757818763833314	0.0020757818763833314	0.001866865225776754	0.001866865225776754	0.001659971964875186	0.001659971964875186	0.0014668484910514187
0.0025	0.0022672865608833513	0.0022672865608833513	0.0020452620662450623	0.0020452620662450623	0.0018340401507735806	0.0018340401507735806	0.0016217229779562478	0.0016217229779562478	0.0014133695339844765
0.0025	0.0022783780237483333	0.0022783780237483333	0.00206964171168589	0.00206964171168589	0.0018661779430040484	0.0018661779430040484	0.0016731897104300757	0.0016731897104300757	0.0015057808349557182
0.0025	0.002289968622902239	0.002289968622902239	0.002070793410464687	0.002070793410464687	0.001882022117854862	0.001882022117854862	0.0017083673713901302	0.0017083673713901302	0.0015222415084156597
0.0025	0.002280475653545896	0.002280475653545896	0.002064554607009903	0.002064554607009903	0.0018565919442846944	0.0018565919442846944	0.0016592342515749402	0.0016592342515749402	0.0014776104170684935
0.0025	0.0022616514321978816	0.0022616514321978816	0.002045171925838224	0.002045171925838224	0.0018277615494359993	0.0018277615494359993	0.0016294881261370911	0.0016294881261370911	0.001435369611001449
0.0025	0.002245625258522132	0.002245625258522132	0.001990351234115385	0.001990351234115385	0.0017471321453184148	0.0017471321453184148	0.0015214072103475833	0.0015214072103475833	0.0012799600445036743
0.0025	0.0022552460019240415	0.0022552460019240415	0.0020083439815698186	0.0020083439815698186	0.0017758982154942279	0.0017758982154942279	0.0015537799663758803	0.0015537799663758803	0.0013350330434228719
0.0025	0.002303070806275143	0.002303070806275143	0.002099815774642413	0.002099815774642413	0.0019139751323285481	0.0019139751323285481	0.0017337713503219482	0.0017337713503219482	0.0015524285579581755
0.0025	0.0022679952597934624	0.0022679952597934624	0.002034201588874414	0.002034201588874414	0.0018244777971146492	0.0018244777971146492	0.0016293096206457937	0.0016293096206457937	0.0014152744617263048
0.0025	0.0022722459134616535	0.0022722459134616535	0.002070536520210467	0.002070536520210467	0.0018767981638644756	0.0018767981638644756	0.0016895087515126927	0.0016895087515126927	0.0015051661995433559
0.0025	0.002277890078010732	0.002277890078010732	0.002060662866583571	0.002060662866583571	0.0018593625186827639	0.0018593625186827639	0.001683377071175008	0.001683377071175008	0.0015168787178222456
0.0025	0.0023006315323628734	0.0023006315323628734	0.0021289155616104212	0.0021289155616104212	0.0019505955637456147	0.0019505955637456147	0.001758501450410134	0.001758501450410134	0.0015693412266687423
0.0025	0.0023000269143851272	0.0023000269143851272	0.0021140311695363252	0.0021140311695363252	0.0019291872130728848	0.0019291872130728848	0.0017748155878320045	0.0017748155878320045	0.0016203568118310619
0.0025	0.0022585866668797232	0.0022585866668797232	0.0020318811282917333	0.0020318811282917333	0.0018109131127214157	0.0018109131127214157	0.0016155339629586305	0.0016155339629586305	0.0014321618876826456
0.0025	0.0022894320854553916	0.0022894320854553916	0.002074102239510559	0.002074102239510559	0.001861770599239835	0.001861770599239835	0.0016574579597698421	0.0016574579597698421	0.0014601071466319342
0.0025	0.0022603627177027047	0.0022603627177027047	0.0020321104876993663	0.0020321104876993663	0.0018328139116511452	0.0018328139116511452	0.0016153514653271376	0.0016153514653271376	0.00139968532628732
0.0025	0.002268984582751362	0.002268984582751362	0.0020273597535390687	0.0020273597535390687	0.0018195090505678997	0.0018195090505678997	0.0016064360190946628	0.0016064360190946628	0.0013896602981677553
0.0025	0.002266825842777105	0.002266825842777105	0.0020437627306157417	0.0020437627306157417	0.001861545137321231	0.001861545137321231	0.0016794168097834922	0.0016794168097834922	0.0014750250389756222
0.0025	0.00227236154111161	0.00227236154111161	0.0020410198673339857	0.0020410198673339857	0.0018141481740812037	0.0018141481740812037	0.0015942941226142185	0.0015942941226142185	0.001388447993428846
0.0025	0.002278533137577812	0.002278533137577812	0.002058217031329921	0.002058217031329921	0.001851105279280957	0.001851105279280957	0.0016450582834200403	0.0016450582834200403	0.001451144423490971
0.0025	0.0022894103848176924	0.0022894103848176924	0.00207690588039769	0.00207690588039769	0.0018669133619785433	0.0018669133619785433	0.0016791389393424542	0.0016791389393424542	0.0015133913671003573
0.0025	0.0022401645105429124	0.0022401645105429124	0.0019934277394864975	0.0019934277394864975	0.0017755280690992426	0.0017755280690992426	0.0015454008791650792	0.0015454008791650792	0.0013235521313985062
0.0025	0.002248637572711765	0.002248637572711765	0.002015709874476828	0.002015709874476828	0.0017806691594096573	0.0017806691594096573	0.0015535710100723931	0.0015535710100723931	0.001376987629918405
0.0025	0.0022892033766927244	0.0022892033766927244	0.0020972143374264006	0.0020972143374264006	0.001898455097675132	0.001898455097675132	0.0017076425185733677	0.0017076425185733677	0.0015329287687568319
0.0025	0.0022569902398546127	0.0022569902398546127	0.002006097332081206	0.002006097332081206	0.0017898853655369939	0.0017898853655369939	0.0015570289760213551	0.0015570289760213551	0.0013415301832015707
0.0025	0.00229529020638147	0.00229529020638147	0.002069240246937997	0.002069240246937997	0.001870617102887358	0.001870617102887358	0.0016870636920716681	0.0016870636920716681	0.0014991580404700628
0.0025	0.002295447308720709	0.002295447308720709	0.002097488542378612	0.002097488542378612	0.0018970850080117345	0.0018970850080117345	0.001679922626926068	0.001679922626926068	0.0014766124562629694
0.0025	0.002306231725352235	0.002306231725352235	0.0021192900734608856	0.0021192900734608856	0.0019479647652003514	0.0019479647652003514	0.0017873017875537566	0.0017873017875537566	0.0016335474117000325
0.0025	0.002300993201368672	0.002300993201368672	0.002101820156728337	0.002101820156728337	0.001916181435065163	0.001916181435065163	0.0017339488987850918	0.0017339488987850918	0.001574935174468342
0.0025	0.002255784506640586	0.002255784506640586	0.0020293571626870083	0.0020293571626870083	0.0017839704060943695	0.0017839704060943695	0.0015618434070254683	0.0015618434070254683	0.0013559836242213238
0.0025	0.00229619478332756	0.00229619478332756	0.0020984908273291606	0.0020984908273291606	0.0019102660547393512	0.0019102660547393512	0.0017365442697560545	0.0017365442697560545	0.0015576901810271774
0.0025	0.002266512928295455	0.002266512928295455	0.0020546466444673955	0.0020546466444673955	0.0018318235517371807	0.0018318235517371807	0.0016187395382787633	0.0016187395382787633	0.001408196709830028
0.0025	0.002247115962016331	0.002247115962016331	0.002019229093167864	0.002019229093167864	0.0018094135016987647	0.0018094135016987647	0.001599179319285462	0.001599179319285462	0.0013959947627914327
0.0025	0.0022935745575897296	0.0022935745575897296	0.002075639931405541	0.002075639931405541	0.0018626438325145516	0.0018626438325145516	0.001646721701913859	0.001646721701913859	0.0014338953404718312
0.0025	0.0022740642900201838	0.0022740642900201838	0.0020488851246792655	0.0020488851246792655	0.0018266882981547471	0.0018266882981547471	0.0016258757062967298	0.0016258757062967298	0.0014562296331356495
0.0025	0.0023141839176145434	0.0023141839176145434	0.002120092227255677	0.002120092227255677	0.001966797633362245	0.001966797633362245	0.0018106032436187448	0.0018106032436187448	0.0016631951614433337
0.0025	0.0022754738906488976	0.0022754738906488976	0.002065505315890561	0.002065505315890561	0.0018623003580607012	0.0018623003580607012	0.0016424828960959	0.0016424828960959	0.0014246846523288145
0.0025	0.002311780425850305	0.002311780425850305	0.0021042521977998213	0.0021042521977998213	0.0019293876395200613	0.0019293876395200613	0.001749530235848756	0.001749530235848756	0.001596607465979801
0.0025	0.002279589909314701	0.002279589909314701	0.002058591275826452	0.002058591275826452	0.0018531953571560749	0.0018531953571560749	0.0016519449113820606	0.0016519449113820606	0.0014471966613569206
0.0025	0.0022689484825553262	0.0022689484825553262	0.0020644808291374627	0.0020644808291374627	0.001854593118220664	0.001854593118220664	0.001670578320478183	0.001670578320478183	0.0014937463080335043
0.0025	0.002264904893201958	0.002264904893201958	0.0020391819530046163	0.0020391819530046163	0.0018266928351983018	0.0018266928351983018	0.0016259588516333709	0.0016259588516333709	0.0014320452330728128
0.0025	0.0022871394217727618	0.0022871394217727618	0.0020971006064023643	0.0020971006064023643	0.0018958266514943732	0.0018958266514943732	0.0017106963803644832	0.0017106963803644832	0.0015455920935591417
0.0025	0.0023028334869250665	0.0023028334869250665	0.0020840383981631586	0.0020840383981631586	0.0018810589593661624	0.0018810589593661624	0.0017031156216464557	0.0017031156216464557	0.0015290767689497401
0.0025	0.002302500366743565	0.002302500366743565	0.002097720913030053	0.002097720913030053	0.0019040858792007107	0.0019040858792007107	0.001728791418130316	0.001728791418130316	0.001575464310320424
0.0025	0.002352478915912291	0.002352478915912291	0.0022020578982551255	0.0022020578982551255	0.0020737547765957614	0.0020737547765957614	0.0019131285835457873	0.0019131285835457873	0.001731568023271742
0.0025	0.0022964303888495545	0.0022964303888495545	0.0020786478407007246	0.0020786478407007246	0.0018777250035915975	0.0018777250035915975	0.0017019411572181326	0.0017019411572181326	0.0015348483508559128
0.0025	0.002294185485011044	0.002294185485011044	0.0021062935378031774	0.0021062935378031774	0.0019198616681923505	0.0019198616681923505	0.001747146385070187	0.001747146385070187	0.0015783691427647686
0.0025	0.0022499662426064067	0.0022499662426064067	0.002010144149421521	0.002010144149421521	0.0017870035186697488	0.0017870035186697488	0.0015757084533363267	0.0015757084533363267	0.001360036023659848
0.0025	0.0022699614863664432	0.0022699614863664432	0.0020520095505067153	0.0020520095505067153	0.0018422484037976397	0.0018422484037976397	0.0016382209412559154	0.0016382209412559154	0.0014174717289019546
0.0025	0.0022675128127354325	0.0022675128127354325	0.0020408115446026148	0.0020408115446026148	0.0018420946513732737	0.0018420946513732737	0.0016463457107762684	0.0016463457107762684	0.0014677223089696366
0.0025	0.002305901549424684	0.002305901549424684	0.0020926770642664665	0.0020926770642664665	0.0018944446746393003	0.0018944446746393003	0.0017031670340469103	0.0017031670340469103	0.0015423412703936554
0.0025	0.0022676885002668934	0.0022676885002668934	0.0020473710746319687	0.0020473710746319687	0.0018589734268163343	0.0018589734268163343	0.0016751238656038643	0.0016751238656038643	0.001492717504136279
0.0025	0.0022877326385935615	0.0022877326385935615	0.0020728784794648504	0.0020728784794648504	0.0018926548910842191	0.0018926548910842191	0.001717347685353578	0.001717347685353578	0.0015204045651339804
0.0025	0.0022845643838878263	0.0022845643838878263	0.002066733498369554	0.002066733498369554	0.0018630338135744498	0.0018630338135744498	0.0016591831322594407	0.0016591831322594407	0.0014699977874248417
0.0025	0.002295839106886474	0.002295839106886474	0.0020764644946565545	0.0020764644946565545	0.001888527012588608	0.001888527012588608	0.0016858086268768495	0.0016858086268768495	0.0015061048035623196
0.0025	0.002337974098738496	0.002337974098738496	0.0021705053763068	0.0021705053763068	0.00201731533413975	0.00201731533413975	0.0018255585940405877	0.0018255585940405877	0.0016404171586421957
0.0025	0.002294210030375166	0.002294210030375166	0.002096876578797663	0.002096876578797663	0.0018972069479759564	0.0018972069479759564	0.001708054485378819	0.001708054485378819	0.0015397541417065484
0.0025	0.002273821475830369	0.002273821475830369	0.0020669785479985737	0.0020669785479985737	0.0018756548650289441	0.0018756548650289441	0.001673297580108246	0.001673297580108246	0.001472866446909537
0.0025	0.0022766232376067105	0.0022766232376067105	0.0020452458609553385	0.0020452458609553385	0.0018461164052703636	0.0018461164052703636	0.001652967365838678	0.001652967365838678	0.0014568028349004733
0.0025	0.0022817972720520414	0.0022817972720520414	0.002061484847367711	0.002061484847367711	0.001873564670901653	0.001873564670901653	0.0016762923330526198	0.0016762923330526198	0.001475583344347149
0.0025	0.002237851670087287	0.002237851670087287	0.002005914173202914	0.002005914173202914	0.0017686269784067301	0.0017686269784067301	0.00155544972605521	0.00155544972605521	0.001351968594329797
0.0025	0.002284422578873389	0.002284422578873389	0.0020664691765489678	0.0020664691765489678	0.0018640321086137984	0.0018640321086137984	0.0016725086123389186	0.0016725086123389186	0.001492018412780226
