0.00075	0.0028886929522957097	0.0028886929522957097	0.004971950533831401	0.004971950533831401	0.007077176747578906	0.007077176747578906	0.009196314313407929	0.009196314313407929	0.011244281359357247
0.00075	0.0033387727885951413	0.0033387727885951413	0.005895483009764486	0.005895483009764486	0.008307228944440422	0.008307228944440422	0.010680615049216425	0.010680615049216425	0.01286629376851515
0.00075	0.002609354873674514	0.002609354873674514	0.004455892462462473	0.004455892462462473	0.006486591925867733	0.006486591925867733	0.008517387005968227	0.008517387005968227	0.010491940760473604
0.00075	0.002305283903996432	0.002305283903996432	0.00385349274919495	0.00385349274919495	0.005436190600285836	0.005436190600285836	0.006814204137201992	0.006814204137201992	0.008279368644820298
0.00075	0.0025363238023301837	0.0025363238023301837	0.004432843518142477	0.004432843518142477	0.00627513322087481	0.00627513322087481	0.00804323499701941	0.00804323499701941	0.009889496809126095
0.00075	0.00037955024427015145	0.00037955024427015145	0.0003550079702724392	0.0003550079702724392	0.0002212245570418691	0.0002212245570418691	0.00013816209442110027	0.00013816209442110027	0.0001510419212446409
0.00075	0.00019552982487130993	0.00019552982487130993	0.00012436190471371345	0.00012436190471371345	7.486857321369747e-5	7.486857321369747e-5	8.488824300600807e-5	8.488824300600807e-5	7.343836821093217e-5
0.00075	0.0008332236210494872	0.0008332236210494872	0.0006264851320966497	0.0006264851320966497	0.0005341627382917363	0.0005341627382917363	0.0005503849173885046	0.0005503849173885046	0.0005866040797207008
0.00075	7.574442940534529e-5	7.574442940534529e-5	5.698740660633257e-5	5.698740660633257e-5	7.415926543165096e-5	7.415926543165096e-5	5.674453982592598e-5	5.674453982592598e-5	5.724007522895482e-5
0.00075	0.00014123126385982872	0.00014123126385982872	0.00013511288476867852	0.00013511288476867852	0.00012609169756272554	0.00012609169756272554	0.00013386924626682884	0.00013386924626682884	0.00013254938776624027
0.00075	4.25595444848316e-5	4.25595444848316e-5	3.706315792302731e-5	3.706315792302731e-5	3.419261112957994e-5	3.419261112957994e-5	2.8710438176930583e-5	2.8710438176930583e-5	3.173251223824695e-5
0.00075	0.00020590796032241503	0.00020590796032241503	0.00025270409940082245	0.00025270409940082245	0.0002024042834474567	0.0002024042834474567	0.00014282474898932447	0.00014282474898932447	0.0002899440444910869
0.00075	0.00012223072900640692	0.00012223072900640692	0.00013175343084800655	0.00013175343084800655	0.00013249264749075893	0.00013249264749075893	0.0001300903902795212	0.0001300903902795212	0.0001280836422935811
0.00075	0.0002743508901985829	0.0002743508901985829	0.00020308163386965867	0.00020308163386965867	0.00020680295507105988	0.00020680295507105988	0.0001022756489410089	0.0001022756489410089	0.00010251854489632994
0.00075	0.0005072315585506662	0.0005072315585506662	0.00036238080619109797	0.00036238080619109797	0.0006305448426210644	0.0006305448426210644	0.0004359660667042271	0.0004359660667042271	0.00032329308243243224
0.00075	9.928606084469035e-5	9.928606084469035e-5	0.00010629210142215417	0.00010629210142215417	0.00011334667039379576	0.00011334667039379576	0.00010632637305335019	0.00010632637305335019	0.00010061252537495431
0.00075	0.0006001908854739962	0.0006001908854739962	0.0004772071623702503	0.0004772071623702503	0.00048047221072024986	0.00048047221072024986	0.0005220702882375427	0.0005220702882375427	0.00043634924930703226
0.00075	0.0001055439794084271	0.0001055439794084271	0.00010985675783260343	0.00010985675783260343	8.608731849073119e-5	8.608731849073119e-5	9.620311313465548e-5	9.620311313465548e-5	0.00011029686873315893
0.00075	9.598384185906574e-5	9.598384185906574e-5	6.415463636959575e-5	6.415463636959575e-5	4.7100636573075536e-5	4.7100636573075536e-5	4.7282799543782993e-5	4.7282799543782993e-5	5.403167438024541e-5
0.00075	0.00017522487108848216	0.00017522487108848216	0.00016250041143996225	0.00016250041143996225	0.00013682298305760026	0.00013682298305760026	0.00024824289923507965	0.00024824289923507965	0.00013792568963155125
0.00075	0.00033208562468441084	0.00033208562468441084	0.0003278344340775411	0.0003278344340775411	0.00026700802319914546	0.00026700802319914546	0.00023713169302350646	0.00023713169302350646	9.496974241118038e-5
0.00075	0.00035456820209161524	0.00035456820209161524	0.00013594649072795387	0.00013594649072795387	9.958054104290703e-5	9.958054104290703e-5	0.00012608815202263805	0.00012608815202263805	0.00013154718514101963
0.00075	0.00019029876899926112	0.00019029876899926112	0.0001059319035434985	0.0001059319035434985	0.00010915268455339639	0.00010915268455339639	0.00012422266691974047	0.00012422266691974047	0.0001150201047076201
0.00075	0.00010081100316212739	0.00010081100316212739	9.496569868732258e-5	9.496569868732258e-5	0.0001108446565308429	0.0001108446565308429	9.94600978564817e-5	9.94600978564817e-5	9.854445673054264e-5
0.00075	0.00010933237721300911	0.00010933237721300911	6.298798205950758e-5	6.298798205950758e-5	6.748400056130818e-5	6.748400056130818e-5	6.398045444213909e-5	6.398045444213909e-5	6.4974055611877e-5
0.00075	0.0003868737926370203	0.0003868737926370203	0.00034155550923889986	0.00034155550923889986	0.00034322204073967375	0.00034322204073967375	0.00035115624460257364	0.00035115624460257364	0.0002731339306241763
0.00075	0.0007647678356178906	0.0007647678356178906	0.0005599701108601304	0.0005599701108601304	0.0004001635769443981	0.0004001635769443981	0.0002668602639359784	0.0002668602639359784	0.0003087203293787311
0.00075	0.00028764439217981655	0.00028764439217981655	0.000299009014333841	0.000299009014333841	0.00017665100639952552	0.00017665100639952552	0.0002234690195793389	0.0002234690195793389	0.00023637236152131017
0.00075	0.00011270163269190686	0.00011270163269190686	0.00010680266428677335	0.00010680266428677335	0.00012769280226636407	0.00012769280226636407	0.00010579341669503082	0.00010579341669503082	0.00011124486567174053
0.00075	0.0006728723704063545	0.0006728723704063545	0.0007396996306846247	0.0007396996306846247	0.00043142905939337156	0.00043142905939337156	0.00028075992400446067	0.00028075992400446067	0.00022910564849901372
0.00075	0.00014530664255461075	0.00014530664255461075	0.0001053561638804619	0.0001053561638804619	0.00014588277216115992	0.00014588277216115992	0.00014955017149019458	0.00014955017149019458	9.934469085782952e-5
0.00075	0.00043535782541172404	0.00043535782541172404	0.00029315866497678806	0.00029315866497678806	0.0002550787494904455	0.0002550787494904455	0.00031109223323680466	0.00031109223323680466	0.00039209224587824927
0.00075	0.00030335548914704665	0.00030335548914704665	0.00019044596744033945	0.00019044596744033945	0.00026354535574542293	0.00026354535574542293	0.00037443125342106836	0.00037443125342106836	0.00031824819094749906
0.00075	0.0004420500253991318	0.0004420500253991318	0.00037858997439061396	0.00037858997439061396	0.000486984619045017	0.000486984619045017	0.00048135387864220593	0.00048135387864220593	0.00014453181882569875
0.00075	0.00012409117005633693	0.00012409117005633693	0.00013049289708384683	0.00013049289708384683	0.00013382111560066023	0.00013382111560066023	0.00013401807660823589	0.00013401807660823589	0.00012987457915033233
0.00075	9.365201160736228e-5	9.365201160736228e-5	0.00010395678832744898	0.00010395678832744898	0.00010039809874053799	0.00010039809874053799	0.00010072924229682364	0.00010072924229682364	0.00010499498627116606
0.00075	9.485953121987765e-5	9.485953121987765e-5	0.00010642620051933447	0.00010642620051933447	0.00012516477313385008	0.00012516477313385008	0.00015249297352855568	0.00015249297352855568	0.00012882464983053933
0.00075	0.00010761632766955029	0.00010761632766955029	0.00010813676387719857	0.00010813676387719857	0.00019620446282078954	0.00019620446282078954	0.00011598268742280195	0.00011598268742280195	0.00012046740238127101
0.00075	0.00020178513924636895	0.00020178513924636895	0.00010611155287451916	0.00010611155287451916	0.00012020125491817049	0.00012020125491817049	0.00011740476939051781	0.00011740476939051781	0.00011774172712139944
0.00075	9.578972021122428e-5	9.578972021122428e-5	0.00010494530950979456	0.00010494530950979456	0.00010295715947588562	0.00010295715947588562	0.0001072345883839164	0.0001072345883839164	0.00013187104861795004
0.00075	7.683439657912452e-5	7.683439657912452e-5	5.034088692434619e-5	5.034088692434619e-5	4.47005264858031e-5	4.47005264858031e-5	3.928822036145435e-5	3.928822036145435e-5	4.312291211111365e-5
0.00075	0.0005607261998760395	0.0005607261998760395	0.0003051726334702405	0.0003051726334702405	0.00031351947066005407	0.00031351947066005407	0.0002931698356765472	0.0002931698356765472	0.00022944340272155084
0.00075	0.00011008734504778576	0.00011008734504778576	0.00010741786419444827	0.00010741786419444827	9.937741462762436e-5	9.937741462762436e-5	0.00010296867422752495	0.00010296867422752495	0.0001056887051142564
0.00075	0.00032862818651134876	0.00032862818651134876	0.0002835394911811426	0.0002835394911811426	0.00014416577739544552	0.00014416577739544552	0.00012472540540695322	0.00012472540540695322	0.00015762142762080797
0.00075	9.341222050019963e-5	9.341222050019963e-5	8.091927164726901e-5	8.091927164726901e-5	6.351191396616066e-5	6.351191396616066e-5	5.6042449755357844e-5	5.6042449755357844e-5	5.338081762308652e-5
0.00075	0.00039189287784722435	0.00039189287784722435	0.00019980543328364803	0.00019980543328364803	0.0003042023931233136	0.0003042023931233136	0.00015359181711419918	0.00015359181711419918	0.0001411454737626191
0.00075	0.0001158173970281412	0.0001158173970281412	0.00012286628307048357	0.00012286628307048357	0.00015593257656772055	0.00015593257656772055	0.00012575188981155168	0.00012575188981155168	0.00011200678868708654
0.00075	0.0005459934232330295	0.0005459934232330295	0.0004483748245549193	0.0004483748245549193	0.00043203394733512296	0.00043203394733512296	0.00048527739975809625	0.00048527739975809625	0.0003554740355714894
0.00075	0.0005099192719592841	0.0005099192719592841	0.0005544608855226733	0.0005544608855226733	0.0005262351851886785	0.0005262351851886785	0.00033976213604620936	0.00033976213604620936	0.00037747135463684213
0.00075	0.00010475888722613669	0.00010475888722613669	0.00012077659558532282	0.00012077659558532282	0.00012347154030029612	0.00012347154030029612	0.00012692761194855226	0.00012692761194855226	0.00012174401802711506
0.00075	9.149323656054269e-5	9.149323656054269e-5	0.00012407796675434894	0.00012407796675434894	9.241139851567736e-5	9.241139851567736e-5	0.00012347819005691782	0.00012347819005691782	0.00015619061743596787
0.00075	0.00035763588652005623	0.00035763588652005623	0.00020181856105109467	0.00020181856105109467	0.00014624715517040803	0.00014624715517040803	0.00015150750389304022	0.00015150750389304022	0.00015179254313096757
0.00075	8.953066361243094e-5	8.953066361243094e-5	8.14089356200016e-5	8.14089356200016e-5	5.5975495043887744e-5	5.5975495043887744e-5	7.336120349431033e-5	7.336120349431033e-5	8.906172553667801e-5
0.00075	0.0005714594430943926	0.0005714594430943926	0.000581689879613517	0.000581689879613517	0.000451319338304991	0.000451319338304991	0.00027196577386003735	0.00027196577386003735	0.0003272332358966214
0.00075	0.00012312304179502953	0.00012312304179502953	0.0001037238430419603	0.0001037238430419603	0.0001377607804121586	0.0001377607804121586	0.00010069791463155036	0.00010069791463155036	0.00011062751871696219
0.00075	0.000299690316302212	0.000299690316302212	0.00031905291077027225	0.00031905291077027225	0.00013013120977004695	0.00013013120977004695	0.00014476029719280096	0.00014476029719280096	0.00016583908925754602
0.00075	0.00028176547051388264	0.00028176547051388264	0.0003825067813443074	0.0003825067813443074	0.000217423479167042	0.000217423479167042	0.00031734278540920927	0.00031734278540920927	0.00024437154612712097
0.00075	0.00020702841236273827	0.00020702841236273827	0.0001046351558544979	0.0001046351558544979	0.00012059657344218806	0.00012059657344218806	0.00015306918070097118	0.00015306918070097118	9.942212167541819e-5
0.00075	0.0007376651478970956	0.0007376651478970956	0.0006285806089768514	0.0006285806089768514	0.0005025070505826601	0.0005025070505826601	0.0003211960640081717	0.0003211960640081717	0.0002533932336677561
0.00075	0.0001538531293458395	0.0001538531293458395	0.00011529158535654734	0.00011529158535654734	9.230880571959831e-5	9.230880571959831e-5	8.602424433182757e-5	8.602424433182757e-5	9.928897488080221e-5
0.00075	7.656235179718095e-5	7.656235179718095e-5	8.653105920147109e-5	8.653105920147109e-5	4.852380498308677e-5	4.852380498308677e-5	5.8611905323106505e-5	5.8611905323106505e-5	8.905442140914988e-5
0.00075	0.00023051749152374772	0.00023051749152374772	0.0004424918510898093	0.0004424918510898093	0.00011038705374694541	0.00011038705374694541	0.00016836948512636876	0.00016836948512636876	0.00010928858768053081
0.00075	0.0003295334600863172	0.0003295334600863172	0.0002546520331281678	0.0002546520331281678	0.00013533739632474532	0.00013533739632474532	0.00017457526484394224	0.00017457526484394224	0.0002478737911756564
0.00075	0.0005903802382252534	0.0005903802382252534	0.000579089179488697	0.000579089179488697	0.000413763402091233	0.000413763402091233	0.0003708292323584888	0.0003708292323584888	0.0005792673345800955
0.00075	0.0002570760284455455	0.0002570760284455455	0.00022897778903668617	0.00022897778903668617	0.00015378157225199088	0.00015378157225199088	0.00013230226218294115	0.00013230226218294115	0.00015225110937961613
0.00075	0.0003235451566974635	0.0003235451566974635	0.0002756265848902295	0.0002756265848902295	0.00019569035405171816	0.00019569035405171816	0.0003059413485729151	0.0003059413485729151	0.00015686780421549234
0.00075	0.00010285412583393142	0.00010285412583393142	0.00010676060114559256	0.00010676060114559256	0.00013316319299012158	0.00013316319299012158	0.0001008917344166744	0.0001008917344166744	0.0001014130856244922
0.00075	0.00012162088852794042	0.00012162088852794042	0.000117800784497659	0.000117800784497659	0.0001236065675431055	0.0001236065675431055	0.00013792423345754297	0.00013792423345754297	0.00011319180197548097
0.00075	9.938796025388846e-5	9.938796025388846e-5	0.0001085016210670806	0.0001085016210670806	0.00011069529585306562	0.00011069529585306562	0.0001046856209007359	0.0001046856209007359	0.00010194329890973608
0.00075	0.0006786470636067558	0.0006786470636067558	0.0006620602971552613	0.0006620602971552613	0.0005017539075812677	0.0005017539075812677	0.0005340120948101746	0.0005340120948101746	0.00041114829039702437
0.00075	0.000547585234191998	0.000547585234191998	0.0004986124804113611	0.0004986124804113611	0.0003252519415473748	0.0003252519415473748	0.0003747191785701009	0.0003747191785701009	0.00019979288063166155
0.00075	0.00023064868887367812	0.00023064868887367812	0.0001726968234394356	0.0001726968234394356	0.00013747676859637758	0.00013747676859637758	0.0001477313388192689	0.0001477313388192689	0.000147226840676383
0.00075	0.00042648294230136134	0.00042648294230136134	0.00032640622243327314	0.00032640622243327314	0.00012854953268489033	0.00012854953268489033	0.00018479883765679686	0.00018479883765679686	0.0001032263617409435
0.00075	0.00013371101791732242	0.00013371101791732242	0.00025447840438345206	0.00025447840438345206	0.00012118742481145346	0.00012118742481145346	0.0001245759331534682	0.0001245759331534682	0.00012186545430007904
0.00075	0.00040951270039469716	0.00040951270039469716	0.00041626265551215837	0.00041626265551215837	0.00032688842159231147	0.00032688842159231147	0.00031979893447123525	0.00031979893447123525	0.0003668698977037055
0.00075	0.0004351548334097616	0.0004351548334097616	0.0002224892977763835	0.0002224892977763835	0.00028669420168007985	0.00028669420168007985	0.00013084335512238162	0.00013084335512238162	0.0003220570395981788
0.00075	7.438753468710758e-5	7.438753468710758e-5	5.3585008145488125e-5	5.3585008145488125e-5	6.644592300040438e-5	6.644592300040438e-5	5.792625271014305e-5	5.792625271014305e-5	6.51028666551595e-5
0.00075	8.729737843757858e-5	8.729737843757858e-5	7.940073971389847e-5	7.940073971389847e-5	7.258271199510326e-5	7.258271199510326e-5	5.723747747784889e-5	5.723747747784889e-5	5.536912953517361e-5
0.00075	0.00047019649127278643	0.00047019649127278643	0.0002965032206293199	0.0002965032206293199	0.0002046733246443481	0.0002046733246443481	0.00014513571177716852	0.00014513571177716852	0.0001155588964496425
0.00075	0.00023005514301224322	0.00023005514301224322	0.0002066527233838554	0.0002066527233838554	0.00016336716946960812	0.00016336716946960812	0.00021192355383236626	0.00021192355383236626	0.00019019594708234787
0.00075	0.000126952818047062	0.000126952818047062	0.00013187014587899565	0.00013187014587899565	0.00014132669630640898	0.00014132669630640898	0.00012966390410970883	0.00012966390410970883	0.00012562006057307388
0.00075	0.00042497803969809476	0.00042497803969809476	0.00029154560271261955	0.00029154560271261955	0.00047534056521405843	0.00047534056521405843	0.0003156057301485742	0.0003156057301485742	0.0002750760739850069
0.00075	9.540288954195494e-5	9.540288954195494e-5	0.00010701883318039547	0.00010701883318039547	0.00012039994888687224	0.00012039994888687224	0.00012548869318394594	0.00012548869318394594	0.00011801334106259383
0.00075	0.00048752966804271506	0.00048752966804271506	0.00023984253399958144	0.00023984253399958144	0.0003072575523248927	0.0003072575523248927	0.00044780881177265567	0.00044780881177265567	0.00043072302629847115
0.00075	9.20466663071992e-5	9.20466663071992e-5	0.00010272322001431594	0.00010272322001431594	0.0001238146788212632	0.0001238146788212632	0.00010230871492180731	0.00010230871492180731	0.00010257497009882306
0.00075	0.0001439564806116987	0.0001439564806116987	0.00013962763815359217	0.00013962763815359217	0.0001384495335510721	0.0001384495335510721	0.00014419926227678514	0.00014419926227678514	0.0001376987417127834
0.00075	0.0004829687900024612	0.0004829687900024612	0.0004644637307642294	0.0004644637307642294	0.0001663380879398213	0.0001663380879398213	0.00012497803835962652	0.00012497803835962652	0.00021405052926475903
0.00075	0.00011974093139630741	0.00011974093139630741	0.00010966911321319285	0.00010966911321319285	7.979607549701582e-5	7.979607549701582e-5	9.242062541575147e-5	9.242062541575147e-5	6.52928676620954e-5
0.00075	0.0003448278220465383	0.0003448278220465383	0.00021795215609958081	0.00021795215609958081	0.00019368290579441629	0.00019368290579441629	0.0003990916456216869	0.0003990916456216869	0.00019070128518806862
0.00075	0.00010035465733972166	0.00010035465733972166	0.00011358520802949916	0.00011358520802949916	9.546422419576425e-5	9.546422419576425e-5	0.00011906146192675788	0.00011906146192675788	0.00011348606745994496
0.00075	0.0003092096801117759	0.0003092096801117759	0.0002740175361678639	0.0002740175361678639	0.0002495370253921924	0.0002495370253921924	0.00015149615446474328	0.00015149615446474328	0.00015340690197566682
0.00075	0.00010213492871570987	0.00010213492871570987	0.00011105608257443797	0.00011105608257443797	0.00010612334743969512	0.00010612334743969512	0.00010760777358704166	0.00010760777358704166	0.0001063933606423193
0.00075	0.00013370312049016514	0.00013370312049016514	9.854505400472803e-5	9.854505400472803e-5	7.551636252161345e-5	7.551636252161345e-5	0.00010565147701590332	0.00010565147701590332	9.569692255375618e-5
0.00075	0.0002554441645214456	0.0002554441645214456	0.0003202100215035193	0.0003202100215035193	0.0003634636092790447	0.0003634636092790447	0.00010175932924964487	0.00010175932924964487	0.00011126123552713503
0.00075	9.654076670128505e-5	9.654076670128505e-5	0.00010614729671516754	0.00010614729671516754	0.00010848336439997009	0.00010848336439997009	0.00010229152020564795	0.00010229152020564795	0.00010058303514144022
0.00075	0.000498853828507019	0.000498853828507019	0.00021788079469230908	0.00021788079469230908	0.0004908637091160002	0.0004908637091160002	0.0002613670722582617	0.0002613670722582617	0.0003377061058934703
0.00075	8.874791761415256e-5	8.874791761415256e-5	0.0001064660806786998	0.0001064660806786998	0.00011306045075454967	0.00011306045075454967	9.990427697033952e-5	9.990427697033952e-5	9.526093435811462e-5
0.00075	0.0002123082012122889	0.0002123082012122889	0.00013350739905380519	0.00013350739905380519	0.00013493549976759318	0.00013493549976759318	0.00014192778503468445	0.00014192778503468445	0.0001491586888142209
0.00075	0.00015168862925370272	0.00015168862925370272	0.00013148312003548364	0.00013148312003548364	9.611272715956858e-5	9.611272715956858e-5	0.00012350858638616603	0.00012350858638616603	0.00013472910270084454
0.00075	8.683106862406506e-5	8.683106862406506e-5	0.00010137974166564473	0.00010137974166564473	0.00014172127401127044	0.00014172127401127044	0.00017401832879633877	0.00017401832879633877	0.00017246511178205067
