0.658166204557535	0.5298446274197746	0.6555645646196606	0.5305691097275421	0.6572516142962931	0.5309380414714269	0.6602901154220504	0.5331418614723844	0.6595339358022951	0.5366559130453222
0.6646455158403869	0.5093191485246917	0.6629544538951371	0.5095518406249604	0.656627031655213	0.5119222755746894	0.659281556040074	0.5168783897535038	0.6541329487060265	0.5229922255481401
0.6608463800616443	0.5492850876411624	0.6578697129959562	0.5470774576686775	0.6653023965663355	0.5434604287620269	0.6618581795884811	0.5400104747824241	0.6560453126281205	0.5375720873578519
0.6614717488186482	0.5681547145788677	0.6615861458086622	0.5686936150967483	0.6653352940294639	0.5703734229639938	0.6546563747280977	0.5719755625131075	0.6611968333932313	0.5732869629361339
0.6624299447684262	0.5552505166285919	0.6652660233939346	0.5514748404452081	0.6620460477543859	0.5515086655904754	0.6544346132412688	0.548348506672617	0.6585664650046354	0.5477907562782139
0.4946189229370507	0.5295530185742421	0.49616092358751795	0.529198499013965	0.4829946242842801	0.5316872503062309	0.47949611563345584	0.5345162001003799	0.46989743743667384	0.5366430339014606
0.4974067957709774	0.5362434267307395	0.48820185396901855	0.5418030723137411	0.4980542817968768	0.5505654677413419	0.49877189998001537	0.5555216634860474	0.4781157961828488	0.5606647017866672
0.4883757865516012	0.5030571391591452	0.47551765502972276	0.5031291242628725	0.46675088164856293	0.5043389622533724	0.47834970462265275	0.5054559418818678	0.4921200437164737	0.5079086747612334
0.48913732376610597	0.5537711827883037	0.4634307362208409	0.5552858266310607	0.46836969004084067	0.5542211672528985	0.47119723141145053	0.5557463641814778	0.46094077942224765	0.5559137872232279
0.47987180655458783	0.5623958596455397	0.4877499884939605	0.5614565124554328	0.4670049960269446	0.5603422576903525	0.5007294639773818	0.5595953116604272	0.4834645249506012	0.5599920883422838
0.4600041792175814	0.5727726669091046	0.4901518523765281	0.5733304927955142	0.46470275421980856	0.5742567578606195	0.48483914282345963	0.575414907796588	0.49347460622208744	0.5760911909116301
0.4682720210946729	0.5433353722939799	0.4912718726411312	0.5434348611930845	0.47365213087000074	0.5452075204668724	0.46607114634480373	0.5470532142654418	0.4915717444137182	0.5498182377792546
0.4722407756681103	0.552090232703205	0.4839485840171328	0.5523678619008697	0.47801186773795135	0.5539853954554312	0.4605228607620197	0.555054806091531	0.4727613100776549	0.556342513472902
0.4917077992513401	0.5290548336372632	0.49271065041947704	0.5307193055400833	0.4924851544069992	0.5337539507015233	0.465903280307166	0.5378936648114696	0.4965551535249934	0.5441230953974228
0.4829031419574311	0.5102865393495409	0.4633377564793868	0.5117362057849074	0.5047069376018984	0.5148821662806127	0.48002256288315354	0.5195158931801069	0.46972105066154185	0.5252292080382007
0.474377702750545	0.5684892145691522	0.4844233932870725	0.5688154882123008	0.46036326845030034	0.5715317879117446	0.4909164700645515	0.5751814386113975	0.48455559514047236	0.5766327160863332
0.48275218466814057	0.5016937800405518	0.47777604686845027	0.5035480311920232	0.4786275810322842	0.5069981196183981	0.5009146801270975	0.5114714154226206	0.4784789167233261	0.5163393737173921
0.47100944610859186	0.5683154652973054	0.4696057436969769	0.5690098144074364	0.47064813202674455	0.5709439328412029	0.48285335709039695	0.5707330915658505	0.4799498481312885	0.5714853969119025
0.49553711635905273	0.5580103665840237	0.5034129646091414	0.5620247616244699	0.48334044402454435	0.5654570820799393	0.4711559257663516	0.5665019025379642	0.4819437602991243	0.5677311833703275
0.4740501082720513	0.533406181036633	0.48897133142444027	0.5346072834385059	0.4823384264274782	0.5371570765948287	0.5010924452807581	0.5399382463046999	0.483049513127853	0.5424517333519623
0.4821157599465985	0.5229700556509197	0.4937852256368953	0.5245097195011346	0.48769734051828595	0.5279556219454277	0.49275511749703405	0.5322442617298611	0.46871740156562847	0.5370091959595255
0.49151897381369164	0.5412604917657092	0.463402868288207	0.5405680624664546	0.4733784356559027	0.5426972400404608	0.49700302456841156	0.5439230601231833	0.4662174510934888	0.5463770945559115
0.49329485219014546	0.5399676136077556	0.4977492427282918	0.5413919584743192	0.4798868692860995	0.5427463938801553	0.4937108058822901	0.5451651495315422	0.4774680071019883	0.5505191279456444
0.4908630251717321	0.5393091860063369	0.46992410262866496	0.5403914061929609	0.4881304006940585	0.5410602871675432	0.4904285383690148	0.5433455609280256	0.46092107699563034	0.5457981866882554
0.5004698391079992	0.5495888134255784	0.4778967715929039	0.5515535883905165	0.48780231952976394	0.5520576128128689	0.479986794618845	0.5528421149386102	0.481068692365527	0.5533741630149579
0.4842558223599895	0.5224210977296545	0.49044948980784686	0.523791979992461	0.48978352594111074	0.5261297813159579	0.4987633037422063	0.5290521767686225	0.4927154177204468	0.5326136723430545
0.4827550184437493	0.500156705838868	0.4759086568500308	0.5028094289228638	0.46720177530255663	0.5085850831689485	0.46042813923661724	0.5138242871772434	0.48313731161072726	0.5212390259307957
0.48450428585477706	0.5332131134493953	0.4945806273936226	0.5352179540511552	0.46962418689726443	0.535865024502052	0.48002836236298324	0.5386963476531912	0.4855559064459488	0.5415194408135098
0.46799863665975455	0.5540555824447957	0.4634320799691269	0.5561370575083353	0.46854617153031963	0.5548913329867498	0.49832342576326033	0.5581524757789292	0.4974545742101737	0.5588351758188401
0.4869189985429427	0.5104409727991652	0.5097665022944065	0.5127463966535323	0.47769696886967955	0.518264579006799	0.46730349169718677	0.5233614658113944	0.4682041805379226	0.5294300485747736
0.4852496317215434	0.5605385248251505	0.4937521886928413	0.5633306230321063	0.4838427246671991	0.5619721156576097	0.48713895110506206	0.5635935417370052	0.47505470040994857	0.5707796619825751
0.49979819113239166	0.5331983340262275	0.4737359448944838	0.5335971865099216	0.46873543408700974	0.5357555716562015	0.4854077191218735	0.5377971514268749	0.4945249276897215	0.5401535932343929
0.4768343510621958	0.5219987747776574	0.47038759347557035	0.5236359074472374	0.4788606071216526	0.5245292889055617	0.4966331657798553	0.5275506048068986	0.4983937312877467	0.5312706931887486
0.4761579067421766	0.5155540367358069	0.4728870902872276	0.516793534443599	0.49151398980562583	0.520083988156602	0.49591283441980843	0.5241168677743947	0.4608826130320045	0.5306383709893383
0.4692899414570401	0.5450732522617653	0.4976808088289466	0.5460024657220691	0.5029256600806787	0.5481792387592991	0.49417867159206486	0.5507786108804879	0.5051549046475127	0.553756052723989
0.4987940887684865	0.5688125121378377	0.4835242191696123	0.5690453765950036	0.5018284414170375	0.5713891592252598	0.47532004536261935	0.5732130153802508	0.4858684364754358	0.5743399616875381
0.4671250440950202	0.5389859195199399	0.4856973918395099	0.5392267905390914	0.4771114868524321	0.5384050688861789	0.4942069985352435	0.538947659678949	0.47905176479055334	0.5387924457249876
0.4689630806879534	0.5374371775991186	0.4669843345445061	0.5383644080984056	0.5037898001020326	0.54046126476414	0.48484402980663827	0.5427152001208589	0.4939680349346811	0.5455697813315437
0.47412158457920817	0.5305824896508665	0.46338076988152693	0.5325561537322907	0.4762345119681376	0.535784532679717	0.48497699782657216	0.5414016944010307	0.46742479419849486	0.5467149450207313
0.47720161189326865	0.575979351974624	0.4777505769837945	0.5768493889189575	0.48890561757730583	0.5785444062072584	0.48115006189841014	0.5785375851215664	0.4882442154537676	0.5772494664265536
0.4982714906013175	0.5678944278854319	0.46346064686070004	0.5716417972252571	0.49450981362916785	0.5750330553740951	0.49285284377983396	0.5780836708703655	0.49084416668190867	0.5783427372146835
0.49580174034959124	0.5159146978607062	0.4633492582805326	0.5170738775174403	0.4848624077499097	0.5204436214266907	0.47971592549671727	0.526084494891921	0.4802443981609218	0.5323781544562246
0.4783961460315624	0.5634914242733918	0.4710002877843441	0.5661393252746169	0.4884697257452092	0.5720302133762061	0.48113278633915185	0.57505814880151	0.4609758820562494	0.5779974109194405
0.4861675778253252	0.5316103747281734	0.48835318364810254	0.5315976034467075	0.47932246826254155	0.5333210434446797	0.4709863750722868	0.5363540450948051	0.48765002769396015	0.5383550597982739
0.4843715170752495	0.5709549408559287	0.4829532491735235	0.5744469987973854	0.46746182580007717	0.5780171917509073	0.46056778550846666	0.5819156656150447	0.46826935557036725	0.5834537134338753
0.4855380699791862	0.5378940608775781	0.47032053921125644	0.538407418179177	0.5018982862103597	0.5411681577197746	0.4990305159488534	0.5439940742725942	0.48036109966714635	0.5476518499987431
0.46981269926362396	0.5392887967149961	0.47066281952311007	0.5396793872256143	0.5014942206934405	0.5399569157790846	0.49777081740702916	0.5436763172990129	0.47252419089887676	0.5455121923893098
0.49186560714702227	0.5179754204397454	0.4899985160586653	0.5193475606443674	0.48813346525421625	0.5193591551294332	0.4992717420047412	0.5221466241544178	0.4858344531933302	0.5242178680591185
0.4774750408079503	0.516607224675657	0.4939902527346278	0.5175809420433602	0.49489149958698053	0.5206691565364229	0.48499634603088027	0.5237445206090058	0.4859914802585835	0.5277075933006938
0.4755071048082108	0.547960018429182	0.48687681460458226	0.5487492406309851	0.467032267915052	0.5504036919485882	0.4743574782538195	0.5515395307921863	0.47488470932044047	0.5529644320144379
0.46981417397577374	0.5544304322627895	0.5007207168386356	0.5548441851187864	0.47779249643223876	0.5577661534975632	0.478993976439932	0.560172917683194	0.49269519312439825	0.5618146734956274
0.4776416215121737	0.5353363986132988	0.473774980139622	0.5364546446707207	0.4748426607870119	0.540449330008282	0.47308527747054746	0.5439290462662114	0.4875189427536727	0.5481857510352207
0.49089933052613427	0.5756744034254826	0.49210721527149276	0.576283593721515	0.4922153071355688	0.5785748805863434	0.5015985291576146	0.5751417678970224	0.4967639012024271	0.5725369609576316
0.4983341185720928	0.5237137707136449	0.5047412009234936	0.524816261201201	0.48718881707282763	0.5277303181317224	0.4698811801275287	0.5306714637107128	0.4832482360447032	0.5342405391863169
0.4913393962701282	0.5380100029172024	0.46339926101325934	0.5382842236955842	0.4908008533164843	0.539118564924172	0.47630552946082544	0.5420041080217437	0.48965583830495363	0.5434982053419591
0.47251230154791923	0.5371588940297796	0.4906320375231844	0.5351912650439663	0.47388977428292994	0.5389503662619689	0.4867514413418121	0.5400593427390588	0.49844847832278777	0.5438044839224798
0.4693666135557524	0.5216906951452126	0.49432528999489495	0.5227313002252989	0.4738996467547125	0.5260048022615337	0.49005410422819917	0.5303008316305465	0.49446826070916094	0.5361490140589882
0.4948717049711056	0.533795726236586	0.4726722052963045	0.5338072480659752	0.48459777556958256	0.5350439899840983	0.49917614355141576	0.5386646191817979	0.4896572370066344	0.5445811400210572
0.48498794181966	0.5134206524180691	0.48180159677933476	0.5143355858773901	0.4788542126136638	0.5165255621552444	0.4644227599569614	0.5180919701329214	0.4935693235558016	0.5203522757831804
0.4893592458447568	0.5392534930378392	0.49407450223905425	0.542700187767442	0.4603078339229519	0.5480243893892542	0.47158426464129083	0.5527277035792084	0.46919392017492806	0.5577299634460928
0.4912043753478996	0.5764433183214825	0.4634781747438663	0.5765403016123468	0.4698365288878693	0.57842056040812	0.4858833514597523	0.5771952783039073	0.47585945639810096	0.5730724323709812
0.4600041792175814	0.5273534443262836	0.5041190591809893	0.5290709590293257	0.4602804953060098	0.5339000112381946	0.48629163498100014	0.5392976762328756	0.485199744750679	0.5484293462492733
0.4788786578426804	0.5235746366338341	0.4798021603105005	0.5258040113622329	0.4602741188962255	0.5297276475087412	0.4802893691886373	0.5327427528344061	0.4910403532035999	0.5364860877674378
0.47599678050724636	0.5146274299441935	0.4943193332692631	0.514886861887201	0.4708939195944198	0.5151683526677451	0.46791653979216846	0.515766197477632	0.49870828480644275	0.517133045394228
0.46373363034714543	0.5279107034811311	0.4726902856585804	0.5287326120717197	0.46810998326644887	0.5309669352880187	0.46896931975477607	0.5332423531594737	0.4748258200304285	0.535926252872701
0.48102975825356653	0.5321163340266631	0.4800753082164087	0.5323710708724958	0.47360116126756663	0.5358424502016518	0.5034192440015303	0.5385867987123034	0.4765975990280273	0.542151360911085
0.4802191349056872	0.5306276200710146	0.47207711380951206	0.5307120406557532	0.4854428338190208	0.5293124981007966	0.4748875154440039	0.5300717776778626	0.47632593445353927	0.5312320795815119
0.4879455246393653	0.5523582658493381	0.47010373847155723	0.5519040224593063	0.47855904110963654	0.5536680972308249	0.4605219754215751	0.5529450509448761	0.4609395967480364	0.5577118429438369
0.49974380383667133	0.5619369249151731	0.4854570946272249	0.5620509996297516	0.49266659050165856	0.5623828183217937	0.514108783124044	0.5649972415648626	0.49334638962564625	0.5694445575690518
0.4863035494168704	0.511722511749774	0.5001319133680149	0.513994022698728	0.4860228695634201	0.5195460389775601	0.5043945976715722	0.5245705214411464	0.49494445031066137	0.5302400740548084
0.49655049016431796	0.5269848023262973	0.49723099381585617	0.5278416662669346	0.4712375816345805	0.530729930063111	0.4951011885026978	0.5339651854277602	0.4680492331129065	0.5391807002753781
0.492148985537951	0.5531005386214082	0.4708114233581079	0.5512697118038086	0.47077419317036917	0.552020090659628	0.4716912022217865	0.5519721600978614	0.4839829524617568	0.5534208687638009
0.4979047461478842	0.532163253141315	0.49687753775619814	0.5351625704875681	0.4692831064231497	0.5394782293324097	0.49339268127094255	0.5443149313891359	0.4697661177245012	0.5483380845740059
0.4600041792175814	0.5377430936856368	0.5051554815368005	0.5391473137110332	0.4603007788175824	0.5442465709848441	0.4706121009706691	0.5473664505800615	0.48092566187455327	0.5514712686231864
0.4653487254824384	0.5122174078923666	0.4788277750639696	0.5136582793960279	0.4602493233206027	0.5167432088546533	0.46044451150806914	0.5204329113486668	0.4735763323501527	0.5271722551687608
0.4927096541135514	0.5233775281664265	0.4687838017250153	0.5247752636887919	0.4778909440250454	0.5274422932575578	0.46046712758932046	0.5304557027015898	0.4991971380273163	0.5335761661603593
0.475341052461779	0.5574369562467265	0.47534333634330916	0.560283007970384	0.46034170323309054	0.5606225750028373	0.47360568076887755	0.5619562788340731	0.4853055439796462	0.5616300086068358
0.4600041792175814	0.5674029336823876	0.46345829390425797	0.5680989636496792	0.5036912478419104	0.568535421751436	0.49653909862790085	0.5708798996478879	0.4980058634388759	0.5725987765126272
0.4981360127257626	0.5272081995778232	0.4854012550210799	0.529104939746003	0.4840024887025178	0.5336795541270289	0.4810025404521087	0.5379064953556539	0.4609093063376335	0.5445463870067748
0.49070176511227415	0.532004811881099	0.49314013234621734	0.5322210128478964	0.4793195164145901	0.5338375577060086	0.4882730119207641	0.5361324496475042	0.4879538422188802	0.5385570198278055
0.49735230992491	0.538525286270318	0.4801651845625795	0.5401351219423285	0.49139897582010816	0.5429983590701174	0.487681673067894	0.5461247405436395	0.48041735176485517	0.5497959125040273
0.48370517340125385	0.5213877985949472	0.47495502157199593	0.522461919522527	0.4997850320123747	0.5231563759968231	0.4909631521303196	0.5272840822758261	0.492547944382133	0.5324616184535875
0.4966447109803731	0.5668919547484668	0.49303927823051624	0.5676118013659972	0.47494801403440146	0.5688479948543433	0.5007524019345756	0.5705711701505937	0.47908261139701175	0.5722245084632924
0.4964377800154257	0.521228819085431	0.46949850469895626	0.5210973070105247	0.480013842583489	0.5224165665810856	0.5044407142872754	0.5260770830192276	0.5029103613538569	0.5275723775246253
0.47148671749405585	0.5676427447983255	0.47206300736510476	0.5678913615612212	0.4684331855012448	0.569304836542811	0.46055465111254823	0.5735451190264688	0.4807659626546455	0.5749966212600247
0.48358713418204613	0.5466650183353365	0.493097838982281	0.5466321736645772	0.4863511307406756	0.547549731674467	0.4837422184461809	0.5485095382816232	0.48662212937309535	0.5522242148675772
0.4883364420139618	0.5158715400327574	0.5018086087835713	0.5175207416860064	0.4646837248350842	0.5235636813308177	0.4604591307964965	0.5282992425642985	0.4803368625600684	0.5337435475251225
0.4880062829087446	0.5481600950348813	0.48154403602668394	0.5513132720588432	0.4806235323545302	0.5576409354725513	0.4901133394618018	0.5621225679710069	0.49971214925013796	0.5683416374793098
0.48160885368987116	0.5226587029525217	0.4728272801743973	0.5231179185496622	0.47098024857045556	0.5254516645368089	0.49842348299947153	0.5282246414751298	0.4723740590808725	0.5308289024703852
0.46856690611415813	0.5456131120890367	0.47198894347140213	0.544254427904558	0.4874320544832052	0.548203113323133	0.47684151414540554	0.5479363142855443	0.4996336665688598	0.5510857615404287
0.493728123134811	0.5515900970854188	0.47924457683272315	0.5504154258266358	0.481780504731349	0.5515715000286997	0.4778761507728835	0.5529352936502252	0.49911503184694145	0.5554904327587258
0.4753087907949655	0.5590992610225042	0.4784898587887243	0.5605967153850959	0.48189416304505006	0.5649729199197053	0.4758297230005719	0.5714541949325435	0.4916153153046813	0.5771746747996881
0.49608369259750235	0.5656274835979048	0.4719881324653207	0.567341010741413	0.46927104985260715	0.5692013181072398	0.4819178204654209	0.5686852374462702	0.4785095618472677	0.5702734202562108
0.47276968605231345	0.5232935139737026	0.4917387896107119	0.5257134880829751	0.5043869780768172	0.5312340560879213	0.4626296449438435	0.5366663282444647	0.46978096601645764	0.5438976411750863
0.48396193838234575	0.5692419134422588	0.49707340849673154	0.5710919931164111	0.4730851285384115	0.5754697781228129	0.460567444293185	0.577721613848319	0.4786310695741454	0.5790546518415358
0.48832108837629384	0.5209301433575831	0.46336348195011606	0.522437974019771	0.4991619698916901	0.5238213900747392	0.4745856798246943	0.526408762335217	0.49328235912509555	0.5301087494583183
0.48005826497076065	0.540007024156811	0.49329301109619594	0.5403061065999656	0.47340456465135133	0.5410675874096179	0.5046392982025016	0.5433601852177748	0.49916551456382163	0.5475576081806242
0.4784281779617161	0.5534138330408512	0.46887457103491514	0.5537013558689678	0.47060409874034137	0.5551500320637273	0.478299533452906	0.5565690632963536	0.4980870691599918	0.5575229628849087
0.4778086434427677	0.550823234814838	0.47610117406717334	0.5508246899726738	0.4824727010524448	0.5530084470642921	0.48385985369882617	0.5529733726775725	0.47781279320880277	0.5548535120640741
0.4760681030163711	0.5570213736209695	0.4714262346819501	0.5549349858392986	0.4603336681998237	0.554721758855715	0.4970956842484346	0.5508494798833161	0.4609346416164558	0.5529823411841565
