0.6027161748810266	0.5134536843286444	0.6021593526784543	0.5129752034516171	0.603036985922944	0.5140257758020733	0.602578599754632	0.516022213602469	0.5989783772301918	0.5164919744521035
0.6090412799366448	0.5344846904609346	0.6032281810390502	0.5318872401775057	0.605568604240492	0.540999993711271	0.6236564980668144	0.5496889093124364	0.5993509383306589	0.5565156611191115
0.6105292297123013	0.5579432351278246	0.5971629699450889	0.5576256926552944	0.6133193763697394	0.5584592814126287	0.612168114836178	0.5603235087155346	0.6150348846858655	0.5611426277104518
0.6128174858095394	0.5530172528559888	0.5989777808121556	0.5546465191882363	0.6112982476788691	0.5515479389992045	0.6055465342244537	0.5492445800643179	0.6060009498716497	0.5492597023529892
0.6069237176827607	0.5502089878760199	0.6171859760102086	0.5476822795867644	0.6116491589695306	0.5582393225607855	0.5997579205554738	0.5682206435336232	0.6075210368107072	0.5731433278070841
0.459846418954381	0.5270298332499752	0.4689175370822241	0.5250625001318012	0.4660675038671819	0.5330404291273485	0.4738110310893283	0.5424963617264982	0.4604557952734562	0.5443096921895281
0.459846418954381	0.5635749258257428	0.46667506948500714	0.5617355593193607	0.46035045291023935	0.5668290817373594	0.4706810922734102	0.5708801976662894	0.46051612068823927	0.5737501862650023
0.459846418954381	0.5569348033436233	0.470313857033394	0.5560967236206518	0.4643169046320182	0.5592437166071832	0.4604856550374401	0.562570851958263	0.4709493585115845	0.566076888402098
0.472580710332698	0.5719209007721626	0.46037493319720507	0.5714503469617668	0.4603709750203085	0.5730414858429798	0.47267453001129883	0.5745883529824417	0.46698950094065134	0.5758064831535277
0.4663649183167984	0.5524391597550328	0.4679299792649478	0.5520255325438634	0.4603299156403804	0.5532352681431878	0.4707326264250403	0.5554687346093697	0.46646269215082764	0.5575649816014953
0.459846418954381	0.5143098108186546	0.4602532668472596	0.5134719827979114	0.4602484558875952	0.5168923677267188	0.46039628244158376	0.5249280624258762	0.4604201027313533	0.5336165514595269
0.459846418954381	0.5321514575356128	0.46029092280176265	0.532197596958814	0.47000016414478574	0.5301054555524785	0.46042416977965583	0.5291550433625227	0.46042825594396175	0.5300324880047814
0.459846418954381	0.4960744195570965	0.460214758741753	0.4953062443718576	0.4602100115739791	0.49829367286153153	0.47041762525772723	0.5011683210539504	0.46036967555451735	0.5030773631705664
0.47024518636175405	0.533813256715554	0.46029443277191334	0.5353405927448894	0.4719066122684335	0.5331897586446257	0.47161034116044004	0.5299658680012017	0.46856212703999506	0.5300330146949006
0.459846418954381	0.5161501821603104	0.4687231094184506	0.5147015145955167	0.46025982832761675	0.5192886236871969	0.46986149020264323	0.524223931250511	0.46541660138053237	0.5283195004640328
0.47268762700813116	0.5152713507630952	0.4711676552154323	0.512954159121125	0.4673373212899984	0.520405139497632	0.4604124826215166	0.5318868462704058	0.4604535652369164	0.5412762506741209
0.4657389645481817	0.5227270881189403	0.46027100655742115	0.5234586928300752	0.4694410463012891	0.5200525037404771	0.46040295700113687	0.5172675293255836	0.4604037554650804	0.5167694693884036
0.459846418954381	0.4961824521732629	0.4709481671140299	0.49473238199902064	0.4642709847675247	0.4994040120430869	0.4603593876651834	0.5033359216451625	0.46793293179883544	0.5071854648267992
0.4624466985499332	0.5574259312151049	0.4603443175530007	0.5570338836522081	0.4683068896032065	0.5581754053879175	0.4604834116937516	0.5549860707947845	0.46048412098230956	0.5521031451839928
0.459846418954381	0.517509320267333	0.4690105346569952	0.5177196955908453	0.46025718385456926	0.518528356535268	0.4603997092745544	0.5192654055678724	0.4656245424192821	0.52178588279505
0.4680384815351504	0.550103329153403	0.46032882872802083	0.551877944160642	0.46956863451971387	0.5482499015560087	0.4663635146778468	0.5459713881903108	0.4709788896767901	0.5445337290503565
0.459846418954381	0.5549066183813969	0.4672742786133081	0.5539867454402093	0.4603340745352833	0.5569182791332767	0.4604780475080954	0.5597424010253141	0.47049541142703205	0.5621145350615573
0.459846418954381	0.5477987636607381	0.46931049962375254	0.5507799019799549	0.4603272474363779	0.5448518669795279	0.46046090238500653	0.5432360258390427	0.4604738549793312	0.5400496680957677
0.459846418954381	0.5547840835858626	0.47447011786513404	0.5543689493281418	0.4662495767240939	0.5563475874335189	0.46047955477212826	0.5579748469683339	0.4675197495668646	0.5578431117610151
0.46910926461747465	0.5482169521740918	0.46032486654908217	0.5451989669695846	0.464103783885735	0.5539913421480734	0.4604703440205076	0.5580306221130612	0.46049106436069115	0.5602391687213071
0.4684531876767107	0.5479169520803212	0.460324232996963	0.5481347266128539	0.4688569256423674	0.5468265950365233	0.4699379319338113	0.5450054742478296	0.46930324084644465	0.5425589721071801
0.47250668125762546	0.5584242453869042	0.4603464269666014	0.5571318159363368	0.460340715734714	0.561850681081474	0.4724444493252729	0.5662638509924949	0.46051063983204327	0.5702114600682832
0.4713622965339073	0.5650446069161658	0.4603603993828531	0.5638297491722563	0.4603548822327783	0.5656618579037948	0.4725457163526784	0.5670294756281317	0.4694799796188629	0.5686193354602541
0.459846418954381	0.5608609915915048	0.46880231136562195	0.5602541407415637	0.46034728458876395	0.5621471235456846	0.4758775467679712	0.5638346000636227	0.47134161236950517	0.5652164346196602
0.46615102047345613	0.5149170918568227	0.46025456002195614	0.5141885034477588	0.4709601470892011	0.5164860734128615	0.4716526691920825	0.5190586503105035	0.47019732868981007	0.5210522405660369
0.459846418954381	0.5365886450147209	0.4603002948114296	0.5364911477216556	0.47006020906539603	0.538315769020739	0.4682922706956882	0.5403557890635085	0.46045915868026494	0.5421473036214074
0.459846418954381	0.5677125941357771	0.46805450006054655	0.5652953261536158	0.4603580164372173	0.5707264869786428	0.4730525446522595	0.5749069976775762	0.46053746112253385	0.577983278786194
0.4724878909120201	0.5228410282335365	0.469245575429241	0.5215320446279895	0.467007368473002	0.5263808031364833	0.47406780172803087	0.5343578650163011	0.4604425030512331	0.541422758584017
0.459846418954381	0.5604459432976333	0.46905155064675724	0.5595594226776531	0.4654098132054398	0.5624712444334714	0.46522254264123036	0.5651595837594906	0.46050373158949814	0.5671881813865144
0.459846418954381	0.5431463359367483	0.46892309604959476	0.5396747526214671	0.4603038477123904	0.5503440375751648	0.47475289907753615	0.5605171031064947	0.4604967906049344	0.5685939836702051
0.4672792327719008	0.5709122310149184	0.4603727931053242	0.5703104170462245	0.4637138004433427	0.571762700467006	0.460512094021131	0.5728997934336827	0.4605203484948588	0.5736093591642369
0.459846418954381	0.5530368934288363	0.46033503631390643	0.55199071379407	0.4603298417575284	0.5551066961517411	0.4604769475613876	0.5580238855331842	0.4720896032484919	0.5603792919551214
0.46961576983514297	0.5323591454455912	0.4653492334157195	0.5297738819834685	0.46029311048873556	0.5402809726745337	0.46045696719942864	0.5512393825517401	0.4690646747676631	0.5606062875285848
0.47051362168710276	0.5434385407889791	0.4700122954879587	0.5401705578573287	0.46893221786051076	0.550395717212799	0.46811117489474535	0.5607571887324572	0.466393228523805	0.5682926426460849
0.459846418954381	0.557197253356132	0.46886237853894647	0.5564919162720461	0.4603393391121896	0.5592292504838671	0.46048306102247466	0.5597670301466593	0.4682224376632	0.5573798618842719
0.4642098398949214	0.5605787977234299	0.46035096657633584	0.560097446948258	0.46943402466778256	0.5615131937223766	0.46655140595703415	0.5628683130848926	0.4604984394629723	0.5634347210820159
0.459846418954381	0.5488061257173688	0.4603261110826891	0.549924868304106	0.460325427970367	0.5472948728936968	0.4604596549197206	0.5444787483712711	0.4604709178376855	0.5421186472641957
0.459846418954381	0.5330696567103176	0.4681886802951437	0.5339073112364653	0.46029148894225824	0.5309377257514193	0.4687752466913328	0.5287208863595141	0.4604281517896264	0.5284418464949049
0.47775929528106215	0.5733330683547414	0.460388230106716	0.5709409683977836	0.4603699112296195	0.5728666453118633	0.47066962644279436	0.574511701305311	0.4605315009557582	0.5760920638563993
0.46874014049710344	0.5601805827162909	0.4603501367929766	0.557520995635132	0.4603415841340212	0.5681061475679099	0.47254899699471986	0.5769745611277772	0.46817904496673846	0.5815371792070247
0.4726752266955433	0.5493485562707952	0.468479080671475	0.5493668542281802	0.46883072186466823	0.5465944178810055	0.47026560255667527	0.5442765686107469	0.46046011793848596	0.542672821355229
0.4694640670587142	0.5740357404308324	0.4603794022484526	0.5730425357205187	0.47627165313586406	0.5771653462058595	0.4691485753848465	0.580678010339727	0.46054346125308365	0.5837619812622029
0.459846418954381	0.5517502677600888	0.4725072897889779	0.5508187038657427	0.4687754202206142	0.5538452098943896	0.46466821058432384	0.556856212448987	0.4685848105736722	0.5591879724179085
0.459846418954381	0.5572380947310105	0.46034391023747906	0.5563974889361678	0.4603391619579879	0.5594598287499281	0.4674928291014843	0.562167225111551	0.46936646223830736	0.5642849134750969
0.459846418954381	0.5206588971906775	0.46546014415748366	0.5206733207780142	0.46879803731903896	0.5209286903608198	0.46040480584340465	0.5231602525048846	0.4604170754404645	0.5249839862239863
0.459846418954381	0.5587048259998096	0.465492806047321	0.5580010258589468	0.46034253077052056	0.5608239235223488	0.47201253134548304	0.5632348549108566	0.47332085404990554	0.5658402265119532
0.459846418954381	0.5138445885521108	0.4681544775254239	0.5153081512767931	0.4602521368482393	0.5143604852262738	0.4719092069805872	0.5141525865681597	0.4687517070992002	0.5143820267549756
0.459846418954381	0.5177166972312754	0.4602604239958615	0.5173382360258801	0.46025644020804224	0.5183383213109475	0.46786901820585397	0.5197592159207693	0.46941316632151286	0.5214127723301375
0.459846418954381	0.5531649959861692	0.46033531809326855	0.5499031504862536	0.47311744009927753	0.5598608297341788	0.46048560775384517	0.5643135368457987	0.46051171468160607	0.5673545293643876
0.46612764542762136	0.5356253915916716	0.46029828073584805	0.53277856524917	0.47361182610838076	0.543107224917735	0.46765619846210366	0.5531894565742517	0.46049110704318036	0.5613024869753153
0.459846418954381	0.551023853656256	0.4603307842970852	0.5500263722368561	0.46763037556937803	0.5530832949218988	0.47071936202839254	0.5560387863713735	0.4604863747229274	0.558321117246898
0.459846418954381	0.4997536058626371	0.4602225144298225	0.4997785604611187	0.4602192514372896	0.5003486611917463	0.4603613496281702	0.5003034016136703	0.4603675798723359	0.5010145684364228
0.466611980671231	0.5548194252768613	0.46033881267124294	0.5537608693307391	0.46033358598315466	0.5569768076035045	0.4604808714250019	0.5596744363461886	0.46706764968881803	0.5619543639855111
0.47153269140036363	0.5648199759331475	0.46627559031275506	0.5635245817387335	0.46035422409851434	0.5674821750891685	0.4681668869833692	0.5704407639476256	0.47205095853143475	0.5699777078609126
0.459846418954381	0.5352489981623384	0.4602974966036302	0.5330894344913516	0.4675745499166109	0.5429240059441868	0.4604514521181125	0.5538275310740162	0.4604924803941512	0.5625849384605699
0.459846418954381	0.5644563967901306	0.46872906774379824	0.5652843226188436	0.47232305369100797	0.562363414900174	0.46049160883682116	0.5583694776010757	0.4702802110056118	0.5558111056075625
0.459846418954381	0.52898959857379	0.46802809797681544	0.5306375038991199	0.46028458342268086	0.5278897181242705	0.4716886736671532	0.5259870364055677	0.4723340990573332	0.5266437728498823
0.4720106056522546	0.5469677768852065	0.4603222279670039	0.5451177629034103	0.4651320485238923	0.5522886620676901	0.4604767151242734	0.5554753303094875	0.4707109168489876	0.5574395762891563
0.4741032319027394	0.5618520099409717	0.4603536558927999	0.5614730315390711	0.4710957701304999	0.5627420138370233	0.4678114361014627	0.564338485675964	0.46050187036549317	0.5652392369099386
0.459846418954381	0.5055610303858182	0.47188087818893415	0.5054034169949312	0.46650563573039355	0.5071299826873562	0.46037728329790734	0.508414719040235	0.46825912532155906	0.5113666202107466
0.465817586470583	0.559846233395473	0.47264958329594137	0.5585410884470257	0.47071162541559924	0.5618093087687411	0.46657483655353216	0.5643513604531931	0.4686287593990677	0.5654082067440976
0.4674693026429861	0.5529683380467767	0.46573490901734016	0.5521056113560009	0.46767026926068517	0.5551446141461202	0.46777046605380185	0.558030635172858	0.47058417396353047	0.5604660724528024
0.4681276474123816	0.5655799781825138	0.467502366815797	0.5663044832427117	0.46036005751902237	0.563317590021699	0.46791757191446515	0.5593483179409008	0.4604976480088411	0.5566249618465374
0.459846418954381	0.5170316458861898	0.4602589770849937	0.519440885574916	0.460260907631531	0.5169806666462297	0.473985986713128	0.5179732071905447	0.460405431187312	0.5183865013416313
0.459846418954381	0.5244522302884737	0.4690003869940218	0.5242781248537995	0.46027112405560994	0.5264753042495313	0.4703018515914565	0.5287539201503806	0.4604313276278837	0.5312140710134879
0.459846418954381	0.5396756080121129	0.4725582435271626	0.5362148227385386	0.4668707210112949	0.5480606791784778	0.47170096373494047	0.5596022839786823	0.470621323116209	0.5677048329099476
0.4723112667176003	0.5465418859111948	0.4675530764403614	0.5441303437248866	0.46031324996733036	0.5529959786083145	0.46047008866373945	0.5570299337786468	0.46049286790143246	0.5592739561296074
0.4749177926795168	0.5499943352341159	0.47030723388525786	0.5513909761867368	0.46032847269547056	0.5484487607907083	0.4650420581561443	0.5451229509965372	0.46892523274907655	0.5431472480703315
0.46965943990460424	0.5556262029080318	0.4603405162300759	0.5547590694226681	0.47029131953528747	0.5578582996016175	0.4656730142174125	0.5604121656101159	0.4672638043050823	0.5621608922250951
0.46988460726118464	0.5439377497932193	0.4644409480593509	0.5414500842097143	0.4703794516201617	0.5511606425439868	0.4604659131599536	0.5601647396938951	0.46049813512864746	0.5648443151652881
0.4701965156927199	0.5593414653316446	0.46034835304478305	0.5586320066128636	0.47035895477812617	0.5605889570235159	0.4604885159169387	0.562388549316704	0.4672707179212075	0.5637466220427814
0.4640286804236479	0.573150808532409	0.470101804590037	0.5725603752757608	0.47203770090752284	0.5742690161692925	0.4671090903638369	0.5757976481373971	0.4605264126376324	0.576943789223972
0.459846418954381	0.5213314069009493	0.4683176321689453	0.5203302447077317	0.46026295945196843	0.5227984009343682	0.46295377015994654	0.5253258350151995	0.4748925608908951	0.5286529839024896
0.459846418954381	0.5424113470130405	0.4603126036017711	0.5397937547581318	0.46030407753972075	0.5488579858308917	0.4678699762410263	0.5540527625355396	0.4675622903276023	0.5565700972906754
0.459846418954381	0.5351419532542633	0.4707669230430726	0.5366450959373569	0.46029729910230155	0.5345563457495596	0.4766768177637912	0.5314634063118225	0.4704296880113875	0.5303080114417712
0.4713109529919478	0.5581035410975174	0.46034576007217987	0.5574014475016711	0.46034126270558795	0.5591725096843018	0.46918250978646775	0.557166360826898	0.4604988855320463	0.5558764335314019
0.4675958249272243	0.544767611851112	0.4603175700271476	0.5458227668691824	0.4603167081573852	0.5418646875985251	0.46994790112657747	0.5380405986903968	0.46579073984171393	0.5360808133579049
0.459846418954381	0.5203159938511509	0.4602659099690316	0.5181553053662789	0.4672352951269978	0.5246444845364643	0.46041188743417977	0.5300026044210715	0.4604385694098868	0.5333264391256268
0.4727094203867137	0.557069793671123	0.4603435547463748	0.5561501903132253	0.4603386389289765	0.5591711180772718	0.47118894029672326	0.5617985361338231	0.4685065345604076	0.5641292032472931
0.47202869004482845	0.5593953264801717	0.47242489167440216	0.560467009116096	0.4742752129337308	0.5574241954771579	0.47069993996871845	0.5541715839014976	0.46912447738659485	0.5540457818364373
0.459846418954381	0.5359032985151811	0.4603117247841453	0.5334652843299487	0.4602907028486392	0.5424308995723309	0.4655224296076512	0.5511685247153766	0.4604924121983715	0.5570503277411246
0.46568266744179526	0.5531782509212879	0.4707907572796838	0.5507189107607492	0.47081911047752206	0.5544634867511388	0.46975666267810856	0.5557780355714721	0.46048547343079116	0.5575165404932104
0.459846418954381	0.5616794567249457	0.460353301688979	0.5609535268668537	0.4662720344185179	0.5628382399973668	0.46049325083761805	0.5647177411682864	0.4605048503892609	0.565846576532931
0.47124457256864244	0.5599412479887141	0.4603496199243443	0.559033980788279	0.46034473805467063	0.5617907107235821	0.46049105178587246	0.5645195413098684	0.4747963563609822	0.5666675272020558
0.459846418954381	0.5600126977368043	0.46034977084270096	0.5590243962855441	0.47168215395605373	0.5634087488306991	0.47442016874259957	0.5669299485268873	0.4686997172986914	0.5707382790743046
0.4706235834903121	0.553824593953076	0.460336711333158	0.5529905963410432	0.4732385402456674	0.5559178793476218	0.46787890240188407	0.5587870371689827	0.4604908050055768	0.5610778810607083
0.4688341774557756	0.5528310029048588	0.46033461261420144	0.5519625529055483	0.4603297936217898	0.5550212708292763	0.4604767448644635	0.5578524851897979	0.4652491562234719	0.5601913656616075
0.4701469324392731	0.5454979635040936	0.4603191236807643	0.5470106619487074	0.46857687114585833	0.5437088957898817	0.4604528855195137	0.541262649488948	0.4604537732932782	0.5389922127304987
0.459846418954381	0.506461603888104	0.4602366814772112	0.5054128960811056	0.4660368440843524	0.509634537683218	0.46038028177227014	0.5147701531776377	0.47069632580209325	0.5193860043232654
0.46698683508441247	0.5578366737512813	0.47125482147386144	0.5570462437665942	0.4603405114752101	0.560025771382469	0.46048731619175115	0.5625345285602354	0.47047404222311084	0.5621597035541115
0.459846418954381	0.5554153057829193	0.4702463410570273	0.554576741551851	0.46971772041259047	0.5575347459149579	0.4604791634928924	0.5603983856650314	0.46049501473824195	0.5625745254856145
0.4706574523617185	0.5222341579370808	0.46026995485758204	0.522283503669784	0.46465057096981033	0.5217897821885988	0.46726231332941737	0.5218966394922253	0.46881982569602526	0.5221418024910993
0.4672071080280931	0.5521185547332379	0.46033309656535504	0.5511027285677544	0.4695879954847825	0.5543371201278758	0.4604728858310407	0.5571538242627577	0.46048812531854605	0.5594906092173534
0.459846418954381	0.5356804625601762	0.4680071543023213	0.5337353972589975	0.4603007126006685	0.5406757905436986	0.47145292103725706	0.5504626006350047	0.4669137998981314	0.5568421883636333
0.459846418954381	0.5619768830845064	0.46035391965345496	0.5615608724426955	0.46035005958280933	0.5620453018850875	0.46049158900876463	0.5638581949885643	0.46050301947577477	0.5649865039201438
