0.600763061516061	0.6460029141731921	0.6044767685310705	0.6460135829550548	0.598286369577366	0.6457342988395364	0.5994297128485346	0.6456332774241336	0.5952256820238113	0.6364489568281564
0.60574525510823	0.642820112377838	0.6028411303847414	0.6428594571124421	0.6092256345180108	0.6427229500022572	0.6120484351134159	0.6366010714189618	0.5982871840940118	0.6338429141027475
0.6045709955326397	0.6448538035809026	0.5986322898724307	0.6450617090624573	0.6148806558243854	0.6453141052320043	0.6058494567936085	0.6436934921568165	0.6086073660962278	0.6363563312671876
0.6189301585898743	0.6391677540130963	0.6016807518481357	0.6391711221495388	0.6055532956705775	0.6393205854052696	0.6049043393124133	0.6399345199544905	0.6047394975872104	0.6345189514455716
0.6063080220710106	0.6472552646129164	0.6142334764514794	0.6471669986548861	0.6066805435534275	0.6474159437990792	0.6028851592955077	0.6431607659759846	0.607838833683267	0.6410580266229973
0.46032722184733027	0.6471987675123237	0.46520147343035156	0.6473472908101883	0.46978006211752904	0.6474553166163115	0.4710150985901468	0.6433534388556214	0.4616142624715447	0.621738784559866
0.46032722184733027	0.6456133585994553	0.47113631808776524	0.645766013645514	0.46069189214269907	0.6458065145229351	0.4695175226453123	0.6443881858440548	0.4616147000866423	0.6403992345026948
0.46032722184733027	0.6434907716626866	0.464919137960773	0.6435995214776731	0.46978974349256875	0.6439444785220518	0.46146423973224326	0.6419686890782125	0.46962393414868275	0.6375692090504347
0.46881781117075894	0.645125454558616	0.4608649992224761	0.6453173471623737	0.460690983106652	0.6455587304147914	0.4677463346402354	0.6459787310946803	0.46819610210197093	0.636995405504503
0.46714261530630397	0.6448302102558613	0.46762325306022934	0.6450459419989099	0.4606903600430588	0.6452991522027984	0.4746888121264038	0.6435087828404351	0.4750180440649608	0.6352826392853802
0.46032722184733027	0.6438900618990266	0.4608624186620218	0.6442473911182915	0.4606886086372059	0.6440230116477597	0.46146442137618976	0.6354457928763563	0.461594403348426	0.6349103394542654
0.46032722184733027	0.644343601583254	0.46086332865125473	0.6444496903675672	0.46676127776962795	0.6442487133046879	0.46146486566782735	0.6441640448088286	0.46161696596641133	0.6346127238484629
0.46032722184733027	0.6440954280539979	0.4608628587282726	0.6441762482879755	0.4606884619520104	0.6402629520983614	0.474334399629474	0.6315652677878303	0.4615892519368899	0.6342580122995001
0.46921732042414804	0.6456341573975896	0.4608660938736553	0.6456249256214469	0.47353714382546575	0.6454268424775305	0.4675295683054303	0.6452435880307583	0.469275669029894	0.6355365980492922
0.46032722184733027	0.6469128855506141	0.47034342657441236	0.6469610588620178	0.4606990586452196	0.6438900567998501	0.46568450907415226	0.635466502427376	0.4637746622415557	0.6305592599320444
0.4683322147570417	0.6473867864370051	0.4682682521657792	0.6473294605432439	0.47006268701629594	0.6473208539738328	0.46147495949686335	0.6403130097942895	0.4616134806334546	0.6275343934344908
0.4651360661336765	0.6456398687368898	0.4608660928546646	0.6458077455425562	0.46978150404930163	0.6460236559677325	0.46146867184342627	0.6464049947647694	0.4616178552981872	0.6392946295398282
0.46032722184733027	0.6441402937643042	0.4675536088142095	0.6438073046297745	0.4678390404603336	0.639761400608781	0.4614552956222045	0.6310563058151654	0.47264592312583054	0.6323808086618926
0.4692785303838797	0.6452539392685243	0.46086527453039233	0.645450732398844	0.4719435182767385	0.6456858566639143	0.4614679607381901	0.6460883384423404	0.46161718959932463	0.6374780139061245
0.46032722184733027	0.639886220727805	0.4767130799743557	0.6399667913042704	0.46067970352593207	0.6388381428204554	0.4614532368512773	0.6419405709178837	0.4728258181707715	0.640961130732466
0.46900582523278245	0.645437886701276	0.46086566008050245	0.6457136227757221	0.4756105602150587	0.6459676306233727	0.4700094659663657	0.6463542569901288	0.4690389774404468	0.6390221940957127
0.46032722184733027	0.6446932825369014	0.4674956737680529	0.6448098257417013	0.4606898784077754	0.6445787110050651	0.46147015199952035	0.6425746663876603	0.4659136030384859	0.6332870282318194
0.46032722184733027	0.6436447657794035	0.46747737437009174	0.643614564124765	0.4606873638981475	0.6435420728426174	0.4614672220537551	0.6434207360833843	0.4616204729783303	0.6348549680690305
0.46032722184733027	0.6451891418351263	0.4727085343088075	0.6453747916934971	0.4706048240051876	0.6456188824138598	0.46146781711784907	0.6460258968072886	0.4720430760905096	0.6371003728105932
0.4712514009784572	0.6426868876677099	0.46085982725439717	0.6427571409155403	0.4754223083905974	0.6427115041215257	0.46146720926216994	0.6388334918951013	0.4616069409769186	0.6355719585330941
0.4675364148837981	0.6453791003846284	0.46086554271666985	0.6456090301904954	0.4723226103392157	0.6459227940174685	0.47095629857134996	0.6461681217581282	0.47197635752193906	0.6358639946142999
0.46703160000331173	0.6461405951257815	0.46086721464198765	0.6464855200754648	0.4606934098779632	0.6467058424560892	0.4720828376155152	0.6450600143297307	0.46161950244837313	0.6408276882034726
0.4670263119137498	0.6448590913409339	0.4608644686498129	0.6450670144001741	0.4606904228502542	0.6453218779192293	0.46678574936645606	0.6438772579996052	0.47280439090712556	0.6363476920513089
0.46032722184733027	0.6451696714918507	0.46637634109978926	0.6453634374356881	0.46069107232524575	0.6455923699924153	0.4754621404117119	0.6460263046599304	0.4697872723603918	0.6371516065354996
0.4709709637845141	0.6441237098892314	0.4608629193316321	0.6443733934695339	0.46620554787621654	0.6407557659330304	0.4720851011031653	0.6320762650710762	0.4654629202955591	0.6343363294922667
0.46032722184733027	0.6473798637899081	0.4608698343160389	0.647676100175449	0.46752136129407784	0.6477895713231315	0.4681442295754709	0.6490688839409853	0.46162767898889845	0.6431970076317554
0.46032722184733027	0.6486685916391417	0.47165423989463834	0.64885924851389	0.4606984972885964	0.649068306302261	0.4754657962067251	0.6460661981418554	0.4616207767372172	0.6407357544453289
0.4709079916007599	0.6510844762057926	0.4680310181445881	0.6510868109314478	0.4686985747985176	0.6506343378583828	0.468368554079165	0.6426558562795956	0.4616147066176722	0.6373993484143118
0.46032722184733027	0.6435514604671719	0.4714311376996755	0.6435853194920864	0.46667357462501247	0.64351069866081	0.46980948890908886	0.6433036608107683	0.4616160911488037	0.6342623287781225
0.46032722184733027	0.646728048577437	0.4698916345533097	0.6471233168522073	0.4606947809132365	0.6477876906552241	0.46592873033543686	0.6423059909600698	0.46161398641927753	0.6409628816296996
0.4686818897301035	0.6449730064832923	0.4608646993375294	0.6451835077452625	0.47066883775914764	0.6454156869363947	0.4614673946457848	0.6452185337654918	0.4616212282828267	0.6366774732354337
0.46032722184733027	0.6452591955757921	0.460865312575029	0.6454531578655548	0.46069125512875003	0.6457445163832961	0.46146809979829867	0.6445625469643683	0.4733132140992	0.6344882215906026
0.4681126586830649	0.651617567545842	0.4659447832151234	0.6517275788987539	0.46070980532506756	0.651862015962615	0.46148420807739443	0.6446605401725626	0.4695692123771378	0.6259562121029186
0.46939512194706523	0.6458364458231615	0.4701793945972265	0.645661650804853	0.4673609483109233	0.6464757318037485	0.4686950997504109	0.6414037245903519	0.47113218605527235	0.6399806278559103
0.46032722184733027	0.6451838764351914	0.46750972004062147	0.6454099854331937	0.46069118071079057	0.6450100033452134	0.46147135832387964	0.6449214928015872	0.4719451893974794	0.6341065389385472
0.4676692302994323	0.6450086382262197	0.4608647624440152	0.6452147064443949	0.4712607741053777	0.6454507988689993	0.47436243367567305	0.6457688478696405	0.461619166367418	0.6364054302891149
0.46032722184733027	0.6453487721854874	0.4608654777315821	0.6453517499106127	0.4606910736866225	0.6451802658782365	0.4614713458221925	0.6448443738071068	0.46161855476859	0.6346017117837094
0.46032722184733027	0.6456316913568353	0.46661776883651984	0.645818680794529	0.46069211598203447	0.6460109046130801	0.47275011975599296	0.6463863756231445	0.46161781537505925	0.6391328511591897
0.47027442316016693	0.6448650326477161	0.46087017959861554	0.6450874810979111	0.460690453288558	0.6453186859433868	0.4745207883567284	0.6437320590280551	0.4616123530186205	0.6363652562174438
0.4727080356076464	0.6499633498578729	0.4608754192963566	0.6500516102684019	0.46070102977806227	0.6500119147307083	0.47889274062137815	0.644132213952083	0.4676881875300101	0.6396256370092605
0.4660317003451502	0.6431958351890091	0.4671682466343315	0.6431849090651691	0.46466968396114705	0.6434545212891636	0.47395244053049207	0.6444763871082423	0.46161831046945884	0.6371674614728076
0.46726430450197515	0.6494368017503114	0.46087427767987593	0.6494518688693414	0.4667678422201066	0.6497911646476403	0.47375601785527666	0.6471732258008454	0.46162361947323277	0.6404720896709583
0.46032722184733027	0.6445555471118735	0.4688893209933795	0.6445189494891079	0.4695113952200726	0.6443024107964195	0.46924637314045026	0.6414462050667584	0.4686367777919383	0.6331351787577431
0.46032722184733027	0.6438541738118343	0.46086230193225663	0.6439527259298583	0.4606880541766511	0.6438605590471462	0.47184688958061144	0.6428248770174868	0.469570823598433	0.6330344902938877
0.46032722184733027	0.6448794484311863	0.46793586416365557	0.6449558476918283	0.4721705465953382	0.6448786776745615	0.46146621656114767	0.6447086029043189	0.4616138126260126	0.6353968891542804
0.46032722184733027	0.645437534473399	0.46641651526349437	0.6456129463452028	0.46069160943009885	0.6456733814587713	0.46933444137492214	0.645414760720553	0.4697811324107807	0.6346273763472455
0.46032722184733027	0.6457430110064151	0.46912123464428607	0.6459200556132364	0.4606923579212019	0.6461176698261484	0.4713530538396635	0.6464780338165437	0.4683420706831751	0.6397364150873045
0.46032722184733027	0.6432777247288538	0.46086103162542663	0.6407512516800064	0.4606813297118621	0.6395526696255909	0.4697279028142796	0.6430204157157101	0.4732765834980224	0.639148806632204
0.46032722184733027	0.6444715783915865	0.46086365152318104	0.6449104616988082	0.4676333486751563	0.645295785541062	0.4614715829023446	0.6417279447246695	0.4616120282413887	0.6384660674936983
0.47011363627307057	0.6454308002606736	0.4608657069554478	0.6452265456492162	0.4666649845736983	0.6457567127650627	0.4694495074289593	0.6397799464566385	0.46160776472575776	0.6393094659100101
0.46032722184733027	0.6449235171831053	0.46086460670098184	0.6451327440799323	0.47349374434967534	0.645532588667455	0.4718423822501234	0.6437583657801262	0.46161218884875094	0.634768171336643
0.46032722184733027	0.6460423133512154	0.46086692861775114	0.6462139571730209	0.4606930048311434	0.6434044845482948	0.46146301556565256	0.641930543006624	0.46160824794727545	0.6400584249750176
0.468559459798087	0.6431488025305285	0.46086080384940775	0.6430915753587156	0.4606861815391393	0.6429687960445291	0.46146214743691044	0.6399224108678666	0.4709731693705836	0.6343558044478846
0.46680219837941184	0.645307047756923	0.46900872844968916	0.64531452398402	0.46069096360610395	0.6458121839925858	0.4706935501230378	0.6468340760654817	0.4694481640414034	0.6400543265561938
0.46032722184733027	0.6488490668476894	0.4608730449451249	0.6491379533395037	0.470110317942418	0.6491645230368364	0.46147950810686716	0.6422949634350442	0.4616130178785643	0.6398839311882327
0.46032722184733027	0.6502022064804545	0.4654605097814148	0.6500461234688468	0.4690010895269056	0.6499269409111028	0.46148107049237475	0.6495506318226981	0.4727382773041805	0.6400835085804792
0.46032722184733027	0.6455873546819235	0.4690021890986419	0.6458567985453838	0.46069218505808024	0.6461007361709051	0.46946316365869867	0.646078097270942	0.46839502094336033	0.6363692402370992
0.46806205280836627	0.6447311641646849	0.46086419452843175	0.6449365283330283	0.47808529685674045	0.6452102310470343	0.4614628826669289	0.6417866868390707	0.4766698192363431	0.6358644383802271
0.46875552275967447	0.6450777489477221	0.4608649105310325	0.645283162138469	0.472974526994975	0.6455117556547603	0.4677825991809794	0.6459235437084868	0.4616209024236579	0.6369017421611247
0.46032722184733027	0.6461103164477857	0.4678660752893207	0.64362141462964	0.4712998737775271	0.6402588684199898	0.46146092145544115	0.6403655092537531	0.47349278125315303	0.6353645224255058
0.47487533284654815	0.6455002925591831	0.4719898308390473	0.6456482827623042	0.46732827454646514	0.6456569699285979	0.4718180180628134	0.6454773604068023	0.47441954029690486	0.6347333861963156
0.46808367129456424	0.6453506215623354	0.4722044663213035	0.6455045490029498	0.4660345288259582	0.645324589721529	0.46853614791216036	0.6441814746590515	0.47058572810472604	0.6341160770012969
0.4689019927656177	0.6497425568294257	0.47074824363929046	0.6497432660549562	0.46070045708445756	0.6495424559286107	0.46427895855979406	0.6491154516856582	0.4616278705801627	0.6399571363931064
0.46032722184733027	0.6455769632170995	0.4608659580709937	0.6457525145273165	0.46069197975573417	0.645975452837629	0.4675151357602601	0.646459167778037	0.4616230714053613	0.638047709807272
0.46032722184733027	0.645026155931228	0.4733138603377018	0.6452782867181717	0.4606909465447298	0.6456483720922968	0.47142020286309616	0.646630529030712	0.46162297319458745	0.6410304243178909
0.46032722184733027	0.648032980665579	0.46844270173997116	0.6482407767908843	0.4673610731815544	0.6484346217575809	0.46567266094024473	0.6431316971441173	0.47216185980704195	0.6403517806675921
0.47188735209662414	0.6428854639102559	0.4662968981123911	0.6428391999179565	0.4606856475098478	0.6428305910243137	0.4614668593889361	0.6384485435236417	0.461605527186642	0.6345649200661801
0.46851587924478283	0.645472395464989	0.4652965597758941	0.6456630407887841	0.46069177608252143	0.6458930695037449	0.4722224172682365	0.6462756219027666	0.46959946850111695	0.6384535551717438
0.46884451430806845	0.6452240128820531	0.46086521040625994	0.6454625548569952	0.4700839034890849	0.6457828533718428	0.47071952450354715	0.6460026947916084	0.46805855062555407	0.6352655518989467
0.47213019319238575	0.6442365599094769	0.46974548818739675	0.6442458156343658	0.46691177108803433	0.6448711598695774	0.46147123883586944	0.6405516160393052	0.4616100886646363	0.6380925625582458
0.4711597881919554	0.6450528644444175	0.4608648572097517	0.6452589573337977	0.46752205627187987	0.6455029752439501	0.4614675685651223	0.6458827272714943	0.4722322068164467	0.6365829881359967
0.4704116475403552	0.6450859765101695	0.4696838493896297	0.6452899673853683	0.47280601581155324	0.6455283824528351	0.46885291011742275	0.6459605503491028	0.46161781624530923	0.6369553568972274
0.46032722184733027	0.6442092363561426	0.4638923877890407	0.644454589843761	0.4606890647162854	0.64205036677688	0.4695270550777311	0.633443456343687	0.4657154972525583	0.6345745864900748
0.46032722184733027	0.6438456676083184	0.46086231031154457	0.6438607118367699	0.4606878140578	0.6438187259782205	0.47190734358703046	0.63911013445822	0.47742027216295246	0.6322312501547331
0.46032722184733027	0.6453805650406252	0.47501056768338246	0.6452798817199158	0.46069094633697394	0.6451778956871478	0.4701109452603991	0.6450060506205276	0.4714094104053743	0.6350293887565384
0.47029962985280954	0.6439116817343389	0.4608624119371904	0.6438137724597792	0.46068778906851815	0.6437634183436901	0.46791314893948405	0.6436349263126361	0.46161582227676895	0.6334557166503385
0.4684376316883896	0.6453737994613917	0.460865536015755	0.6455846109692647	0.4606916004159892	0.645786313326684	0.46909562565356033	0.6462018598951532	0.47117654158287986	0.638094352028052
0.46032722184733027	0.6468240864036192	0.46086856363180784	0.6448090534083124	0.4725555983601466	0.640870457484987	0.4614625203338276	0.6320877291970668	0.46159199212469554	0.6182870385435331
0.4669981353437999	0.6436017366750132	0.4608617610157586	0.6436194801062181	0.46068734324398836	0.6436562216708186	0.4712840606340418	0.6427246982054153	0.46917424566790095	0.6336329315017066
0.4692311057055935	0.6435982400731433	0.472084635248439	0.6438816678020421	0.46581379900858355	0.6441830205645744	0.4700617478281279	0.6452340545617024	0.46949956061291465	0.6381573283551638
0.46032722184733027	0.6440180120161458	0.46085820170064473	0.6442536946135972	0.4606886615171924	0.64406052839903	0.4681113244065463	0.6382581057204807	0.46160904433687133	0.6322275329514602
0.4737256497900546	0.6447931500539941	0.4706087105889451	0.6450085652529395	0.46756171738481855	0.6452434922596354	0.473461405374851	0.6427546144724754	0.46161540671296636	0.6355624220282193
0.46032722184733027	0.645242631365619	0.46086525030062686	0.6454440386506912	0.4692266733210643	0.6456692335927241	0.4614679250914933	0.6460794628899184	0.46161717056818047	0.6373693832832168
0.4690156925050677	0.6432432786750751	0.4608609929196583	0.6433537041929179	0.4606867630565195	0.6431718485998611	0.4614625828719011	0.642673387443516	0.4684112780997225	0.6348174193234783
0.46032722184733027	0.644758774211292	0.4608642536910335	0.6449931141780706	0.4719327718699974	0.6454642157389205	0.46959301054415886	0.6439612025251975	0.46815094484052305	0.6392654717346431
0.4711636872225781	0.6434753859661215	0.46086150365224837	0.6436127137917548	0.4695383265050009	0.6433918043316219	0.4668094423186009	0.6407138639123787	0.46160701702077317	0.6330411660615237
0.47197222399370964	0.6436256733857991	0.4608618256878848	0.6437001717306886	0.4606874800935654	0.6437139401978775	0.46146374535639406	0.6405147813249702	0.47136641400816476	0.6325541586597174
0.4686753001829304	0.6443712574264694	0.46086338318082337	0.6444090363010979	0.46875496557688534	0.6443952315111268	0.46146519310284395	0.6441713763252479	0.46161765805502225	0.6337113628118964
0.46032722184733027	0.6460832791761517	0.4608670163908579	0.6444018675531936	0.46903275545806433	0.640459809736736	0.4614617991008142	0.6325973507224917	0.4667892283842865	0.6280747820483552
0.4688923736739187	0.6454697326233514	0.4698280199468368	0.6456067278135478	0.46069159616509336	0.645605249791583	0.46146778788389164	0.6455155465989941	0.4712958988221042	0.6346118704772601
0.46032722184733027	0.6427628890745504	0.4704271758835402	0.6428963604506978	0.4670092393914572	0.642872018588394	0.4614669135779326	0.6403671093540724	0.46161053290483955	0.6351685421115016
0.46511675291748344	0.6458105924510039	0.4608664453936252	0.6454441647740026	0.46729923065829265	0.6447300487416522	0.4731322745900249	0.6460037902994467	0.46959372366212465	0.6400711435565624
0.4678272398151966	0.6451883490431828	0.4608651741803474	0.6454275707201792	0.46876109204914274	0.6454782862607109	0.46147179908779423	0.6431312385556117	0.46161634050879674	0.6341835338339162
0.46032722184733027	0.6481872286001636	0.4713651438565181	0.6482673566002181	0.46070186462667306	0.6481172787909433	0.46968708260184333	0.6402108624720088	0.47260977638871654	0.6369500617774849
0.46032722184733027	0.6450821140875428	0.4608649198844334	0.6452869966376332	0.4606909315979757	0.6455242556962946	0.4614676141991803	0.6459475839400705	0.4616168831813652	0.6366546804028492
