0.00075	0.0008619048474370763	0.0008619048474370763	0.0009808050123492026	0.0009808050123492026	0.0011047431496308913	0.0011047431496308913	0.0012387123148754084	0.0012387123148754084	0.0013788852401988838
0.00075	0.0008897965090135371	0.0008897965090135371	0.0010380524720855944	0.0010380524720855944	0.0011876093328984732	0.0011876093328984732	0.0013430477392858218	0.0013430477392858218	0.0015025151803197572
0.00075	0.0008771848165341558	0.0008771848165341558	0.0010044814833502368	0.0010044814833502368	0.0011400759138514057	0.0011400759138514057	0.0012728282179535015	0.0012728282179535015	0.0014046896038931666
0.00075	0.0008397146888596934	0.0008397146888596934	0.0009311671390609619	0.0009311671390609619	0.0010261662922733238	0.0010261662922733238	0.0011181508509321013	0.0011181508509321013	0.0012215016809540376
0.00075	0.0008678721947820931	0.0008678721947820931	0.0009950813323760823	0.0009950813323760823	0.0011185086567546115	0.0011185086567546115	0.0012447168871610955	0.0012447168871610955	0.0013705287939488934
0.00075	0.0006923083283247746	0.0006923083283247746	0.0006358129841665966	0.0006358129841665966	0.0005771375587660916	0.0005771375587660916	0.0005207104545157803	0.0005207104545157803	0.00045772294394670745
0.00075	0.0006792850661661208	0.0006792850661661208	0.0005949758549687737	0.0005949758549687737	0.0005325624773052096	0.0005325624773052096	0.00047442603998386774	0.00047442603998386774	0.0004039316392721252
0.00075	0.000713352906988424	0.000713352906988424	0.0006687445057204584	0.0006687445057204584	0.0006223944006851845	0.0006223944006851845	0.0005910507123303425	0.0005910507123303425	0.0005826453937845274
0.00075	0.0006714825717222158	0.0006714825717222158	0.0005600279173421766	0.0005600279173421766	0.000455544357988462	0.000455544357988462	0.0003565182693879447	0.0003565182693879447	0.0002517230529686611
0.00075	0.0006587688702831117	0.0006587688702831117	0.0005877084307643053	0.0005877084307643053	0.0004954915531916918	0.0004954915531916918	0.0004311912379187293	0.0004311912379187293	0.0003450709813474444
0.00075	0.0006163573509951328	0.0006163573509951328	0.0005171335248154444	0.0005171335248154444	0.0004010369246648565	0.0004010369246648565	0.00030524078540840967	0.00030524078540840967	0.0002160532908122032
0.00075	0.0006543271675263188	0.0006543271675263188	0.0005832967384412317	0.0005832967384412317	0.0005114107182548616	0.0005114107182548616	0.00042285608354003306	0.00042285608354003306	0.0003635696921677131
0.00075	0.0006545988159693212	0.0006545988159693212	0.0005694114826831153	0.0005694114826831153	0.0004853393624635763	0.0004853393624635763	0.00038059949123926256	0.00038059949123926256	0.00028494093047643865
0.00075	0.0006800372659141626	0.0006800372659141626	0.0006122919062488898	0.0006122919062488898	0.0005491623362984696	0.0005491623362984696	0.0004723699565852664	0.0004723699565852664	0.00043332192616199364
0.00075	0.0006913811482488352	0.0006913811482488352	0.0006189983131111948	0.0006189983131111948	0.0005951662377869933	0.0005951662377869933	0.0005600973745833868	0.0005600973745833868	0.0005139711502586441
0.00075	0.00062994363404742	0.00062994363404742	0.0005320491750823358	0.0005320491750823358	0.0004008467934926548	0.0004008467934926548	0.0002983174468680956	0.0002983174468680956	0.00019843457417203613
0.00075	0.0006954310134443096	0.0006954310134443096	0.0006426637714962742	0.0006426637714962742	0.0006043548355061456	0.0006043548355061456	0.0005786399488692518	0.0005786399488692518	0.0005532725578498286
0.00075	0.0006415268300056653	0.0006415268300056653	0.0005413323009023142	0.0005413323009023142	0.00043605455131370455	0.00043605455131370455	0.0003368839160381194	0.0003368839160381194	0.0002459939902147045
0.00075	0.0006667219692774225	0.0006667219692774225	0.0005898672767679726	0.0005898672767679726	0.0005075669385220531	0.0005075669385220531	0.00041009872681827084	0.00041009872681827084	0.00032519859663327226
0.00075	0.0006675764118753526	0.0006675764118753526	0.0006043685496364278	0.0006043685496364278	0.0005466516924229251	0.0005466516924229251	0.0004994116487861134	0.0004994116487861134	0.00043071320350176925
0.00075	0.0006688078815251044	0.0006688078815251044	0.0006116027711809356	0.0006116027711809356	0.0005492513332456699	0.0005492513332456699	0.0005029064979161341	0.0005029064979161341	0.0004337422750073361
0.00075	0.0007072473563774484	0.0007072473563774484	0.0006198381280088746	0.0006198381280088746	0.0005534758553128052	0.0005534758553128052	0.0005078278894271089	0.0005078278894271089	0.00043891892268204356
0.00075	0.0006845866349014312	0.0006845866349014312	0.0006242525400064253	0.0006242525400064253	0.0005496266385455562	0.0005496266385455562	0.0004891827615905547	0.0004891827615905547	0.0004262361386990594
0.00075	0.0006807614169952733	0.0006807614169952733	0.0005898613801323971	0.0005898613801323971	0.00052294211579096	0.00052294211579096	0.0004652272739777684	0.0004652272739777684	0.0003757229957532303
0.00075	0.0006896312727477217	0.0006896312727477217	0.0006099619120598315	0.0006099619120598315	0.0005344436456217731	0.0005344436456217731	0.00045636464959573756	0.00045636464959573756	0.0003735475613403507
0.00075	0.0006966040289483112	0.0006966040289483112	0.0006383054548859833	0.0006383054548859833	0.0005863539365485009	0.0005863539365485009	0.0005532800217832235	0.0005532800217832235	0.000516163209415557
0.00075	0.0006900619679964715	0.0006900619679964715	0.000629814831063996	0.000629814831063996	0.0005730103391493527	0.0005730103391493527	0.0005152318883292028	0.0005152318883292028	0.0004946080079058391
0.00075	0.000677832583806502	0.000677832583806502	0.0006139641849477803	0.0006139641849477803	0.0005389486265599215	0.0005389486265599215	0.00046682794165374056	0.00046682794165374056	0.0004052527947235103
0.00075	0.0006320045032923938	0.0006320045032923938	0.0005113076386493089	0.0005113076386493089	0.00040316453626796484	0.00040316453626796484	0.00033502899016354764	0.00033502899016354764	0.0002653650933216401
0.00075	0.0006856034637713218	0.0006856034637713218	0.0006490076276581732	0.0006490076276581732	0.0005911097658737479	0.0005911097658737479	0.0005296233222415835	0.0005296233222415835	0.0004804028030453604
0.00075	0.0006511546111534892	0.0006511546111534892	0.0005657563074250202	0.0005657563074250202	0.0004638926218641242	0.0004638926218641242	0.000382298359889053	0.000382298359889053	0.00028477316595832807
0.00075	0.0007024808214040623	0.0007024808214040623	0.0006154310200712238	0.0006154310200712238	0.0005415457130122863	0.0005415457130122863	0.00048820291299027927	0.00048820291299027927	0.0004383202248310971
0.00075	0.0006764581303070432	0.0006764581303070432	0.0005994931957045356	0.0005994931957045356	0.00054728785355397	0.00054728785355397	0.0005039650021906341	0.0005039650021906341	0.0004736546433952426
0.00075	0.0006852765831474912	0.0006852765831474912	0.0006076802359550807	0.0006076802359550807	0.0005649632922858835	0.0005649632922858835	0.0005358496250953696	0.0005358496250953696	0.00047097286703859457
0.00075	0.0006518675034584495	0.0006518675034584495	0.0005763960840812711	0.0005763960840812711	0.0005115978171250062	0.0005115978171250062	0.0004525451747144161	0.0004525451747144161	0.0003932598202252234
0.00075	0.000662929925196167	0.000662929925196167	0.0005572338710493325	0.0005572338710493325	0.00045308743592900217	0.00045308743592900217	0.00034946041501132804	0.00034946041501132804	0.00024982185906051517
0.00075	0.0006814080617298442	0.0006814080617298442	0.000624484395215366	0.000624484395215366	0.0005669848671110008	0.0005669848671110008	0.0005253459635300155	0.0005253459635300155	0.00045372639680755274
0.00075	0.0006488430864296513	0.0006488430864296513	0.0005600817497423649	0.0005600817497423649	0.0005021131955012083	0.0005021131955012083	0.0004411885146411287	0.0004411885146411287	0.00038812265892135077
0.00075	0.0006532682545301729	0.0006532682545301729	0.0005543696102376202	0.0005543696102376202	0.0004751688992164198	0.0004751688992164198	0.00041973845677448354	0.00041973845677448354	0.00034867348606123865
0.00075	0.0006454063168183125	0.0006454063168183125	0.0005455335999269422	0.0005455335999269422	0.00044503659616104756	0.00044503659616104756	0.00034300009099949954	0.00034300009099949954	0.0002585358078959535
0.00075	0.0006610895172337024	0.0006610895172337024	0.0005261961727852059	0.0005261961727852059	0.0004282049697401648	0.0004282049697401648	0.00033039969185147205	0.00033039969185147205	0.00024505697385187236
0.00075	0.000680311918327216	0.000680311918327216	0.0005976932992843319	0.0005976932992843319	0.0005444951424123089	0.0005444951424123089	0.0004983466885358554	0.0004983466885358554	0.00045267972472224163
0.00075	0.0006276707611584742	0.0006276707611584742	0.0005078045775707693	0.0005078045775707693	0.0004101513032389736	0.0004101513032389736	0.0003030198131574546	0.0003030198131574546	0.00018334461128360018
0.00075	0.000684144068088254	0.000684144068088254	0.0006167079399368809	0.0006167079399368809	0.0005514664132864645	0.0005514664132864645	0.00047547839292381424	0.00047547839292381424	0.0004287741453444742
0.00075	0.000639490837642215	0.000639490837642215	0.0005271529544488526	0.0005271529544488526	0.00040253742341693087	0.00040253742341693087	0.00027345908335957395	0.00027345908335957395	0.0001546509192215253
0.00075	0.0006846159499527266	0.0006846159499527266	0.0006045106212176081	0.0006045106212176081	0.0005530913028530542	0.0005530913028530542	0.0005017842922922354	0.0005017842922922354	0.0004493785074381919
0.00075	0.0006500881935794022	0.0006500881935794022	0.0005704191693325239	0.0005704191693325239	0.0005162126321827639	0.0005162126321827639	0.0004598680938086808	0.0004598680938086808	0.00038317786964872175
0.00075	0.0006998260359462272	0.0006998260359462272	0.0006447712720621539	0.0006447712720621539	0.0006135461533242966	0.0006135461533242966	0.0005890072697395184	0.0005890072697395184	0.0005640696101141674
0.00075	0.0006804841129733363	0.0006804841129733363	0.0006429940252900883	0.0006429940252900883	0.0006074241856479953	0.0006074241856479953	0.0005537708767701107	0.0005537708767701107	0.0005325285081546418
0.00075	0.0006443839567078064	0.0006443839567078064	0.0005672309228483231	0.0005672309228483231	0.000469386891547396	0.000469386891547396	0.0003755885380695405	0.0003755885380695405	0.0002931852335323746
0.00075	0.0006617493892399029	0.0006617493892399029	0.0006054248514054893	0.0006054248514054893	0.0005288111209214105	0.0005288111209214105	0.0004561698256315457	0.0004561698256315457	0.0003885119127424815
0.00075	0.0006670708000359749	0.0006670708000359749	0.0005721173289255475	0.0005721173289255475	0.0004941439654117917	0.0004941439654117917	0.0004114785495613789	0.0004114785495613789	0.00035315514848493194
0.00075	0.0006710807402853901	0.0006710807402853901	0.0005910441052681809	0.0005910441052681809	0.0005014591887581267	0.0005014591887581267	0.000417444130913613	0.000417444130913613	0.0003466339404904373
0.00075	0.0006929423725388708	0.0006929423725388708	0.0006395936270203577	0.0006395936270203577	0.0005870401640588411	0.0005870401640588411	0.0005280949735576185	0.0005280949735576185	0.0004805298394137806
0.00075	0.000682506863680538	0.000682506863680538	0.0005760327705757161	0.0005760327705757161	0.0005245631212223809	0.0005245631212223809	0.0004490567792311125	0.0004490567792311125	0.0003968957085762168
0.00075	0.0006646721825404069	0.0006646721825404069	0.0006163480638958527	0.0006163480638958527	0.0005547386355056326	0.0005547386355056326	0.000493014619636633	0.000493014619636633	0.0004503295013915224
0.00075	0.0006737705371593953	0.0006737705371593953	0.0006230441255638527	0.0006230441255638527	0.0005598521613114808	0.0005598521613114808	0.0005170860704886096	0.0005170860704886096	0.0004835833085407058
0.00075	0.0006772282096330896	0.0006772282096330896	0.0005862878913837139	0.0005862878913837139	0.0005117629716230454	0.0005117629716230454	0.00045269440972281586	0.00045269440972281586	0.00040460133018644696
0.00075	0.00070166833478194	0.00070166833478194	0.0006573804645264296	0.0006573804645264296	0.0006101070250496187	0.0006101070250496187	0.0005633040804747017	0.0005633040804747017	0.0005323171224377156
0.00075	0.0006805949226888399	0.0006805949226888399	0.0006105089343443594	0.0006105089343443594	0.0005126448663879587	0.0005126448663879587	0.00043069548245266016	0.00043069548245266016	0.0003458298445412297
0.00075	0.0006638672303896121	0.0006638672303896121	0.0005421006887296138	0.0005421006887296138	0.00042832871637944053	0.00042832871637944053	0.0003240121841468063	0.0003240121841468063	0.00021759085314686753
0.00075	0.0006437317987967446	0.0006437317987967446	0.0005922437160831631	0.0005922437160831631	0.0005034037521061971	0.0005034037521061971	0.0004576529349916125	0.0004576529349916125	0.0004070372331813797
0.00075	0.000677455579477548	0.000677455579477548	0.0006091626038570503	0.0006091626038570503	0.0005254423019269264	0.0005254423019269264	0.0004695356474483478	0.0004695356474483478	0.0004304689299892221
0.00075	0.0006974867545474835	0.0006974867545474835	0.0006575797688541365	0.0006575797688541365	0.0006031897738493628	0.0006031897738493628	0.0005491449859780761	0.0005491449859780761	0.0005192609466787573
0.00075	0.0006625301871116959	0.0006625301871116959	0.0005813534601877442	0.0005813534601877442	0.0005107586633706005	0.0005107586633706005	0.000442514043527035	0.000442514043527035	0.00038965549437090845
0.00075	0.0006727182903248235	0.0006727182903248235	0.0006111486793034225	0.0006111486793034225	0.0005471754634916326	0.0005471754634916326	0.0005020651099868253	0.0005020651099868253	0.0004412067785509862
0.00075	0.0006887891438781996	0.0006887891438781996	0.0006153084392774051	0.0006153084392774051	0.0005564606374688323	0.0005564606374688323	0.00048623693983365873	0.00048623693983365873	0.0004306533066484548
0.00075	0.0006593806705270189	0.0006593806705270189	0.0005508960253631144	0.0005508960253631144	0.000457464785447456	0.000457464785447456	0.0003493318833208143	0.0003493318833208143	0.0002459715459565172
0.00075	0.0006557169578213383	0.0006557169578213383	0.0005454014412221816	0.0005454014412221816	0.0004501344569969123	0.0004501344569969123	0.0003650137530789345	0.0003650137530789345	0.0002887075820222508
0.00075	0.00068321229278484	0.00068321229278484	0.0006507859575966552	0.0006507859575966552	0.0006047563420422965	0.0006047563420422965	0.0005737934203654555	0.0005737934203654555	0.0005475263740890415
0.00075	0.0006866672492505343	0.0006866672492505343	0.0006403128544045425	0.0006403128544045425	0.0005635509965074919	0.0005635509965074919	0.0005165439525632242	0.0005165439525632242	0.00045303216822003894
0.00075	0.0006842010969370141	0.0006842010969370141	0.0005972259474705715	0.0005972259474705715	0.0005076603330612857	0.0005076603330612857	0.00041513252631021765	0.00041513252631021765	0.00035826902714529484
0.00075	0.0006886376156067979	0.0006886376156067979	0.0006357679069720627	0.0006357679069720627	0.0005549543022812262	0.0005549543022812262	0.0005076051304893286	0.0005076051304893286	0.0004366248442011812
0.00075	0.0006366811193067326	0.0006366811193067326	0.0005685676652789482	0.0005685676652789482	0.0004684215017372742	0.0004684215017372742	0.0003852223715950634	0.0003852223715950634	0.0003242300755947825
0.00075	0.0006742944920625739	0.0006742944920625739	0.000624689892835374	0.000624689892835374	0.0005542059360297106	0.0005542059360297106	0.0004875631023208939	0.0004875631023208939	0.00044553930085434323
0.00075	0.000691029582894999	0.000691029582894999	0.0006135668346632513	0.0006135668346632513	0.000547530477456136	0.000547530477456136	0.0004692675262057824	0.0004692675262057824	0.0004329821844488632
0.00075	0.0006589396069065773	0.0006589396069065773	0.000555960038580712	0.000555960038580712	0.00043876415176881064	0.00043876415176881064	0.00033532819670058217	0.00033532819670058217	0.00025102901877427483
0.00075	0.0006091866854056596	0.0006091866854056596	0.0004719729655627752	0.0004719729655627752	0.0003681278947251465	0.0003681278947251465	0.00028097240370748557	0.00028097240370748557	0.00019060692599296241
0.00075	0.0006830906271782453	0.0006830906271782453	0.0006169690903747635	0.0006169690903747635	0.0005542920725775614	0.0005542920725775614	0.0004948183892139834	0.0004948183892139834	0.0004181017988795392
0.00075	0.0006833996084085747	0.0006833996084085747	0.0006311452426394124	0.0006311452426394124	0.0005584773790992849	0.0005584773790992849	0.0004952881797733985	0.0004952881797733985	0.00044250491830449845
0.00075	0.0006828237737547477	0.0006828237737547477	0.0005978145651636929	0.0005978145651636929	0.0005392061979445634	0.0005392061979445634	0.00046629146814351654	0.00046629146814351654	0.00039636902277926257
0.00075	0.0006733362864043625	0.0006733362864043625	0.0005921961269876969	0.0005921961269876969	0.0005567840114385687	0.0005567840114385687	0.0005163891040368263	0.0005163891040368263	0.0004834218917272813
0.00075	0.0006678424727251492	0.0006678424727251492	0.0005793417884669422	0.0005793417884669422	0.0004645113147558217	0.0004645113147558217	0.0003747552136532259	0.0003747552136532259	0.00027195075243902924
0.00075	0.0006912859465117447	0.0006912859465117447	0.0006150854597103473	0.0006150854597103473	0.0005608043159087732	0.0005608043159087732	0.0005278183170424913	0.0005278183170424913	0.0005031639773022672
0.00075	0.0006216802612426147	0.0006216802612426147	0.0005058265386227018	0.0005058265386227018	0.0003917663114855916	0.0003917663114855916	0.0002640017729808398	0.0002640017729808398	0.00016039779377441518
0.00075	0.0006661378240353307	0.0006661378240353307	0.0006102956324648363	0.0006102956324648363	0.0005391941220948102	0.0005391941220948102	0.00046568139420135143	0.00046568139420135143	0.0003972102897757486
0.00075	0.0006971654575828235	0.0006971654575828235	0.0006598041933418252	0.0006598041933418252	0.0005916935985597457	0.0005916935985597457	0.000520261067229187	0.000520261067229187	0.0004770104601707123
0.00075	0.0006580116136380973	0.0006580116136380973	0.0005740996591733231	0.0005740996591733231	0.0004937102152394143	0.0004937102152394143	0.00042008016893448487	0.00042008016893448487	0.0003560118396782695
0.00075	0.0006812831317597263	0.0006812831317597263	0.0006135860145537944	0.0006135860145537944	0.0005482562024444158	0.0005482562024444158	0.0005138025067019138	0.0005138025067019138	0.00045545682355299747
0.00075	0.0006667358979981371	0.0006667358979981371	0.0005933032756734709	0.0005933032756734709	0.0005423468790640704	0.0005423468790640704	0.00046933851030774964	0.00046933851030774964	0.00042151783323628536
0.00075	0.0006736215585598037	0.0006736215585598037	0.0005893983143168112	0.0005893983143168112	0.000519978662900788	0.000519978662900788	0.0004353097702539232	0.0004353097702539232	0.0003813503634028431
0.00075	0.0006275496863293	0.0006275496863293	0.0005107742518540183	0.0005107742518540183	0.00041558722483070134	0.00041558722483070134	0.0003064874071574296	0.0003064874071574296	0.00022993558160749644
0.00075	0.0006607685940632178	0.0006607685940632178	0.0005544584512901207	0.0005544584512901207	0.0004561560782057058	0.0004561560782057058	0.0003582212865773811	0.0003582212865773811	0.000272307230302947
0.00075	0.0006561507012006229	0.0006561507012006229	0.0005966851412810277	0.0005966851412810277	0.0005415407179874085	0.0005415407179874085	0.00046940512946701794	0.00046940512946701794	0.0004046039525980973
0.00075	0.0006405386034117913	0.0006405386034117913	0.0005409542582450611	0.0005409542582450611	0.0004317338593394862	0.0004317338593394862	0.0003004990899639158	0.0003004990899639158	0.00019983701423739305
0.00075	0.0006928104847181203	0.0006928104847181203	0.00061190271468203	0.00061190271468203	0.0005856133303091903	0.0005856133303091903	0.0005349634294228253	0.0005349634294228253	0.0005036271609358668
0.00075	0.0006585193969857855	0.0006585193969857855	0.0005925265875369844	0.0005925265875369844	0.0005086654314308771	0.0005086654314308771	0.0004549818433169307	0.0004549818433169307	0.0003963295844535023
0.00075	0.0006629588848097309	0.0006629588848097309	0.0005760094248570465	0.0005760094248570465	0.0004808674223316182	0.0004808674223316182	0.0004085917869937436	0.0004085917869937436	0.000352110955831702
0.00075	0.000669886787490452	0.000669886787490452	0.0005908299565862995	0.0005908299565862995	0.0005295740243292866	0.0005295740243292866	0.0004584220421324435	0.0004584220421324435	0.00038027997751507206
0.00075	0.0006807954190085299	0.0006807954190085299	0.0006034199057883258	0.0006034199057883258	0.0005097959567597005	0.0005097959567597005	0.00045731868244995675	0.00045731868244995675	0.0003602653236167283
