0.6567924844162023	0.5512265607206842	0.6515561421364026	0.5374801358186061	0.6534099139968835	0.5279089656661983	0.661820461148328	0.521502759185301	0.6561570102938359	0.5169782822153094
0.6607986830149245	0.5278960465612583	0.6615140585332732	0.5168588176758642	0.6571730879815375	0.5075808803733921	0.6653042389681636	0.5006759382296232	0.6584042556951608	0.49651327182473115
0.6614124743219572	0.5393297926135817	0.6535081001632079	0.5394349791157393	0.6598171658483936	0.5476840493184979	0.6578967657160737	0.5573435247344877	0.6577830335841827	0.5622833269377059
0.6579730864825919	0.5779537772194214	0.6553082145262191	0.5728957068860424	0.6621689805939885	0.566915703142564	0.6592479332880274	0.5640048860887931	0.6605609123023221	0.561637801458692
0.6606860288657912	0.5483709911703535	0.6622788369660264	0.54714094935763	0.6579136082598692	0.5546497370659523	0.662683661403741	0.5622979784192947	0.6573384143733529	0.5664474273758322
0.4989385583795698	0.5438569446859773	0.48509104517306245	0.5344183280554679	0.48375454953753055	0.5284749481924869	0.48220175447735236	0.5226938042487494	0.4678209779919437	0.5192205158302509
0.49689611013447055	0.5558146144630347	0.48772225693402954	0.5483418764739976	0.4927965300212456	0.5394393949634121	0.4955400269541139	0.5311737155764981	0.4816462687868261	0.5282765305479098
0.4839739166893668	0.5165451010221935	0.4822497233476032	0.5057702780686267	0.4680595994770731	0.501955190879909	0.4828313854195975	0.5009036366255893	0.49257586419453125	0.49992685201413994
0.4864216791582825	0.5608576212389935	0.46081560881889727	0.5581233551359055	0.470618813429313	0.5538768751233081	0.4740839461260127	0.5505212592676916	0.46161020711540934	0.5487795804930866
0.4826956917069445	0.554972150596807	0.490080292916051	0.5558703558143717	0.46868853410741373	0.563140622699166	0.49978231464817285	0.5690112215012985	0.47878226599859547	0.5704717273440876
0.4639814526723551	0.5789043523145304	0.4862335739767505	0.5764986037869477	0.47765476551583635	0.572834444993205	0.4799123802130718	0.5704629928085456	0.49176528738799086	0.5688412504457486
0.4721137387489278	0.5497087077472916	0.4822973024384077	0.5442041840595	0.4808471808400933	0.5420101417566873	0.46626401712805027	0.5411109474810787	0.4930039580052245	0.5414882711384618
0.4828822663566303	0.5569661235733311	0.4736363661218579	0.5543641725191694	0.48066862447756276	0.5511698517100446	0.4608525795683405	0.5462150572475913	0.4696608671435142	0.5435758346002462
0.5125758009275552	0.5503516862696779	0.48078543761114384	0.5372366282032428	0.4940924793172753	0.5282084499717711	0.4719736205228373	0.521567751722575	0.49489777399040885	0.5187656223273766
0.48411616405872454	0.5271731931571035	0.46074557563512647	0.5178428091912589	0.5020686993050757	0.5099510140420854	0.48565243623915777	0.5034698709696095	0.4689682305777957	0.4995407128599307
0.48002232736903727	0.5811858297124205	0.47903594192912097	0.5764572363840614	0.4605194824216112	0.5675352637233887	0.486258912229338	0.5642030169179085	0.48580719736056793	0.5615904794157383
0.49679319388820636	0.5240757327229625	0.47632582401914864	0.5125437894097672	0.4880801042292546	0.5010244595607914	0.497995051617765	0.49241251251697365	0.4881140646494609	0.49116238127956413
0.47040296887031147	0.560568509540854	0.47017692740376016	0.5638800558495206	0.4681585571892383	0.5693080826863204	0.47172860512952025	0.5730026789412258	0.479326006855436	0.5715372420546263
0.5025407410602833	0.5662072803897801	0.4950109700931749	0.5663490259786551	0.48812254239386715	0.5605041290071	0.4761165960911218	0.5553003997141541	0.4874154697665184	0.5532083136171897
0.47995202954683464	0.5481603194014717	0.4877215305016044	0.5399229032297633	0.4845681604452324	0.5335420451486955	0.5112678991045391	0.5283905590622848	0.4834580475149267	0.5259503966876735
0.4872418436637225	0.5478552019969608	0.488785112257022	0.5320161038362358	0.48201380693783763	0.5219964233310771	0.4871503808903691	0.5145467346580387	0.47147214089645567	0.5101852605436162
0.49639103235070053	0.5393896754605044	0.460770766984656	0.5355329541298854	0.47908204596617876	0.5414682337582244	0.5005932486670789	0.5462930664700176	0.4709752189835361	0.5516695741769082
0.4903376898379315	0.5471659669247421	0.4890276379823353	0.5420556036625873	0.47366865139507464	0.5402671693796801	0.4932632884274	0.5382154376448535	0.479941914941011	0.5385171705327939
0.5012085943327957	0.5546679511439869	0.47787744667838455	0.5464790288525433	0.486046899833479	0.5379280412356411	0.500803080984626	0.5324275218202994	0.4615755824199696	0.528220751021573
0.49889428790595036	0.5545433047007677	0.47426491040663005	0.5538671445910102	0.4808283223535678	0.550690669142576	0.48311431496951923	0.5483115705433623	0.48257516742712403	0.5469562453620516
0.4967358272291587	0.5409300216048384	0.4863657603312233	0.5306943412780051	0.4878588616132119	0.521962199940237	0.5009796118207832	0.514310237394996	0.4954036171136194	0.5107737763925027
0.489531629914147	0.5253886502851451	0.470640287809969	0.5119314224207597	0.4685633429841909	0.5006368027238921	0.4607466552855944	0.49767969113262583	0.4947882454100167	0.5007959589639152
0.49985890224251794	0.5465532010060373	0.4894317614636684	0.5397059576459105	0.4681572040298634	0.53292073302455	0.4798664589244379	0.5265763743844891	0.4904555328133122	0.5233898009362825
0.47249959544993503	0.5711413238182851	0.4608337682470073	0.5610627367490341	0.4689937020551642	0.552651451012641	0.4962903318755349	0.545367705150304	0.49503237618201396	0.5420433798141937
0.4908107001732392	0.533214356836201	0.49968447353009726	0.5210554440911495	0.47974010841555603	0.5098785088278339	0.4705000704913297	0.5024857218698563	0.4701146312260839	0.5009156329081627
0.49726467268016156	0.5783002608360741	0.486361899712315	0.5713860816566603	0.4824481101720121	0.5622357426610526	0.48978271739793405	0.5572024780002911	0.48885761331086575	0.5558100546046321
0.49933061826879477	0.5436021855907824	0.4716738212803966	0.5365641507940646	0.4749953485561885	0.5326637338649769	0.48416463576661645	0.5296378821011958	0.488683386235075	0.5285719490865013
0.48252865048794	0.5395526885807471	0.4687738916116381	0.5297799226184113	0.4891605988261349	0.520398222501208	0.4928594235030464	0.514379587777964	0.49468350227879465	0.5102704307866264
0.49059926237822293	0.5353196149739365	0.47050940346754144	0.5240902498070642	0.4894819720774163	0.5144908547494421	0.49911444635307833	0.507447668601435	0.4615232069596979	0.504145210612671
0.4705923504879717	0.5564057470175668	0.49073566181091316	0.5512811317501138	0.49371575644355004	0.5440084605155326	0.4974457443250095	0.5390068777073891	0.5136937540425905	0.5359865333044209
0.5004498300793719	0.5792171832070941	0.4886868985993722	0.5738383555865985	0.48814437227070534	0.5677174836981702	0.47317862523682	0.5639478554752401	0.4892987963613967	0.5617254442165497
0.4696837366200959	0.5314907060452526	0.4862458673434688	0.5353526692563406	0.48117684939028804	0.5381623547733441	0.487177704459319	0.5317901433190017	0.4758043842302555	0.5280870231402564
0.473483241690359	0.553035193742685	0.4723735067140026	0.5435132627393398	0.5027156534252202	0.5371559323935549	0.49151836796413334	0.5322764737401644	0.49071761318055646	0.5297264328744313
0.4705564721798624	0.5513909839769616	0.4607948678005277	0.5392842613578002	0.48366163411888086	0.5307677927895227	0.48359346678778314	0.5248470909688916	0.4740635446126293	0.5219968579354504
0.4795498984580986	0.5701687931092555	0.47872033478367343	0.5731642716902592	0.48608333676577997	0.5756260865473678	0.48396786587567464	0.5716827139396923	0.49633384826426546	0.5703946714179505
0.5035117787305126	0.5816626444802088	0.46085773856431045	0.5759600139357474	0.49372294706259234	0.5697702499849786	0.49147712315954223	0.5636167598387863	0.4900473458367958	0.5617735063974647
0.4953139826501313	0.53622914002444	0.46076273850212285	0.5245452864679243	0.48674272115936273	0.5146451415081348	0.4826589533809885	0.5078448979660364	0.48696481564840527	0.5047525043491162
0.48501851717238	0.5794947861720551	0.4714574895421597	0.5729583613072156	0.49372414144741256	0.5638027510567595	0.4793063723464368	0.5588481698715376	0.4616311751489116	0.5566450895961758
0.5021226351588883	0.5442910129920155	0.4837475188819978	0.5359346322921748	0.4780291792563741	0.5301096042141699	0.47321081056325187	0.5259480797697063	0.4826253795722002	0.5235399869270787
0.48733759008050415	0.5804966778922999	0.4738783430743021	0.5768822915396283	0.4691316098206433	0.5717957301919038	0.4608891633136781	0.5675563829451316	0.46944072715468205	0.5669752158829912
0.4896832036049246	0.5433705810039602	0.4664549830016489	0.5389854492094961	0.4973954391243924	0.5395587227988713	0.5021512532345799	0.5429206640693444	0.489696983305281	0.5492124198106426
0.4744874175796629	0.5553340230482153	0.474537112900544	0.5469148443144719	0.49846699677179335	0.5376224984724811	0.49388234101867856	0.5303647136979084	0.4662204037947473	0.525667386767396
0.4941661426973782	0.534661446846247	0.4922969573749299	0.5265675771474273	0.4933309717176965	0.5168196184180855	0.49224929442848697	0.5105171843510973	0.5077047482476051	0.5070070977991927
0.47668380083944206	0.5330674535731637	0.4965096550632624	0.5239002082931815	0.4731480790145316	0.5165756613752589	0.48021939536154035	0.5105256726888029	0.49017199542287737	0.507631882155453
0.47234746224904833	0.5615742945667357	0.4848788745002536	0.554409723881626	0.471852846953231	0.5464028384218363	0.471656137002733	0.5387688749486448	0.4784104405503854	0.5349117711156165
0.475076520479844	0.5490932681978651	0.4963049871109228	0.5490049815458501	0.476613584973139	0.5556710157608938	0.48325716593752577	0.5513047331808185	0.49501588378639394	0.5501398391254405
0.4803169851489156	0.5535326873121256	0.4724298710881436	0.5439710213902453	0.4773159427456633	0.5352462652455477	0.4670766230162322	0.5325441101197673	0.49946025935768	0.5350910196579602
0.498057882829741	0.5708133513373171	0.48278571281971666	0.5708229558692104	0.4914075238254234	0.575994070959046	0.4901598666229445	0.5807635931873357	0.4989100710554658	0.5835804184157919
0.5032464391156645	0.5391249655256858	0.49177913760752145	0.5307757677360003	0.48417142685321457	0.5237283959041842	0.4765617275388855	0.5180342637350498	0.4832192088948793	0.5155749900551815
0.5000979114004777	0.5584979799441	0.4608124567601898	0.5444988517287125	0.4884269967076269	0.5366471590078002	0.4822058120623399	0.5293990380864475	0.4867334459291441	0.525594103396328
0.46864027941106057	0.5386502101384434	0.5005036044459812	0.5334749385427521	0.4780180525440506	0.5371719452789836	0.48577806718684263	0.5421233770742446	0.488795455034919	0.5469972315948057
0.4807568883352915	0.5366704652916734	0.4940317727017679	0.5281350018156385	0.47860272698325024	0.5212645593761575	0.48315602330401614	0.5159718760538994	0.49118611493107417	0.5146455747542332
0.4911238966505566	0.551189175091899	0.4709855885010231	0.5415936719083809	0.48932995762546627	0.5317391690503335	0.4882201757814449	0.5249680538784866	0.4949515391774893	0.5209529793738967
0.4811513020654177	0.5201458107331917	0.48024638963257266	0.5154501007199627	0.4810742940925254	0.5139188931402657	0.4681317039208575	0.5128301617946778	0.49806948415168273	0.5161453681874405
0.5058511399615558	0.5519079416622239	0.4899228242415288	0.5476547007742517	0.46046238274811024	0.5414418603439344	0.46866103409968113	0.5344778920196736	0.4696616902763831	0.5330307098783738
0.5003523161810987	0.5693287035660289	0.4608332404602804	0.5710214230739619	0.47108648370294237	0.5767049885993205	0.4741957529078704	0.5805799798254597	0.4841568692010217	0.5834150818039725
0.4639814526723551	0.5469962752423912	0.4832329358591521	0.5336283093208529	0.4604360833147444	0.5275215211709589	0.4917018355947946	0.5210489320138617	0.49113182555426144	0.5187839153181285
0.48892795827649327	0.542274087508132	0.4753490211986235	0.5301314279313419	0.46043057144808314	0.5245542839492311	0.48305743313776006	0.5187503947580164	0.4794807468197544	0.5178961583310645
0.48397266369577696	0.5206569987258645	0.501350458839519	0.5159771993983335	0.4709082492627984	0.5138566678570463	0.4710926049893682	0.513750174486086	0.4919995315028369	0.5163125869823533
0.4689951430726144	0.5397080458840787	0.4702717667991844	0.5318314786265079	0.4687910091672681	0.5274084403254383	0.47099191940598045	0.5240719308694796	0.47843017676805777	0.5229177851061515
0.4842775195351774	0.5445226923140494	0.48300316415980554	0.5361477971090929	0.47056129576247635	0.5312532245516027	0.4967771370964981	0.5260925710963563	0.4819580980463025	0.5273138346991052
0.48941885212313857	0.5372389547838207	0.4696597196843518	0.5334250608991404	0.4823524102111912	0.5291539896086594	0.4772205743617944	0.5238062805559344	0.4768530244769014	0.5191607706142988
0.4872809990960109	0.5679491158663448	0.470151592597656	0.5575238711020379	0.48995780912942977	0.5499027110620119	0.4608480490902305	0.5478764849538528	0.4616076908285907	0.5453392667498305
0.49196790947268493	0.5767445086022468	0.472028688701755	0.5699569929275451	0.4863413283860817	0.5611952427618476	0.5010079394355491	0.5570521360523697	0.5025219268778177	0.553922188092019
0.4873581895005603	0.5327846515756887	0.4970139178734844	0.5208019060467032	0.4889409637872106	0.5115638258353641	0.498404847989159	0.5056870868291121	0.49041839309254454	0.503527435782623
0.49987387364714536	0.5416508438082077	0.49522416199100144	0.5333282556507565	0.464494320542885	0.5262631646532087	0.4914213303600395	0.5222440175923404	0.47402897851464115	0.5216730426549809
0.48751963282422894	0.5513375925028373	0.4699764292518408	0.5493941147944598	0.473843376252513	0.5517205511750011	0.46795940700366606	0.5578687667211043	0.4896164186958237	0.561890783826191
0.496736546062693	0.545313043170548	0.49632018097777914	0.5385463209354225	0.4712000631123882	0.5325278483323372	0.49356016526886415	0.5283425196366625	0.46826689402034083	0.527295619274926
0.4639814526723551	0.5556590811303199	0.49826291795923144	0.5464129206322738	0.4604627815960843	0.5381221499432884	0.46934571879603976	0.5330045944028452	0.4826879878782675	0.5311821374889028
0.4796342741394134	0.528980008361644	0.47671573572766607	0.519886699948245	0.46041225909009903	0.5123674481834474	0.4607711291875456	0.5065178455672855	0.4764439168457843	0.5037226942634523
0.4882279191651793	0.5385978784325641	0.46535124624053864	0.5302252179625933	0.47162632747370264	0.5229499416072918	0.46079490597016504	0.5177009486414544	0.4940251310795803	0.5151338865192412
0.48439061546850454	0.5660016936262764	0.4752685407604616	0.5635194916240033	0.46049143481514027	0.5579311671184136	0.46665671228477057	0.5524962559156755	0.4892382213353507	0.5502207573285561
0.4639814526723551	0.5844964542832987	0.4608620616409702	0.5733407456420189	0.49132603667369656	0.5662940818736343	0.49140718143511786	0.5626019022126901	0.4867526168484404	0.5589918151521895
0.496640915439396	0.5458509985987313	0.47811759284161187	0.5342663318527092	0.47901582984727986	0.527153916315444	0.48528979424572155	0.5213078576493976	0.4615517367435023	0.5194663984727643
0.49898474425344286	0.5452125766933338	0.4933229632318994	0.5374778644202215	0.47867831590601917	0.5303157572060242	0.4793892803999117	0.5253393953525975	0.48904050445547714	0.5212235674229987
0.4894649501053816	0.5555795118806796	0.47959349364562215	0.547828123939397	0.49641197308330204	0.5373614412731983	0.48994002798983116	0.5290221685983271	0.4784015512445752	0.5248834477275784
0.4891046354783849	0.5413765782123292	0.46982497219445873	0.5296405588572014	0.4957421595737832	0.5200744305642605	0.4952306120370341	0.513960382621983	0.4968407679637777	0.509784879260587
0.4958600467964235	0.5708452819173123	0.4944587692659598	0.5729412563702849	0.4646600164377564	0.5648284102734222	0.49173533273074277	0.5594715914689957	0.4771461246521617	0.5553317674321784
0.49611803124917964	0.5379390933710646	0.47037962351196366	0.529051749964304	0.4820548635154139	0.5201071298565588	0.5004745384443423	0.5133996554713143	0.5017369524432771	0.5086916407758837
0.4771592175277796	0.5796133922502958	0.46752756335633955	0.5748155909950345	0.4653619940928882	0.5662646445300744	0.4608835766599511	0.5625744868652686	0.4842353994586212	0.5605682066558847
0.4808744254570454	0.5491348518874851	0.48757679166822676	0.546513257832073	0.4796754696714231	0.5462306097370989	0.47125963467611126	0.5460740937773546	0.48839426160612426	0.5489832509790478
0.49771373513372086	0.535133501022079	0.4953337519983606	0.5248054856078822	0.472347529285789	0.5151159758785276	0.4607760883568831	0.5075235018673949	0.48794415775644573	0.5036377336837708
0.48707850588934976	0.5620989312601127	0.4795829855216568	0.5572562100485239	0.4836381843434653	0.5497997527657229	0.48141290866864234	0.5438737777258926	0.4880336222839109	0.542347365701547
0.4809648777792853	0.5323135092191316	0.4704865223274211	0.5271606275621065	0.46772353176506626	0.5224191602498132	0.4929057164948254	0.5184287149488439	0.4665340174667421	0.5171735614394709
0.4770024649137826	0.5399430989727931	0.4711519159459516	0.5410802914175016	0.5017232761889746	0.5460884258684292	0.4756299696020171	0.5498354905681656	0.5046326453164948	0.5494890805054732
0.5013740956248264	0.5555172035947067	0.48128731392410046	0.5511458568252945	0.4893066229963175	0.5500854468149873	0.4754414858878543	0.5553976324432028	0.5008843852364938	0.55951994912028
0.4796018073926099	0.5790131697548593	0.47746547935643696	0.572542164447508	0.4868253356830509	0.5592614440205704	0.4765142966553853	0.5538396516303518	0.488873086030297	0.5524523932061272
0.49795084055223293	0.5641605370898904	0.467329550860438	0.5624051404128366	0.4717096839739384	0.5660269895597093	0.47970616182450576	0.5705681566638265	0.48331087237080833	0.5746485691073236
0.48414209714199546	0.5454148564812582	0.4816242875388622	0.5342668780987286	0.5006127083064255	0.5233253711031659	0.4684668657465307	0.5179239074078104	0.4746642025043872	0.5155146777665357
0.48720295667112	0.5832373225070822	0.48855704056935156	0.578060855592064	0.47885829129731916	0.5683902123443147	0.46088794448979686	0.5640989032881861	0.48276487220810915	0.5622829794266855
0.49031352209812074	0.5356755356002134	0.4607662771745217	0.5271431338231795	0.4944716266550808	0.5193049076483213	0.48247257981526437	0.5148485441501794	0.49345788141448343	0.5113033208299498
0.4831386189755124	0.5565010717027886	0.49134434643498665	0.5481439997176135	0.478643710978945	0.5380220204120937	0.49377056236118694	0.5315059312610594	0.49700835612800387	0.5276613134477082
0.48336836468047895	0.5535634579130397	0.4661368253261205	0.55469289076609	0.46810457712877757	0.5528672536869427	0.4810495908162293	0.5552237928718802	0.5010176797666166	0.5598633793798883
0.48544221500558454	0.545658319682877	0.47992892351095884	0.5458034165859024	0.48808455779142224	0.5514157647712288	0.4911475929886834	0.5572250224784112	0.4724389303152477	0.5572480422939786
0.478944157156406	0.5436285325474226	0.46782498838768144	0.5484851266818077	0.46046536296865104	0.5550020915575353	0.49439394017202964	0.5526278668372331	0.4616161997968671	0.5533939070266791
