0.6050201952838868	0.5202480800955546	0.6012296996185055	0.5291601465367669	0.6011049173903728	0.5416328371926256	0.5958605088398528	0.5467320762436383	0.5961825878893016	0.5477165391960951
0.6044043585165052	0.5187682064886541	0.6079015262623076	0.5140311930811874	0.6103569613033616	0.5097812110308332	0.6158702377365156	0.5079082711147999	0.5963648187501844	0.5074743329201437
0.6075726165535669	0.5453489767846034	0.599548530894292	0.5283455642661734	0.6116754235762845	0.520796289267949	0.6092073314627329	0.5175235266329138	0.6130817713328447	0.5161195183971108
0.6179084796690335	0.562371731098739	0.6035453636948537	0.56382504603823	0.6058143058057959	0.562264762016881	0.6005701499537129	0.5613163600443196	0.5964468031509773	0.5611741316408162
0.6082908091705552	0.5308385483968554	0.6152024172188189	0.5244525960334555	0.6124839892129972	0.5174325648054747	0.5932084455499848	0.5128441131118733	0.6065860251241117	0.5125656601477137
0.46166852003014636	0.5041523762286839	0.4674156035167622	0.4950753622855594	0.4716438871743188	0.487232768509357	0.4710008101591086	0.4841415133942071	0.4599901918254014	0.48408695275502484
0.46166852003014636	0.5516872384230391	0.47214802558341307	0.5364734108363505	0.4600436111297094	0.5308885450084719	0.46551305756258404	0.5281795289478127	0.46008260071265916	0.5274946576421828
0.46166852003014636	0.540479381936952	0.4662600304479162	0.5276705313098412	0.46941432043959824	0.5220032867536013	0.46075695506460695	0.5193705588281619	0.4710127936824146	0.5184596088100152
0.46586738110841813	0.5692701999936418	0.4612339654829411	0.5667158251349291	0.4601085068667884	0.5547839199603541	0.46643871096940376	0.54856664884526	0.4680325656081207	0.5463531704307766
0.47113650212071057	0.5382528906399952	0.47068383569865935	0.523248020398277	0.46001522458752236	0.5150092593593752	0.46771221620073683	0.5120026145419102	0.466308117179677	0.5113289727184342
0.46166852003014636	0.5074365615532107	0.4611039447131528	0.5022456392853507	0.45997022570742274	0.4976119466540063	0.4607049215002637	0.4946695347557475	0.4600018135420961	0.4941648072837318
0.46166852003014636	0.5412671262521096	0.46117507276038616	0.5473974178230823	0.4687194444934611	0.5522923412806756	0.4608215770006276	0.549925859559527	0.4601273867529617	0.5495310830360324
0.46166852003014636	0.49036278397689065	0.46106805273057655	0.4860566212692642	0.45993548462785505	0.48364308438154857	0.46560293819942916	0.4829850229913747	0.4599881102984358	0.4827449351758319
0.46923374377029514	0.5424373014822917	0.46117753326219163	0.5507809263463335	0.46929689411019	0.5499885608705468	0.47177300938032013	0.5477493277223433	0.46953254706335495	0.5472637902452375
0.46166852003014636	0.5131045706406224	0.46865135427570764	0.5132658441615179	0.46000056741719786	0.5161191132726083	0.4705882788721435	0.5167385022722748	0.46809727509808907	0.5180444794488559
0.4699911687467365	0.5001690817147687	0.47250608578246583	0.491713461549069	0.47428010370486395	0.49133033785798497	0.460694611828817	0.4919569144883595	0.4600022273745923	0.49151051469486234
0.4727017531945406	0.5333428977338751	0.4611583999133696	0.5426797665443692	0.4670015282344588	0.5472321832545672	0.46081078698201233	0.546347459464562	0.46011186208959004	0.5458632818713064
0.46166852003014636	0.49003579166002076	0.4714651384612295	0.4864957537401668	0.4669280178139992	0.4851693189025894	0.46067837091470604	0.4837673030327203	0.4673178313036706	0.48425352926339565
0.46953466900725677	0.5539938732730979	0.46120184415346344	0.5518323502656729	0.47330682232413446	0.550150141461729	0.46081700268138664	0.5488991830576648	0.46011733228851204	0.5480213806568465
0.46166852003014636	0.5185930373287198	0.46947107086283363	0.5242692876222615	0.46001735837804036	0.5341864438756952	0.4607828964459736	0.5395189291078708	0.46803711959814687	0.5416833442174595
0.47340138908930074	0.5634214344391414	0.46122165603751447	0.5713100198045495	0.4658050012127908	0.5716322570394738	0.46668510703334765	0.5711443236826462	0.47120675473951995	0.5707531867722185
0.46166852003014636	0.5460865188532656	0.4705368096000506	0.5294738484840469	0.4600285822963867	0.5202673201986714	0.46076313986688916	0.5174476445670759	0.46887721657340486	0.5167380804340757
0.46166852003014636	0.5540753403575799	0.46747704701732273	0.54961048017957	0.4600717979583123	0.545150675151312	0.46080848247854445	0.5428580679706051	0.46010944723620717	0.5423734533297351
0.46166852003014636	0.5513450580278745	0.473719237130205	0.5492029364993412	0.46790573773931216	0.5466584676458587	0.46080955982897914	0.5405389482421227	0.4706556915650424	0.539393590848525
0.46981233325975347	0.5274235690945837	0.46114596226770804	0.517969677647678	0.4698304478972194	0.5122880005325803	0.4607457016801599	0.5089360786326058	0.4600402005936097	0.5084162937927769
0.4689002604736386	0.5499379740503819	0.46119331583530937	0.5472758692521045	0.47047588539915997	0.5455848701168234	0.4684960926074671	0.5444249315614185	0.46596700228706855	0.5440968046457652
0.47077988133978027	0.5471287247650453	0.46118741986093753	0.5304492682343332	0.46003068599806046	0.5228835927366208	0.46946646080344756	0.518202933489456	0.4600586254736507	0.5166354019499667
0.47415833717404454	0.5472024261626983	0.4611875748341304	0.5326078851008562	0.4600353064783007	0.5241058777806954	0.46875048409007075	0.5216373110847363	0.4673112031347658	0.5216431900078466
0.46166852003014636	0.5575390427381937	0.4671966714736608	0.5556931601433805	0.4600848475706906	0.551528472778179	0.46883138548356834	0.5448583850180185	0.4682054787850473	0.5433365663282975
0.4699196125958611	0.5106065315076617	0.4611106207059666	0.507889880961608	0.4714007611426881	0.5060633972998401	0.4689076979542165	0.5052482074666651	0.46739445645702726	0.5049447062955511
0.46166852003014636	0.5438154993041177	0.4611804311683168	0.5504211280493734	0.46584124792646125	0.5580763869437052	0.46901136516525016	0.5606682846981923	0.460146849020459	0.5603087369861991
0.46166852003014636	0.545796684556925	0.4669735947389232	0.534471564293533	0.4600393381641221	0.5265648833941304	0.4718240088052001	0.5224714020888118	0.4600635726191782	0.5211320898057461
0.47336281275361486	0.5176921593668476	0.46948841794956553	0.5141786379099578	0.46909936353691095	0.5129607561525161	0.4712144074805017	0.5123484190966793	0.4600469559854472	0.5126735490564196
0.46166852003014636	0.5540903507976975	0.46941168742818684	0.5494105654536743	0.4654056083143513	0.5374846500070103	0.4683091635250816	0.5326890445704314	0.4600912436154722	0.5322823337783749
0.46166852003014636	0.5260058712930016	0.4685648664058716	0.5191356794291034	0.4600064442724645	0.5126877031390387	0.472287469693358	0.5093314658930536	0.4600406775368749	0.508863115861447
0.47351959713373454	0.565517402245612	0.4612260745480863	0.5502050863846448	0.46797208744634167	0.5356188436879336	0.4607859908869825	0.5326496475919219	0.4600901581137309	0.5315615765890322
0.46166852003014636	0.5458611560200454	0.4611847545220932	0.5347250840312489	0.46003984900262274	0.5220656326402765	0.4607570560065509	0.5187258808033679	0.46669323596931084	0.5181939530301641
0.4691560534199492	0.5173872411216325	0.4707872558856008	0.5076025788467837	0.4599902461225674	0.4987158947697353	0.4607084602602152	0.4937807895032373	0.4664163753623772	0.4926343758323883
0.47410649988359643	0.5235558616534319	0.46925085298544605	0.5173991163535242	0.46642295443273923	0.5107139664908128	0.47225017824631066	0.5072073755442004	0.46897594862494785	0.506567323168267
0.46166852003014636	0.5502877389935106	0.47120981409344537	0.545363545550426	0.4600626746209654	0.5392260615285943	0.46080100291451564	0.5322758192961822	0.47020167366760535	0.5310615858690702
0.4696742190977221	0.5558881635496131	0.46120582726421333	0.5471881776765691	0.46710664202013397	0.5323450950094646	0.4648795086905958	0.5276066055309351	0.46008103218523305	0.5268157839671003
0.46166852003014636	0.5545338896728635	0.4612029796423788	0.549465068676884	0.4600714859962931	0.5449587892688309	0.4608116096473547	0.5425939159015334	0.4601076348512535	0.5418884338052872
0.46166852003014636	0.5438653254470157	0.47406626131775353	0.5554938863765833	0.4600843628249566	0.5606566253201467	0.4675781784319647	0.5601144031827926	0.4601412040776389	0.5600849320451695
0.4758465629332719	0.5556607512158906	0.4612161800689737	0.5412714123371986	0.4600538943847482	0.5350177053367878	0.4772958596966649	0.5328303843130523	0.4601002526712483	0.5318893217473312
0.47075668041966884	0.5394684573361023	0.46117128984677336	0.5314009929315311	0.4600327499572896	0.5236609977233625	0.4652252962549153	0.51969272166227	0.46710982838492	0.5187196429501626
0.4671414941188056	0.5566440987835927	0.4682310936286093	0.5554378895895129	0.4717134167612853	0.5513508332206641	0.47086299512028595	0.5492030543021068	0.4601257519461327	0.548597380993574
0.46893859547943434	0.5597984628195357	0.4612140390465172	0.5469888943058584	0.4699636300184001	0.5421737882602641	0.4698454211310795	0.5403185367338129	0.4601037627030549	0.5393743989164291
0.46166852003014636	0.5360887136982111	0.47051043342415927	0.5208099932594232	0.4683969218464451	0.5148231638530295	0.47128756705458197	0.5115147089331387	0.46389536154958994	0.5107090630026601
0.46166852003014636	0.550671424953795	0.46119485805936794	0.5416207956593446	0.4600546328636962	0.5292549780055089	0.4713280702874081	0.5260372478406075	0.4755369843126923	0.5256214104074503
0.46166852003014636	0.5274281500018352	0.4676449282367757	0.5365479242165547	0.4689513544485114	0.54583174836805	0.46080778614199186	0.5496558760081086	0.4601275920548409	0.5505059524543737
0.46166852003014636	0.5523263342880789	0.46426125166739035	0.5474372199898138	0.46006714675649546	0.5349158385698243	0.4694269892493089	0.5284538560032267	0.46889473695262246	0.5276401262693874
0.46166852003014636	0.5246236031170265	0.4736607952720607	0.5337567295258984	0.4600377321928363	0.5448314589315396	0.4684190771060818	0.5479220439189504	0.4687372629862972	0.5485247837368673
0.46166852003014636	0.5161048159096858	0.4611221542183099	0.517941398675466	0.46000381616044334	0.5259081740676721	0.47235203847150165	0.5317243540195558	0.46897618724018897	0.5325765484037708
0.46166852003014636	0.5307887109299436	0.4611530383681936	0.5224717193771444	0.4680870209581545	0.5172085902471745	0.4607533198450878	0.5146509094348237	0.460048947273072	0.5131795806816076
0.46657306927534137	0.5215267160963607	0.4611335730999943	0.5147625275623734	0.47159880755638417	0.508361280131615	0.4635017444700079	0.5054080595395268	0.46002861062906386	0.5045867624083723
0.46166852003014636	0.538993847959756	0.4611703145082604	0.5227918194594954	0.4715059927592151	0.5146261058677627	0.46584464176236606	0.5108093031114457	0.4600361617707179	0.5101054096198726
0.46166852003014636	0.501013174031925	0.461090411899995	0.5027338962679324	0.45997115197876404	0.5111112746805144	0.46073362234250126	0.5163027047677013	0.46004783383426834	0.5186698752078897
0.46921669332697774	0.5380882021004416	0.46116838749172456	0.5241864481717075	0.4600172487891156	0.5182948894317196	0.46074903776955817	0.5153218967462838	0.4679421372434072	0.514696754703399
0.4710951618591256	0.5570232573726532	0.4772679564645399	0.5521798698429224	0.4600773100149532	0.5452395743498772	0.47175626891884637	0.5410414680385716	0.471788464468922	0.540120238750689
0.46166852003014636	0.5231725778263718	0.46113703398562	0.5161563132855006	0.4652884023166387	0.5105816843474248	0.4607385639461236	0.5075164929890669	0.4600330465893451	0.5071649500809667
0.46166852003014636	0.57323755495312	0.4723531845788034	0.5765455566050874	0.4689922266827103	0.5735040833597234	0.4608703917381068	0.5718621143853346	0.46990133723265176	0.5710897202660931
0.46166852003014636	0.5391412527388676	0.47200741171092303	0.5463283972631052	0.4600647229676006	0.5483416575086942	0.4728938463371071	0.5460769000381861	0.4656094297917458	0.545917727120711
0.4721104998304719	0.5279611512273569	0.46114709267590615	0.5183945479222506	0.47126707470762164	0.5134474780095519	0.460745174923468	0.5110429779653891	0.46942040483784553	0.5100589581574831
0.47289403617256703	0.5570911380062197	0.4612083567487047	0.5533193639659225	0.46431498047165476	0.5412468133113814	0.46829087001647324	0.5339344452091547	0.4600939395258321	0.5326286644652934
0.46166852003014636	0.5045732098548129	0.4671085762194174	0.5056043777090269	0.47316218253253745	0.5084479133216695	0.4607344148299102	0.5127378455315672	0.47344314772879015	0.5132129151460803
0.46480882316665506	0.5533833350951592	0.4695572907721856	0.5486053219638541	0.4733211230251544	0.541903815026225	0.4635700933203893	0.5336826074506402	0.4721373151264116	0.5321196437706736
0.47205009948469295	0.5458874111245859	0.471567075253863	0.5367268384470733	0.4651757974152311	0.5233500533528133	0.47225059878980824	0.520224090887848	0.4729034826633174	0.5196927638233316
0.46864474857966665	0.5746646991269038	0.4700012802945234	0.5805783074055605	0.4601382350902697	0.5784755759164153	0.46858657499687323	0.5765946624820316	0.46018061193828	0.5763699402473702
0.46166852003014636	0.5291743833950125	0.46114964562205946	0.5398326338728834	0.46005076519092286	0.550216519627432	0.4669881174531878	0.5526262822368271	0.46013275564957146	0.552197464622239
0.46166852003014636	0.5267305636032625	0.4705244198154086	0.5358574155387482	0.4600422482797494	0.544153197690678	0.46867496360824185	0.5498086022835539	0.4601254161914509	0.5499172246465279
0.46166852003014636	0.5199666011579941	0.46895025733127305	0.5109445932423409	0.4706727844723941	0.5033234340868599	0.4697788610664036	0.4989438961620395	0.47059275498170344	0.49806482879072433
0.471238814942387	0.5253797541288618	0.47153157074658336	0.5165279557607535	0.4600008385043349	0.5108321585822102	0.4607415080169662	0.5075616096255057	0.46003584282360876	0.5071369544705941
0.4754720998141698	0.5505596689173887	0.4696681088362612	0.5479647673141257	0.46006822209749915	0.5456422849404636	0.46756193541866087	0.5445076914452428	0.4696597402727438	0.5444096064697345
0.46998108127977584	0.5513677339522018	0.4611963221850543	0.548665271514224	0.4695747725421847	0.5423735201442469	0.46580232989797543	0.5352385806154181	0.47032709073622353	0.5333918712435
0.4677146103987613	0.5233199311007691	0.470721754700385	0.5171134259984557	0.4700461093291953	0.5104043957790896	0.46074085267693615	0.506326269647055	0.4600336556459437	0.505420574971982
0.4721425590508056	0.5560673161684027	0.461206203967023	0.5516811484962139	0.46589897304174743	0.5370990009440275	0.460789163037384	0.5308236503018103	0.46888151338335166	0.529813872970849
0.47333096478238057	0.570299802374068	0.47117194744376584	0.5641029469461755	0.4683547743876225	0.552324195664498	0.47307370121608544	0.5448121055032275	0.46011728419979075	0.5445953755584072
0.46166852003014636	0.5152312481271131	0.4705606151045015	0.5111341676583131	0.45998930773200325	0.5069774198806709	0.46987198969253474	0.505295679684244	0.47022642304446466	0.5048934089705297
0.46166852003014636	0.5199810533480034	0.4611303124353203	0.5122683513277705	0.45999169917496824	0.505824427351091	0.46523116153754457	0.5023086326173303	0.4642739282447041	0.5019657815199416
0.46166852003014636	0.5447257424856325	0.46943336006566905	0.5519350822147353	0.4600767624038063	0.5485284233648616	0.46914313949092706	0.5460313284121238	0.46715472206287556	0.5454651047745249
0.4718087288327014	0.5516014902283888	0.46119681370323024	0.5466972102907689	0.46006555914322833	0.5414543924237925	0.46719256040085194	0.5353707554017502	0.4600916542109891	0.5353088142041493
0.46991340604633713	0.5573950835274477	0.46120898462130716	0.5568056554928502	0.4600872113910839	0.5548260432348009	0.4704045512199484	0.553527681174474	0.4685439142094025	0.5532857655894237
0.46166852003014636	0.5080282185400972	0.4611051309925281	0.49778309266984255	0.4673755264335618	0.4887534274327642	0.4606946809963228	0.48654673292763817	0.45999101563216377	0.486185619637524
0.47226755495232686	0.5503940289109499	0.4611942747799337	0.5446631701391769	0.46006116032494104	0.5315972693553174	0.46772621860607655	0.5286508253321375	0.4713050267426279	0.5277912204226844
0.4703064437347528	0.5599517569308947	0.47283996685989643	0.5557491164005764	0.46922375754761614	0.5516720634144567	0.47020354226964894	0.5493861347219723	0.475262337041657	0.5487437033205693
0.46166852003014636	0.5173541529896382	0.4611314311955531	0.5120928671995415	0.45999132265991977	0.5079563085017429	0.47025136224378217	0.5057016529362339	0.46002937859389664	0.5052266329583647
0.46929322336360785	0.5339596997902728	0.4685667296214359	0.5183896287198091	0.47124436526383784	0.5125687343908202	0.46803754009722925	0.5093812140747302	0.4600416718409241	0.5082446621496767
0.46166852003014636	0.5582606725754468	0.46121081591830493	0.5560466742297884	0.4637228059793432	0.5539598117386034	0.4608251355718345	0.5488019195384556	0.4601171250628107	0.5470292972758033
0.4676984642423834	0.5534407663199002	0.4612006811389381	0.5469124927425812	0.4600659862801437	0.5333772392545928	0.4607812052570013	0.5307698175255523	0.4660224553995528	0.5302069373583322
0.46166852003014636	0.5504333207336561	0.4611943684895061	0.5351939183324597	0.46840394778796296	0.5292700777565544	0.47251896061165727	0.5268408825826871	0.46570659727245983	0.5259734584036898
0.46800792708725525	0.5403136314485881	0.4611730670509428	0.5248972672356002	0.4702307154305507	0.5191120257890284	0.4690282770327248	0.5161126581540931	0.46005743294524387	0.5153751946629057
0.47182642913764944	0.5363292177431486	0.4611647115412339	0.521891831021675	0.4600123255745841	0.5161446628964004	0.4607444471200536	0.5132296832556239	0.4736836478362474	0.5124809406598411
0.4723920561495496	0.5541354240707953	0.46120214179141356	0.5510271041790981	0.46631001595572463	0.5463997560256564	0.4608089963473522	0.5442327255861465	0.46011538668967744	0.5436025422862136
0.46166852003014636	0.5025502174499452	0.46109364369549616	0.5033804291182044	0.4693724918252915	0.5031119949029635	0.460725221977769	0.5036626000321807	0.4702452838283771	0.5035174719624939
0.46862248740346063	0.5511811522194723	0.4711113539642333	0.5461956797772399	0.4600644831619801	0.5391160864281337	0.46079346920066566	0.5318338223357737	0.46976555842866063	0.530727823258105
0.46166852003014636	0.540829261868484	0.47165409445471446	0.5266905924835721	0.4726534157420617	0.5208882190021156	0.4607643442488146	0.5181356895854333	0.4600600770369571	0.5170612275798818
0.4699367022601289	0.5240813192139993	0.46113892600710477	0.5315213402276562	0.46822124649060076	0.5419363876976492	0.4698161472417731	0.5478642947240677	0.46894668615375623	0.5499318014860302
0.46898069582680585	0.5404914412236561	0.46117346352533256	0.5235736243168494	0.4647858382479178	0.5155548943082296	0.46075337091293606	0.5122540053415352	0.460047809211334	0.5113664878581115
0.46166852003014636	0.5248043825560225	0.4748529814461989	0.5177025733601865	0.4600108557093171	0.5113747401037984	0.46827309917372884	0.508753566622342	0.46551481338317247	0.5081804907341937
0.46166852003014636	0.5568737236078649	0.4612078995933238	0.5524404396348197	0.46007788063443755	0.5417971186651739	0.460799192787776	0.5335342584153232	0.4600845835510151	0.5329568880811405
