0.0005	0.002521810958256142	0.002521810958256142	0.004545642439555206	0.004545642439555206	0.00669044833900676	0.00669044833900676	0.00880473351530709	0.00880473351530709	0.010750851941038246
0.0005	0.0027953771427348677	0.0027953771427348677	0.0049177500047718065	0.0049177500047718065	0.006993491271160121	0.006993491271160121	0.009161647117061793	0.009161647117061793	0.010587879620959197
0.0005	0.0024623673673285426	0.0024623673673285426	0.003808458817430645	0.003808458817430645	0.0053882883122134744	0.0053882883122134744	0.006536380011112455	0.006536380011112455	0.007953625984155874
0.0005	0.0018273463053750643	0.0018273463053750643	0.0025943171316071684	0.0025943171316071684	0.0037661720452598847	0.0037661720452598847	0.004897103907354324	0.004897103907354324	0.006133364570831135
0.0005	0.0025334129711130737	0.0025334129711130737	0.004574679122985298	0.004574679122985298	0.0062720316560951565	0.0062720316560951565	0.00755235445849932	0.00755235445849932	0.008867444160676472
0.0005	0.0003013932044799403	0.0003013932044799403	0.0005450018369109299	0.0005450018369109299	0.00013539088397124106	0.00013539088397124106	0.00015126693097347287	0.00015126693097347287	0.00011446806871616723
0.0005	7.718542594660691e-5	7.718542594660691e-5	9.644990982119589e-5	9.644990982119589e-5	8.861980776852504e-5	8.861980776852504e-5	8.018190484432425e-5	8.018190484432425e-5	9.087940789837271e-5
0.0005	7.543857669365484e-5	7.543857669365484e-5	9.447083121078305e-5	9.447083121078305e-5	7.824397911391657e-5	7.824397911391657e-5	8.128159129350142e-5	8.128159129350142e-5	7.961573912425242e-5
0.0005	8.08602666281494e-5	8.08602666281494e-5	8.313328180754989e-5	8.313328180754989e-5	8.135232982404135e-5	8.135232982404135e-5	8.155898597393961e-5	8.155898597393961e-5	8.594797558902856e-5
0.0005	7.479991635021631e-5	7.479991635021631e-5	0.00010418276065463884	0.00010418276065463884	8.894651409585294e-5	8.894651409585294e-5	0.00010577134827122717	0.00010577134827122717	7.904826961458265e-5
0.0005	8.372343882548588e-5	8.372343882548588e-5	0.00014879207704698811	0.00014879207704698811	8.584207677476018e-5	8.584207677476018e-5	8.185777380677109e-5	8.185777380677109e-5	7.441426898200327e-5
0.0005	0.00013083438900320882	0.00013083438900320882	9.606303859097826e-5	9.606303859097826e-5	0.00011727804544265493	0.00011727804544265493	7.91922721325363e-5	7.91922721325363e-5	0.00011063839472998311
0.0005	0.00028984283249338587	0.00028984283249338587	0.0003576273357703466	0.0003576273357703466	0.00020754147374934048	0.00020754147374934048	0.00027677380039853333	0.00027677380039853333	0.000178139716247641
0.0005	0.00011286528430949528	0.00011286528430949528	9.71224504297983e-5	9.71224504297983e-5	0.00010668696251518934	0.00010668696251518934	9.457886933799085e-5	9.457886933799085e-5	0.0001465840586863597
0.0005	0.00023818228890736852	0.00023818228890736852	0.0003677496525633535	0.0003677496525633535	0.0002430755617022572	0.0002430755617022572	0.00032828996019786593	0.00032828996019786593	0.00018697862537425973
0.0005	0.00037652683043843944	0.00037652683043843944	0.0004380354097957883	0.0004380354097957883	0.00015033332404260888	0.00015033332404260888	0.00013050822859272468	0.00013050822859272468	0.00013374887205944603
0.0005	9.338344807548212e-5	9.338344807548212e-5	0.00012101209134811947	0.00012101209134811947	0.00012321044783183217	0.00012321044783183217	0.00010205884960575808	0.00010205884960575808	0.00011000750788925869
0.0005	0.0002872260516462088	0.0002872260516462088	0.0005095167119762613	0.0005095167119762613	0.0003327369528207103	0.0003327369528207103	0.00017136125932060454	0.00017136125932060454	0.00024714157951452836
0.0005	7.964477647883677e-5	7.964477647883677e-5	8.166675504768842e-5	8.166675504768842e-5	7.949689767129384e-5	7.949689767129384e-5	7.959506632057036e-5	7.959506632057036e-5	9.163164698905576e-5
0.0005	0.00012778394858243357	0.00012778394858243357	0.00015754473209239625	0.00015754473209239625	0.0001245923632364275	0.0001245923632364275	0.00011132873706720798	0.00011132873706720798	0.00013958297530281582
0.0005	0.00010643550412616615	0.00010643550412616615	0.0001100521905917628	0.0001100521905917628	0.00011445199006426816	0.00011445199006426816	9.084599553596919e-5	9.084599553596919e-5	0.00013938141671879852
0.0005	7.942216290055253e-5	7.942216290055253e-5	8.226246589042123e-5	8.226246589042123e-5	7.858763452631627e-5	7.858763452631627e-5	7.940488584362599e-5	7.940488584362599e-5	7.946062770322099e-5
0.0005	7.870143105113263e-5	7.870143105113263e-5	8.197327489725667e-5	8.197327489725667e-5	8.651144992965251e-5	8.651144992965251e-5	9.237738847585821e-5	9.237738847585821e-5	0.00012247440144613953
0.0005	7.834246931323202e-5	7.834246931323202e-5	8.044994421653297e-5	8.044994421653297e-5	8.026964258989102e-5	8.026964258989102e-5	7.984303650042227e-5	7.984303650042227e-5	8.035079179142015e-5
0.0005	7.454868284352476e-5	7.454868284352476e-5	8.024781266556278e-5	8.024781266556278e-5	7.635850931584753e-5	7.635850931584753e-5	8.701625414977879e-5	8.701625414977879e-5	7.8619009738552e-5
0.0005	8.04682957195728e-5	8.04682957195728e-5	8.734872899459512e-5	8.734872899459512e-5	7.972856648154523e-5	7.972856648154523e-5	8.44494432596219e-5	8.44494432596219e-5	0.00010679653984524934
0.0005	7.592958777061106e-5	7.592958777061106e-5	7.800048497531774e-5	7.800048497531774e-5	8.231714843203267e-5	8.231714843203267e-5	7.935938214118976e-5	7.935938214118976e-5	8.045060568838744e-5
0.0005	8.495042053643924e-5	8.495042053643924e-5	0.00011448242818445319	0.00011448242818445319	7.93699317577323e-5	7.93699317577323e-5	0.00012060186197705844	0.00012060186197705844	8.08090233076717e-5
0.0005	8.168055135660237e-5	8.168055135660237e-5	7.957089757847614e-5	7.957089757847614e-5	8.198935873966812e-5	8.198935873966812e-5	7.996610894096739e-5	7.996610894096739e-5	8.071493242663682e-5
0.0005	0.00011465124370975066	0.00011465124370975066	0.00010088949072490749	0.00010088949072490749	9.150287165864472e-5	9.150287165864472e-5	0.00011459402453604798	0.00011459402453604798	9.781556099419521e-5
0.0005	0.00013018877332656074	0.00013018877332656074	9.055811011632954e-5	9.055811011632954e-5	0.00017305718022221278	0.00017305718022221278	0.00011562673607925856	0.00011562673607925856	0.0001406325349892616
0.0005	7.765761940341851e-5	7.765761940341851e-5	8.135284964082696e-5	8.135284964082696e-5	8.007894661607798e-5	8.007894661607798e-5	8.117644317812672e-5	8.117644317812672e-5	8.228279624487312e-5
0.0005	0.0001417114855247317	0.0001417114855247317	0.00023616541400568733	0.00023616541400568733	0.0001415547595963285	0.0001415547595963285	0.00013821392859555894	0.00013821392859555894	0.00015204829194339888
0.0005	7.905786657417891e-5	7.905786657417891e-5	8.096419453444847e-5	8.096419453444847e-5	7.940611802625346e-5	7.940611802625346e-5	7.99298108042294e-5	7.99298108042294e-5	8.011630977395397e-5
0.0005	9.823844642718027e-5	9.823844642718027e-5	9.677233555083687e-5	9.677233555083687e-5	0.00010537074323933648	0.00010537074323933648	9.027290555057129e-5	9.027290555057129e-5	7.979271099461309e-5
0.0005	7.980867444886455e-5	7.980867444886455e-5	8.891379652162614e-5	8.891379652162614e-5	8.33375102258126e-5	8.33375102258126e-5	9.016656509147915e-5	9.016656509147915e-5	8.157070490842099e-5
0.0005	7.6616386477262e-5	7.6616386477262e-5	8.091277424243694e-5	8.091277424243694e-5	7.841983100574287e-5	7.841983100574287e-5	7.882760822052852e-5	7.882760822052852e-5	7.918850342246607e-5
0.0005	0.00019011167650658694	0.00019011167650658694	0.00012179295316560249	0.00012179295316560249	0.00011235399240319256	0.00011235399240319256	0.00010798240826055789	0.00010798240826055789	0.00010028042137064252
0.0005	0.00011127270707841551	0.00011127270707841551	0.0001004411750963578	0.0001004411750963578	8.825798005417365e-5	8.825798005417365e-5	7.696165243252684e-5	7.696165243252684e-5	7.796629533611404e-5
0.0005	7.939189799008091e-5	7.939189799008091e-5	7.870833455481636e-5	7.870833455481636e-5	7.8936310071417e-5	7.8936310071417e-5	8.039563238761472e-5	8.039563238761472e-5	7.967833012149467e-5
0.0005	7.836961028019408e-5	7.836961028019408e-5	7.94233340857739e-5	7.94233340857739e-5	8.741254510153707e-5	8.741254510153707e-5	8.985886835275334e-5	8.985886835275334e-5	8.099536531928889e-5
0.0005	7.852827943980017e-5	7.852827943980017e-5	8.205989333216738e-5	8.205989333216738e-5	9.38912900371891e-5	9.38912900371891e-5	7.880602410487134e-5	7.880602410487134e-5	0.00013881026636866875
0.0005	8.582947794923209e-5	8.582947794923209e-5	0.00011906283957255839	0.00011906283957255839	0.00011189245870757055	0.00011189245870757055	7.873587261255845e-5	7.873587261255845e-5	0.0001344115355332138
0.0005	9.279932920650706e-5	9.279932920650706e-5	8.447081889556709e-5	8.447081889556709e-5	8.924806510350722e-5	8.924806510350722e-5	0.00010923090096283061	0.00010923090096283061	8.182087999411734e-5
0.0005	0.0001001757107689457	0.0001001757107689457	0.0001037629893643295	0.0001037629893643295	0.00010225623530985681	0.00010225623530985681	8.529935311270234e-5	8.529935311270234e-5	8.0459800726026e-5
0.0005	7.960790617183348e-5	7.960790617183348e-5	8.629678590593444e-5	8.629678590593444e-5	0.00011197027216282845	0.00011197027216282845	8.343562171003189e-5	8.343562171003189e-5	0.0001053425777729403
0.0005	9.053954350523983e-5	9.053954350523983e-5	8.563348378747964e-5	8.563348378747964e-5	8.376462697150264e-5	8.376462697150264e-5	8.249750644220575e-5	8.249750644220575e-5	0.00010261783248031733
0.0005	7.520014703063764e-5	7.520014703063764e-5	7.697810863418271e-5	7.697810863418271e-5	7.77678656526431e-5	7.77678656526431e-5	7.883231611994965e-5	7.883231611994965e-5	7.88738543749635e-5
0.0005	7.761517622059804e-5	7.761517622059804e-5	7.870775175109969e-5	7.870775175109969e-5	7.894819416345904e-5	7.894819416345904e-5	7.949653762105661e-5	7.949653762105661e-5	7.967795439452029e-5
0.0005	8.761011252811674e-5	8.761011252811674e-5	0.00011991059096984933	0.00011991059096984933	0.0001494949451867972	0.0001494949451867972	0.000120823812819008	0.000120823812819008	0.00015643697714029178
0.0005	7.846184023209903e-5	7.846184023209903e-5	7.919886775668179e-5	7.919886775668179e-5	8.050144252001543e-5	8.050144252001543e-5	7.975225909712084e-5	7.975225909712084e-5	7.987045395847862e-5
0.0005	0.00011239827402972998	0.00011239827402972998	0.00016821022351532058	0.00016821022351532058	0.0001366176953620161	0.0001366176953620161	9.653575867307016e-5	9.653575867307016e-5	0.00011809998966332798
0.0005	0.00018603957253409667	0.00018603957253409667	0.00011648790692311813	0.00011648790692311813	0.00011956030851548531	0.00011956030851548531	0.00012242723959582973	0.00012242723959582973	0.00013835170577547066
0.0005	8.185524089754592e-5	8.185524089754592e-5	8.837741543453325e-5	8.837741543453325e-5	7.689098371218857e-5	7.689098371218857e-5	7.973787699806947e-5	7.973787699806947e-5	7.927659641797545e-5
0.0005	8.802704901081899e-5	8.802704901081899e-5	8.7232589807596e-5	8.7232589807596e-5	9.003900568259657e-5	9.003900568259657e-5	8.280294429108708e-5	8.280294429108708e-5	8.226613276515807e-5
0.0005	7.488823953729815e-5	7.488823953729815e-5	9.369285303400148e-5	9.369285303400148e-5	7.80305599120308e-5	7.80305599120308e-5	8.63536889933706e-5	8.63536889933706e-5	7.878363544826872e-5
0.0005	0.0002138262529220271	0.0002138262529220271	0.00039968843346166336	0.00039968843346166336	0.0001350741309152176	0.0001350741309152176	0.00018438381872162079	0.00018438381872162079	0.0001289409259755283
0.0005	7.497892275935322e-5	7.497892275935322e-5	8.095892940591512e-5	8.095892940591512e-5	7.783303572505762e-5	7.783303572505762e-5	8.4947100975596e-5	8.4947100975596e-5	7.944751461156986e-5
0.0005	8.665734854010755e-5	8.665734854010755e-5	0.00010413227170088732	0.00010413227170088732	9.246840330691301e-5	9.246840330691301e-5	8.038471637873104e-5	8.038471637873104e-5	0.00010781798635878255
0.0005	9.442767300793863e-5	9.442767300793863e-5	9.388625836742152e-5	9.388625836742152e-5	9.970126274226852e-5	9.970126274226852e-5	8.578613538881293e-5	8.578613538881293e-5	8.197444024773593e-5
0.0005	9.107967364083575e-5	9.107967364083575e-5	0.00011829222015365228	0.00011829222015365228	9.214985053053065e-5	9.214985053053065e-5	9.56966212605624e-5	9.56966212605624e-5	0.00015052689973372633
0.0005	0.00011747069955281475	0.00011747069955281475	0.00013034924018232873	0.00013034924018232873	0.00011504575901638493	0.00011504575901638493	7.960935624646847e-5	7.960935624646847e-5	0.00011867987477486995
0.0005	0.0002931097162954265	0.0002931097162954265	0.00026702197444337906	0.00026702197444337906	8.681440781205816e-5	8.681440781205816e-5	0.00011621294945629293	0.00011621294945629293	7.873466276619268e-5
0.0005	7.903382252322058e-5	7.903382252322058e-5	8.596312652068986e-5	8.596312652068986e-5	8.151343297583053e-5	8.151343297583053e-5	9.544950078881634e-5	9.544950078881634e-5	8.040311992916917e-5
0.0005	0.000355529315402965	0.000355529315402965	0.00036815984144860655	0.00036815984144860655	0.0002892346555097328	0.0002892346555097328	0.0001408374572639317	0.0001408374572639317	0.0002562782539828643
0.0005	7.91276736767421e-5	7.91276736767421e-5	8.035127445153866e-5	8.035127445153866e-5	7.931879819045908e-5	7.931879819045908e-5	7.983451751214156e-5	7.983451751214156e-5	8.0145300863814e-5
0.0005	7.706442656641753e-5	7.706442656641753e-5	7.897380098977032e-5	7.897380098977032e-5	7.82771662086921e-5	7.82771662086921e-5	7.942786775340725e-5	7.942786775340725e-5	7.919603368326048e-5
0.0005	0.00010122726881624357	0.00010122726881624357	0.0001009893309747324	0.0001009893309747324	8.925163374385518e-5	8.925163374385518e-5	0.00010789120382758228	0.00010789120382758228	0.00013162036318461884
0.0005	0.00013805827082153445	0.00013805827082153445	9.774597455160023e-5	9.774597455160023e-5	0.00013693802055009133	0.00013693802055009133	0.0001583101345414667	0.0001583101345414667	0.00012541084795676024
0.0005	0.00011657708019463627	0.00011657708019463627	0.00010666329215720219	0.00010666329215720219	0.00015745789620735798	0.00015745789620735798	0.00010869295677419741	0.00010869295677419741	0.00013934879441870443
0.0005	9.324936894659147e-5	9.324936894659147e-5	9.848407925523385e-5	9.848407925523385e-5	0.00010384331945421296	0.00010384331945421296	8.394680768959127e-5	8.394680768959127e-5	8.652761479427893e-5
0.0005	7.396433405735907e-5	7.396433405735907e-5	8.261285569519466e-5	8.261285569519466e-5	8.13329934531534e-5	8.13329934531534e-5	8.234119694031175e-5	8.234119694031175e-5	7.839540313331614e-5
0.0005	7.939167799373667e-5	7.939167799373667e-5	7.857427430983176e-5	7.857427430983176e-5	7.880768181000898e-5	7.880768181000898e-5	8.423806892566e-5	8.423806892566e-5	0.00012036370894101497
0.0005	7.831485583567839e-5	7.831485583567839e-5	7.9798967976135e-5	7.9798967976135e-5	8.109292038160878e-5	8.109292038160878e-5	7.92984579575714e-5	7.92984579575714e-5	9.57158273547706e-5
0.0005	7.810779973221607e-5	7.810779973221607e-5	8.402551903349775e-5	8.402551903349775e-5	7.800073158968574e-5	7.800073158968574e-5	8.108113924164323e-5	8.108113924164323e-5	7.814265985888251e-5
0.0005	7.900720156429944e-5	7.900720156429944e-5	8.076021699753288e-5	8.076021699753288e-5	7.954217030335857e-5	7.954217030335857e-5	7.988416164440085e-5	7.988416164440085e-5	7.99339341523396e-5
0.0005	8.056256198215412e-5	8.056256198215412e-5	8.306677218125508e-5	8.306677218125508e-5	8.166587659870302e-5	8.166587659870302e-5	8.192881888119144e-5	8.192881888119144e-5	8.286858252481893e-5
0.0005	7.464884338530665e-5	7.464884338530665e-5	7.37751249713803e-5	7.37751249713803e-5	7.788138496609017e-5	7.788138496609017e-5	7.589865836959113e-5	7.589865836959113e-5	7.49732638710612e-5
0.0005	7.360465780742962e-5	7.360465780742962e-5	7.871027936985412e-5	7.871027936985412e-5	7.553278719096666e-5	7.553278719096666e-5	7.760392916905337e-5	7.760392916905337e-5	7.785476912004869e-5
0.0005	9.669786530460599e-5	9.669786530460599e-5	7.928069678701678e-5	7.928069678701678e-5	0.00010374227623784995	0.00010374227623784995	7.700548507249291e-5	7.700548507249291e-5	0.00012004023027568286
0.0005	7.861514249612779e-5	7.861514249612779e-5	7.901559058493148e-5	7.901559058493148e-5	7.905887469754031e-5	7.905887469754031e-5	7.946510604131722e-5	7.946510604131722e-5	8.540364545272547e-5
0.0005	7.944296420257209e-5	7.944296420257209e-5	7.960846044543204e-5	7.960846044543204e-5	8.698140210643708e-5	8.698140210643708e-5	8.747397471442421e-5	8.747397471442421e-5	0.000110610377287525
0.0005	0.00012446860898581444	0.00012446860898581444	0.0001391554727742069	0.0001391554727742069	0.00012559933516200037	0.00012559933516200037	0.00011566896157902561	0.00011566896157902561	0.00010756057793024966
0.0005	7.785210767084174e-5	7.785210767084174e-5	7.887932190793153e-5	7.887932190793153e-5	7.890896598257823e-5	7.890896598257823e-5	7.95918254111993e-5	7.95918254111993e-5	7.962509040919184e-5
0.0005	8.06505472809119e-5	8.06505472809119e-5	8.134632944806436e-5	8.134632944806436e-5	8.070434605629726e-5	8.070434605629726e-5	8.01721753195137e-5	8.01721753195137e-5	0.00010911937727871955
0.0005	7.824421735138971e-5	7.824421735138971e-5	9.32263006189282e-5	9.32263006189282e-5	7.476871477132943e-5	7.476871477132943e-5	7.5851469649897e-5	7.5851469649897e-5	7.689111074408928e-5
0.0005	0.00013136497585602684	0.00013136497585602684	0.0002208411244938815	0.0002208411244938815	0.00010704003601056858	0.00010704003601056858	0.0001073632074614786	0.0001073632074614786	7.913249579009081e-5
0.0005	8.018684420038895e-5	8.018684420038895e-5	8.225109708878349e-5	8.225109708878349e-5	7.98323374161533e-5	7.98323374161533e-5	8.019115188576372e-5	8.019115188576372e-5	8.081688208639323e-5
0.0005	7.82339009921148e-5	7.82339009921148e-5	8.204144420085356e-5	8.204144420085356e-5	7.949669027842956e-5	7.949669027842956e-5	7.979533535364557e-5	7.979533535364557e-5	8.000884543435689e-5
0.0005	7.967663545018378e-5	7.967663545018378e-5	8.164665445808417e-5	8.164665445808417e-5	8.486599559893995e-5	8.486599559893995e-5	7.971735911036095e-5	7.971735911036095e-5	9.083167512491562e-5
0.0005	7.513033393811278e-5	7.513033393811278e-5	9.107944066304426e-5	9.107944066304426e-5	7.820257523049084e-5	7.820257523049084e-5	7.883761665286688e-5	7.883761665286688e-5	7.916764322133052e-5
0.0005	7.675538604016524e-5	7.675538604016524e-5	8.439434189208928e-5	8.439434189208928e-5	8.216836548888447e-5	8.216836548888447e-5	7.868307937532748e-5	7.868307937532748e-5	7.904731265226465e-5
0.0005	7.963785707398798e-5	7.963785707398798e-5	7.921750644087995e-5	7.921750644087995e-5	8.949597839031905e-5	8.949597839031905e-5	9.537478319090422e-5	9.537478319090422e-5	0.00012978244182358675
0.0005	0.00015958231596751817	0.00015958231596751817	0.0002491928240244575	0.0002491928240244575	0.00023038574924971392	0.00023038574924971392	0.00014293975563894038	0.00014293975563894038	0.00013624337626312515
0.0005	7.815838007186643e-5	7.815838007186643e-5	7.943966965462352e-5	7.943966965462352e-5	7.992911712839971e-5	7.992911712839971e-5	7.948283788391019e-5	7.948283788391019e-5	7.974715640486262e-5
0.0005	7.806622949973655e-5	7.806622949973655e-5	8.88355036235608e-5	8.88355036235608e-5	8.214904751368627e-5	8.214904751368627e-5	7.920498989098493e-5	7.920498989098493e-5	7.953132691773685e-5
0.0005	0.00014071173206073873	0.00014071173206073873	0.00015596068400810408	0.00015596068400810408	0.00012136890239149812	0.00012136890239149812	0.00012389590355518201	0.00012389590355518201	0.0001522445153222462
0.0005	7.498870987770158e-5	7.498870987770158e-5	9.268226061084418e-5	9.268226061084418e-5	7.811949662508708e-5	7.811949662508708e-5	7.858117510590325e-5	7.858117510590325e-5	7.892734167344466e-5
0.0005	0.0001031396374252409	0.0001031396374252409	0.00010842781291383649	0.00010842781291383649	0.00010141933272251245	0.00010141933272251245	0.00012501913015695233	0.00012501913015695233	8.463383751250008e-5
0.0005	7.895116639392793e-5	7.895116639392793e-5	8.118479402960884e-5	8.118479402960884e-5	8.457078602329589e-5	8.457078602329589e-5	9.797873257695491e-5	9.797873257695491e-5	8.026370935281074e-5
