0.6004245122179538	0.5494649344411239	0.6021972984410315	0.5484908388340068	0.6041080188724133	0.5478980591143015	0.601969845896141	0.5473709054645913	0.5955480178050289	0.547466957119714
0.6101370419539318	0.5064126226074428	0.6009973988330712	0.5052582574964581	0.6087078365320607	0.5044156800424519	0.6136653612134968	0.5035063763037805	0.5945059618227326	0.5036065789544323
0.6025096888345239	0.5146934298130993	0.6056401823922429	0.5124940659400942	0.6175426292115688	0.5118014718727877	0.6121170896126015	0.5111613946525576	0.6130970631917818	0.5102367047337524
0.6186413710301046	0.5608712153008298	0.5955476642458203	0.5601740913927349	0.6051926736666131	0.5600619848210887	0.6012932238758708	0.560081564220458	0.6010533746155137	0.5601497122286402
0.6016581233573683	0.5110901972556231	0.6085697697433093	0.5088072786279325	0.6144181825006839	0.507129343785664	0.5931583752879188	0.5065942644711859	0.6037369981186017	0.5060828642451475
0.4606105668893511	0.4843096360648427	0.46930588790571437	0.48396421387879696	0.4681058080104021	0.48417613590698233	0.467856036413704	0.48388433343445914	0.4613600283334406	0.4838568224417117
0.4606105668893511	0.5265398143834986	0.4696100306134125	0.5254290040842247	0.4594501695949547	0.5249606346732341	0.4689661000300689	0.524077560587837	0.46144208304173373	0.523223792618006
0.4606105668893511	0.5173358904838599	0.46794362373249027	0.5159653340265468	0.4634262467335272	0.5147991623702564	0.4604721363339123	0.514152258057953	0.4741923278544202	0.513894882051264
0.4690662756128446	0.5441090648738556	0.46110350437366265	0.5425529494201726	0.459486787758898	0.5418265878781925	0.46765161146732764	0.5406638807044125	0.4715000098647204	0.5408729735421409
0.4673497847630244	0.5096359681554599	0.46884521213266706	0.5077151491657667	0.4594122574205301	0.5058892876829585	0.4700183840283289	0.5038568471044346	0.46695735889833523	0.5042769759534004
0.4606105668893511	0.49266101795264444	0.46099348895552544	0.4914599580390493	0.45937755340851183	0.490463202700619	0.4604203110604844	0.48996817820546745	0.4613599373592669	0.4900967127991614
0.4606105668893511	0.5485794405211984	0.46111307773474697	0.5472219836984987	0.46910793854425203	0.5463768499628477	0.4605393441064874	0.545934663879196	0.4614857075682043	0.5455255885590478
0.4606105668893511	0.48246491574304395	0.46097168957576246	0.4817630507302268	0.4593568210022467	0.48153395385276015	0.46926662864538954	0.481623319718423	0.46135577662724875	0.4810295173788465
0.4676432487972175	0.5460099525012345	0.461107581819167	0.5448326035642523	0.467660689447959	0.5438945151969219	0.4709168449252232	0.5433301386915702	0.46845010172627954	0.5432021232250311
0.4606105668893511	0.5195176132053054	0.46882645922152905	0.5199980524104216	0.4594414163851124	0.5205260086887402	0.467880911070064	0.5221078451800086	0.4668077614513133	0.5220517177011773
0.4679890148875696	0.49161968712919196	0.4683231721975456	0.4919272557768644	0.4690101396227468	0.4921026753478915	0.46042955901298177	0.49310815838795213	0.4613732165179238	0.4930755351130054
0.471985502123416	0.54529015836334	0.46110603106422376	0.5447366961271944	0.4644507353931604	0.5444296914629496	0.46053518703633345	0.5441674818563733	0.46147258483424985	0.5439647678445948
0.4606105668893511	0.4836656527678528	0.4703471492956293	0.48270798226127176	0.4691929372286135	0.48390755104269356	0.4604063914825652	0.4836209281132936	0.4740605613510672	0.4834415401849977
0.47325167617861436	0.5449160490836107	0.46110524205251746	0.5415198221460776	0.4714886516701954	0.5393514059268474	0.4605243732575877	0.5389047050029719	0.4614616636288985	0.5386140632933719
0.4606105668893511	0.5434820404504308	0.4707460321641334	0.5470112043643871	0.4594963837246565	0.5505692865812623	0.46054821444020955	0.5511249071830685	0.47474629316522815	0.551015089817179
0.47077779984054724	0.570336240558734	0.46115960179738025	0.570138416126626	0.4657479496412113	0.5698326407170309	0.47237391477088597	0.5699742809783356	0.47483069761314317	0.5697325953692753
0.4606105668893511	0.5153486609235652	0.47055410944044224	0.5136520280113852	0.45942494260466593	0.5124277391910048	0.46047246793072033	0.511521841382399	0.46829479531646556	0.5114554421420996
0.4606105668893511	0.541219322991974	0.472154411010813	0.5399003406952865	0.4594810888154992	0.5386786628858184	0.4605253133365451	0.5383746297695565	0.4614677196941378	0.5382397458443909
0.4606105668893511	0.535958539061504	0.4749494083025225	0.5338447395826458	0.4679492868900065	0.533237944533844	0.4605113558255707	0.532843612658018	0.47192016361211003	0.5324469657336256
0.46732231400326724	0.5071317879863003	0.4610244211921868	0.5055724135761817	0.46317734787266507	0.5041167879515669	0.46045321374125275	0.5036017092365195	0.46139744814472505	0.5032686846433673
0.4715167561835374	0.5432288994931188	0.46110163338210225	0.5405298241636873	0.46876777215899057	0.537937957110046	0.46974567003548684	0.5360412256694516	0.47184050663061305	0.5357419651314816
0.468965524841713	0.5156968710346622	0.46104274178705623	0.5132802362737839	0.4594241786157267	0.511402468505731	0.4688497218702938	0.5104136490716171	0.4614092649996214	0.5100983794922604
0.46806799328245563	0.51994621557891	0.4610518311102343	0.5187699351061624	0.45943591744595913	0.5180762870574618	0.4717792189655792	0.5171264745116154	0.46876009482385705	0.517246355697437
0.4606105668893511	0.5400981028135344	0.46940939019183137	0.5377438736656681	0.45947647400475994	0.5371558890728811	0.469222284029339	0.5359548091845125	0.4669531172186775	0.5360458672178251
0.47437088791368104	0.504548895592377	0.46101892753510465	0.5040763904281615	0.4723525076834488	0.5039667319138288	0.47351330659899205	0.5040240808724856	0.4672669875983131	0.5036025040521258
0.4606105668893511	0.5593206647088717	0.46113605225875814	0.5588487752255087	0.46572541612569357	0.5587813858134495	0.46761400820886484	0.5578452522738332	0.46150493103862245	0.5574922371627865
0.4606105668893511	0.5203265739115133	0.46868506228852214	0.5179237803603526	0.4594341383239939	0.5165255230177144	0.4725641665113714	0.5152629874637383	0.46141479825720216	0.5152318425265549
0.47153709255657683	0.514174947089482	0.4732036066807433	0.5151273217887095	0.46878511049878063	0.5163573301037852	0.46947944770136774	0.5174492136542799	0.461424754465385	0.517934532423835
0.4606105668893511	0.5312620010287243	0.46968794101188	0.5295163933639037	0.46587444129413186	0.5286589398942428	0.4681082256531848	0.527368963748037	0.46144787166095674	0.5274875551099997
0.4606105668893511	0.5073330845986309	0.47170157030775683	0.5057599460660097	0.45940809990125064	0.5046617504810077	0.47133077467225676	0.5038761933361556	0.46139708920712996	0.5040373496892104
0.46803667472072313	0.5294412800611538	0.4610721302032639	0.5284173910189005	0.4661186292298877	0.5267614629024939	0.460497597857766	0.5263828236234588	0.4614460932295902	0.5264084848511587
0.4606105668893511	0.5165097027805404	0.4610444698410718	0.5151135017211694	0.4594280736561201	0.5134154662445839	0.4604691794535988	0.5123241022784073	0.47242018830132726	0.5127352917416251
0.46920722286794647	0.49077998966453446	0.4756227397372047	0.4880088537005556	0.4593705002608251	0.48685076731371096	0.4604223831534099	0.485760824321196	0.4723411551212585	0.4852804296582274
0.4689957937013009	0.5053636810492993	0.4738341613497588	0.5037385360783663	0.46421389243082384	0.5021486218272269	0.4714969249636706	0.5019096352793211	0.47051795523751544	0.5017694017783086
0.4606105668893511	0.5298478060825409	0.47301626870241803	0.5282405184218685	0.45945616960760377	0.5270311619823442	0.46049802969747833	0.5260856419594506	0.47171368074499254	0.5257992405901503
0.4714201495654871	0.5251464922277604	0.4610629437310475	0.523345842069564	0.47012900315654726	0.5223689493745481	0.4669106198187791	0.5220268278278872	0.4614374665517929	0.5208095910078776
0.4606105668893511	0.5408289383072671	0.46109648823058336	0.5388725465141194	0.4594788893495678	0.5376863408522883	0.4605207992082516	0.5368079056984535	0.46146057393116957	0.5361102587913386
0.4606105668893511	0.559652890604863	0.4685645795293283	0.559119206238166	0.4595222001002227	0.558817909299245	0.4677772858779023	0.5589757889695617	0.4615033838562501	0.558681408456303
0.46947783834233636	0.531088881130204	0.46108338864264975	0.5296367994681646	0.4594591535269466	0.5287169627753323	0.47234138261787306	0.52799885156822	0.4614533933942795	0.5283121830183435
0.47727173780015997	0.517117039962133	0.4610457901173259	0.5150149672950045	0.45942790934749644	0.5133659007006669	0.46724511497467014	0.5124098914428737	0.4729390609313566	0.5120742721621324
0.46702424525155917	0.5476730828407991	0.47506258859554706	0.5464861998520499	0.46755864322256097	0.545606396862011	0.4710375167473505	0.5450376266966873	0.4614837483329443	0.5449630398870783
0.46884192366634886	0.5384013215851777	0.461091306628996	0.5377678459132378	0.4674331802224723	0.5368580573541849	0.4725700954378165	0.5358063790633334	0.4614595811718507	0.5361383761245755
0.4606105668893511	0.5094572838073543	0.46607235728082125	0.5076369542134962	0.46604777117837926	0.5064037175256976	0.4680169497328533	0.5057024519598088	0.4723979455032812	0.5054324603621104
0.4606105668893511	0.5241044596404016	0.4610607148443417	0.5225966216226036	0.4594440992011571	0.5217137425340826	0.4699162463772188	0.5206880913064765	0.46791825625534617	0.5208439730340468
0.4606105668893511	0.5505672046197173	0.47276540689623014	0.5495607456976243	0.4682970040310655	0.5486995006426523	0.4605442783833645	0.5482375131809323	0.46149133871910814	0.5482157184143702
0.4606105668893511	0.5258391739460977	0.4689316426371962	0.5245040774403578	0.45944818421850153	0.5234282178371876	0.47190173875860364	0.5227055320203638	0.47065476864602596	0.5226352017418878
0.4606105668893511	0.5480525113807786	0.46759979894975023	0.5474237302019985	0.4594971882751292	0.5469838915975018	0.4714649113596915	0.5470019598484002	0.47780030215776675	0.5470348943800587
0.4606105668893511	0.5356204082972159	0.46108534848239613	0.5383014443136064	0.4594776602318959	0.540650406982549	0.4687371222132215	0.54062271462978	0.46950023378766226	0.5422595435186112
0.4606105668893511	0.5121290254203171	0.4610351102022309	0.5107311329131605	0.4682396873463462	0.5095414791988923	0.46046224140932596	0.5092643083091928	0.4614044221108473	0.5089622387158296
0.46844715308562057	0.5031371094782847	0.461015886980181	0.5015631100917788	0.4672757200316269	0.5008962362999053	0.4729142853145814	0.4998937727671759	0.4613842680247236	0.49952216709264324
0.4606105668893511	0.5082973793019503	0.46102691436985604	0.5067788802023098	0.47172670428643215	0.5049489752590004	0.4727942194884167	0.5045284971673575	0.4613902143217561	0.504283494647958
0.4606105668893511	0.520607056444847	0.46105322588229575	0.5255502264645951	0.4594504708106631	0.5260972294865512	0.46049611014828856	0.5283581197592893	0.4614396963365822	0.5277216344693663
0.46524304059586813	0.5133297533069563	0.46103767854495403	0.5119170982434208	0.459421261129982	0.5104859647868384	0.4604629519387628	0.5096296268352379	0.4730386971877815	0.509687369664921
0.46649064858367106	0.5388433408393192	0.4688377797998275	0.538372016963213	0.45947784996760543	0.5367849395697075	0.4704288393344975	0.5366208946317497	0.466804123256864	0.5363939087571798
0.4606105668893511	0.5063824922261039	0.46102283929016685	0.5040649320371493	0.4695022924789259	0.5035787059072783	0.4604506023328654	0.5028241156483616	0.4613903163638408	0.5028845539941523
0.4606105668893511	0.5702478429185021	0.4738311078621905	0.5690738517742184	0.46917779313133046	0.5676624424061621	0.4605838143426691	0.5665404855957611	0.4705233918985781	0.5668367466372748
0.4606105668893511	0.5444515304959204	0.47020024548909717	0.5429230764714368	0.4594875023010609	0.5419494720720358	0.4701161669161158	0.5413090876218463	0.4721200982308214	0.5413862189681466
0.4679659121959135	0.5095952042617996	0.46102969039521147	0.507738194789195	0.4711708127806698	0.5069265895365074	0.46047089526395585	0.5056368661271619	0.47100066812995883	0.5060498351284315
0.46858405423923827	0.5311736960409026	0.4610758358120824	0.5293385270268839	0.4672670591567398	0.5277079123325409	0.46958345053745476	0.5267293504137268	0.4614466999176869	0.5261871109311572
0.4606105668893511	0.5177791699802967	0.46847899820472727	0.52253970328585	0.46480437870979174	0.523023470494102	0.46049064388096617	0.5246867565717386	0.4706939069822238	0.5228365061009748
0.4753222383759042	0.5301655258643557	0.47108801983928383	0.5286632877437457	0.46658816613830784	0.5271899443707203	0.47037054598691075	0.5265739380843076	0.4756441823035201	0.5264730026426174
0.46745370651604473	0.5180529432720035	0.46671396139724225	0.5163987109671737	0.4670576856127094	0.5149604233583518	0.46595949560568645	0.5140214133153067	0.46973819691693236	0.5142103680375102
0.46990946444550274	0.5755838682307236	0.4689657929188902	0.575124709394488	0.45955646597587396	0.5744225236678919	0.47491290164630146	0.5742350851255434	0.46153877422077605	0.5734195524533383
0.4606105668893511	0.5512870090653091	0.46111885769065214	0.5500708022726367	0.45950281916333363	0.5490343129448022	0.4688310875617009	0.5480772866041248	0.46148969154310365	0.547663081056429
0.4606105668893511	0.551411852372642	0.4722081922676243	0.5510429940493773	0.45950486594593265	0.5504967173485389	0.46965766094549355	0.5501550159379839	0.46149109525088217	0.5498410356020013
0.4606105668893511	0.4968118697052208	0.4691508203501236	0.4950039344160456	0.47365418614295113	0.4936216878628372	0.46444182087779634	0.49386884003454834	0.46932050209142706	0.4928661005903566
0.4689958448743076	0.5056054372577699	0.464925512529971	0.5044369285960238	0.45940527227373723	0.5028038362299205	0.4604476782023368	0.5018086275886742	0.4613911194836944	0.5019073332123098
0.4682786154316368	0.5437471853332208	0.4719109797110544	0.5432065888473279	0.4594881089591292	0.5424263062903426	0.46963116706049296	0.5418621800910224	0.46912347978061913	0.5412635856407455
0.46861686236775085	0.5303971845269041	0.4610741748667599	0.5284989934754042	0.4715691812894544	0.5268898561254894	0.4681839296774496	0.5261940697095145	0.4689611167382982	0.5263008093588982
0.46720940408719963	0.5038468843493654	0.46909004559304696	0.5012222630599021	0.46866080573618135	0.4992085311268035	0.46044075597721895	0.49790029551697573	0.4613837071702018	0.4981150135736826
0.47424218009822006	0.5280294493381982	0.4610691103220798	0.5263059272690452	0.4648378504762355	0.5254455946157786	0.4604947851746961	0.5242218192921116	0.47006237756822306	0.5242989763978654
0.4723183923874091	0.5433984012335427	0.4736094394546069	0.5418093042973978	0.4641185826718155	0.5407010922676113	0.4658780023571718	0.5402679763174081	0.46147488143293064	0.5399600479435906
0.4606105668893511	0.5033627197836791	0.4689822297070646	0.5028112077974806	0.45940184646819326	0.5022085098010934	0.4659658113593786	0.5018359822993692	0.47146784281032	0.501708832541611
0.4606105668893511	0.500547754907004	0.4610103381128892	0.49852280803873456	0.4593926143095647	0.4970967153522186	0.4667838439988763	0.49593833086487776	0.47345487833565947	0.49561904304788806
0.4606105668893511	0.544529951608059	0.47106910793181683	0.5432732303507412	0.45948829626223103	0.5421534769201	0.46941681462901264	0.5416770384238946	0.46990687311557744	0.5416382331358661
0.46550907336833636	0.5334497350658951	0.46108070422341757	0.5319804763217727	0.45946418419725665	0.5312741520435826	0.47151874381033326	0.5301852416691787	0.46144624100277515	0.5304120605096292
0.47155742854741933	0.5522300277564167	0.4611208860245445	0.5514729979738682	0.4595058314320609	0.549949116994455	0.4739667281299263	0.5499155853832702	0.46959986433476586	0.5495371264667919
0.4606105668893511	0.4850725619301996	0.4609771934903095	0.4869426431955158	0.46915982725017774	0.48728956666564077	0.4604149543705587	0.48671389870089715	0.4613595105138801	0.48628504043000165
0.46851902893952124	0.5261986309779542	0.4610651942354094	0.5251668020346522	0.45944959977855016	0.5237441072593735	0.468660288882591	0.5230418247303252	0.471038807098281	0.5230581461524693
0.4656297801474813	0.5470267422693446	0.4725559006412666	0.5446650736162351	0.46940915734702504	0.5436404527772788	0.4657046608218537	0.5427642471218017	0.4696338004395712	0.542677352623393
0.4606105668893511	0.5042659299168951	0.4610302269148328	0.5029829368462134	0.45940214570008814	0.5023514084719127	0.4695175154641947	0.5020394298608271	0.4613904343421421	0.501904784088479
0.46798709084702156	0.5061897887577685	0.471740696504752	0.5037834447465898	0.46708609094366116	0.5028956947981451	0.4700223920666281	0.5012296225591624	0.461393684681384	0.501796180758818
0.4606105668893511	0.5438224613080678	0.4611028913328487	0.5404092706816801	0.47203053893682617	0.5388721450808709	0.4605233527642087	0.5383614812649057	0.46146054487036003	0.5382546509311833
0.46953656698238255	0.5285718438525099	0.4610702704943127	0.5272308401912772	0.4594540063253639	0.5261516609403325	0.4604962993677965	0.5250299716855459	0.4699161418144369	0.5250516142392696
0.4606105668893511	0.5245235277792141	0.4610616219736829	0.5229293286544404	0.4692111529869074	0.5219435606689844	0.47085106095139906	0.521969397807371	0.4676041669975955	0.521659714990076
0.46956235702253923	0.5140951032188237	0.46103931562031464	0.512549133265282	0.4662860827320802	0.5110509893169211	0.47157272993682786	0.5104794676771118	0.46141456685959376	0.5102435658936397
0.4676818407449328	0.5109346937813366	0.4610325555429111	0.5091144761118613	0.4594152627651068	0.5081852448164146	0.46045805286409847	0.5072129653465481	0.46519612075401945	0.5072738403288487
0.46842329676730976	0.5426429868716608	0.4611003573317931	0.5413773940599063	0.4690918508442037	0.5404269150967643	0.46052666334661874	0.5395231135025282	0.4614726069672762	0.5396512059430401
0.4606105668893511	0.5041570372316473	0.46101803132858926	0.5047169304145429	0.47254398142643783	0.505363634891483	0.46045289815435586	0.5068899310133435	0.4704480868902464	0.5067333609373561
0.46747161826280836	0.5288528299846492	0.46679847767935034	0.5275380159145092	0.45945466622113174	0.5260398580814054	0.4604960505651514	0.5249556187048078	0.4713704869830325	0.5249619317314468
0.4606105668893511	0.515873851704645	0.46913821816450724	0.5143218554877845	0.4660976329381103	0.513044696739394	0.460473532204998	0.5124699556543294	0.4614166529793442	0.5122479536216327
0.47333483616785116	0.553325762705278	0.4611232183642434	0.5563364043666682	0.47120088533244625	0.5589932660556127	0.46650489960791486	0.5622712392224524	0.47373334143459994	0.560525228603206
0.46691751283377486	0.5100724209031422	0.4610307111540541	0.5081938443251146	0.46835831865081173	0.5069012197065592	0.4604610204706434	0.506329951594464	0.4614043219040953	0.5059570081446287
0.4606105668893511	0.5068910082905719	0.4687891292669073	0.5057962275213814	0.45940935557925244	0.5052967523099373	0.47073552990995193	0.5046083954884023	0.46983821526702807	0.5043751252705996
0.4606105668893511	0.5305972701695272	0.4610746028466225	0.5296249135692622	0.4594591322753484	0.5274257620594978	0.4604990016302912	0.5268324265926896	0.4614365604668819	0.5262306182045424
