0.5970936736909709	0.6455497588317134	0.6108477998486644	0.6377493436910572	0.5982297282980209	0.6303033510808079	0.6031732204859966	0.590063934127465	0.6025996065768405	0.5715001920219471
0.6068940930139073	0.6429292667223778	0.602264634717406	0.6354338786889248	0.6069970058359716	0.6344533889039793	0.6167533943431789	0.62127682637687	0.5963635260875702	0.5962236422443523
0.6121679826193275	0.6443134439590207	0.6008603565604125	0.6390818856155539	0.6148936547693375	0.6414442751110911	0.6125803357333421	0.6044402461905735	0.6159199769927538	0.5900533449361156
0.6114537055206328	0.6395384693052489	0.6008024578555363	0.6359657553858109	0.6071216690820513	0.6321764328494136	0.6070143776244922	0.6280011490434191	0.6065895640595933	0.5974177939702945
0.6000452892279456	0.6468749709732514	0.6113381726011414	0.64350819968809	0.6169844548938788	0.6392398667334643	0.6017747612613547	0.6248895043130017	0.6082654142787518	0.600319446673314
0.46011994308104787	0.6462818265290665	0.471428654128742	0.619697674298397	0.4700449451409988	0.6270105364335394	0.47101309313378986	0.6025949833405764	0.46173161886634534	0.5825539293829394
0.46011994308104787	0.6452977568132806	0.47276019569060057	0.6421554699023966	0.4605203593103288	0.6370749311722772	0.47183643640187084	0.6067779275549309	0.461741342551651	0.5841214781477199
0.46011994308104787	0.6429412888623679	0.4669889076919499	0.6394821667325025	0.4707026078923596	0.6347950351113899	0.4623355206593736	0.6054779423244999	0.4707011083552842	0.5844542453449246
0.4680800555903878	0.6446166086789595	0.46050631689221344	0.639737659633742	0.46051518015572046	0.6418859009770737	0.4722148850274023	0.6166062268131958	0.4691702070728882	0.5828040395962878
0.47072360843411354	0.644301816026629	0.4698212662868936	0.637677315857446	0.4605108300063849	0.6388264504070617	0.46958520724215536	0.6023416536752513	0.47092974326454046	0.5846282033277982
0.46011994308104787	0.642555143148033	0.4605019641344723	0.6378810125630965	0.4605113360987351	0.6344591679368895	0.4623348283421568	0.6279922709924397	0.46178215870967837	0.5877814153392561
0.46011994308104787	0.644604083929688	0.460506277208874	0.6360873045999521	0.4677750826209	0.6269696095836195	0.4623190673562285	0.5937007035084771	0.46171319792166776	0.5816976229559331
0.46011994308104787	0.6434557804209166	0.4605038883936825	0.6368537910947979	0.4605091708339964	0.6344360086840032	0.47305350276709834	0.5965434081035552	0.4617199168429976	0.5586044151565871
0.46681414880336425	0.645444330439958	0.4605080601154172	0.6372074279789584	0.4700709439657322	0.6286491066554484	0.4696868969449744	0.5934023226073364	0.47022389960201644	0.5773221831060831
0.46011994308104787	0.647250057557371	0.470497128231764	0.6302611348384298	0.4604977431538701	0.6399426769334602	0.47571452878326853	0.6052930954932068	0.4750325260365284	0.5959977460511073
0.4666136471637516	0.6473313182282383	0.46983272079813354	0.6261343025669108	0.46842214660882464	0.6355119650346895	0.4623419371415693	0.6070887893198842	0.4617334884859812	0.5867833199649699
0.4720046262341299	0.645210066931656	0.46050754991635284	0.6408063595628981	0.4701288305676264	0.638094020873927	0.4623424074654687	0.6225120059929923	0.4617705919607801	0.5894465892013031
0.46011994308104787	0.6434052882349859	0.4696640741341696	0.6348244145839439	0.4691164880981805	0.629524589776269	0.46232448177255575	0.590040062149554	0.46492976488539345	0.5498560888840571
0.4662447808868463	0.644770694830099	0.46050663073833137	0.640014258090047	0.4664893646485028	0.6399286582435014	0.4623462716162837	0.6019004544178865	0.4617275476858418	0.569049184136213
0.46011994308104787	0.6400259091313769	0.4713378518745728	0.6413124930859303	0.46051835274044595	0.6373984961173588	0.46234095252065066	0.615081255629221	0.4704642031887543	0.599626460789191
0.46625695709683995	0.6444095346601756	0.4605058512942883	0.6406971024844236	0.46493367327194285	0.6375544844203788	0.478513326378463	0.6226301733543652	0.46912635716553985	0.5922215686058102
0.46011994308104787	0.6448084591896277	0.47202085752604855	0.6356109236096056	0.46050641982801876	0.6366067396812983	0.4623350710141021	0.5963587984506707	0.4702547953196726	0.5773562352687336
0.46011994308104787	0.6436050664346685	0.46962284383616426	0.6369530604599942	0.4605092420137377	0.625135851647768	0.462320931848342	0.5983116254708725	0.46171522882117527	0.5798348301965485
0.46011994308104787	0.644687172588274	0.4672801621511159	0.6395171368204102	0.4687272435626098	0.641798883777004	0.4623502106998158	0.5997110501652813	0.4718353359512563	0.565754653487775
0.4715988964635493	0.6427002940056129	0.46050224587370575	0.6370262187613471	0.46607779359403684	0.634333447976245	0.4623325680143695	0.6096910539027036	0.4617423832276271	0.5906722416198711
0.46527011426781983	0.6448184409679698	0.46050673205019876	0.6378828961586763	0.46981017479924464	0.6312241519762334	0.4740263769540198	0.5952513079751495	0.4719998227388636	0.5631244045234112
0.47139282361782814	0.6457649368209701	0.4605087489796094	0.6430624789053447	0.4605222893721178	0.6382037141092121	0.4698438521111058	0.6076763547841719	0.46173621343954174	0.5752953196970169
0.4689227637931069	0.6443198017178198	0.46050568243976225	0.6391503306152783	0.46051395149027874	0.6414695459350522	0.46994201388638124	0.6133760266273454	0.4676438703745787	0.595291340253963
0.46011994308104787	0.6446633099798573	0.46428977343096955	0.6398157263274091	0.4605153332219182	0.6419573648392957	0.46633598104939533	0.6040014230249123	0.4759233013809517	0.57267545815292
0.4682098584168103	0.643489570104803	0.4605039600968446	0.6373858775324348	0.4685945989545479	0.6352906688777755	0.4713602750687898	0.6131893132706724	0.471373465603769	0.5778412868644269
0.46011994308104787	0.6471762717535682	0.46051173508495075	0.6446482312705107	0.4738308091500266	0.6279581019127373	0.47241928697291546	0.6121843519022871	0.4617444556989217	0.6000714788632151
0.46011994308104787	0.6486740987509609	0.4686641063941787	0.6432051916389829	0.4605226193739354	0.6409886270168345	0.47001660708617454	0.611636156978627	0.4617444583841882	0.5874896535686415
0.47466827927921346	0.6514481272132316	0.46867274911010126	0.6366064142619701	0.4695590310611287	0.643695253131606	0.47147756308520006	0.6152952874862941	0.46175292706193205	0.6120342044403674
0.46011994308104787	0.6437412465499437	0.4739921047184482	0.636157065408124	0.4696598826848122	0.6356286204560344	0.4698829590360837	0.5961406628730066	0.46171786977759033	0.5740612666658893
0.46011994308104787	0.6465488605439434	0.46630920938807924	0.6433223202832168	0.46052287661664465	0.6392920629452362	0.4690497855395156	0.6294650426593892	0.4617821585261272	0.6020300686540032
0.4668038499262019	0.6444465560824507	0.46050595605628575	0.6394099831215467	0.4681136698141584	0.6416467556287125	0.46234990425510714	0.6115127874936002	0.4617484491969575	0.5905157583409729
0.46011994308104787	0.6445624762815888	0.46050620202827597	0.6367352974619023	0.4605088305877333	0.637711829930035	0.4623416438183505	0.59709750479961	0.4751492970220502	0.5750426782921353
0.4658551167448461	0.6453493595946193	0.472460091323948	0.6240098554398493	0.46048623723033294	0.6260956455420271	0.4623221816517211	0.6180245416525184	0.4684214568587906	0.5868781495481019
0.4687289658089409	0.6456774470612732	0.4701037149804914	0.6423852004255945	0.46887300860692666	0.6382857902159619	0.476114993151811	0.624422771047636	0.4717826311432231	0.5999599197696022
0.46011994308104787	0.6450921300310509	0.4712905655841116	0.6363984712982333	0.4605080879022014	0.6367214202925847	0.4623428709374644	0.5978755906161856	0.46764538295193675	0.5764979930805479
0.4699574494375788	0.6444771903932778	0.46050602105948035	0.638977269473451	0.4710966782856357	0.6412764978767677	0.4705245909955659	0.5972621477121351	0.46172097685192903	0.5751058799436249
0.46011994308104787	0.6452817489557292	0.46050771513645267	0.6365425482545789	0.4605083685188948	0.6273488958468129	0.46232643369078374	0.598874240839518	0.4617173844557973	0.5793857534756284
0.46011994308104787	0.6451818149776483	0.4698530396888464	0.6407730372025441	0.46051729660110297	0.6370018828019675	0.46608951844495844	0.6200361584353618	0.4617654305579759	0.5885849548199116
0.4791035830023722	0.6443342318526711	0.46051167170619406	0.6391498507653804	0.4605139504691865	0.6414725446424123	0.4727158982021326	0.6253891122599128	0.4617828309960794	0.6028014610573736
0.4667126760621228	0.650075509338966	0.4605179090619592	0.641849658118816	0.4605197426858812	0.6421484562424656	0.4747650785050118	0.6233493880293832	0.4704689623890166	0.6023616622961436
0.4667868808815614	0.6432082403756898	0.46557701368240084	0.6390578129899052	0.4705069697600234	0.6245218630160708	0.47147771902373564	0.6008635541429627	0.4617275967484864	0.5806501937764333
0.47456747666737487	0.6491219060250141	0.4605158723429838	0.6429391462547699	0.46640511019126496	0.6422408421160245	0.4751707189392446	0.611236484192472	0.461742356806347	0.5916573879750824
0.46011994308104787	0.6447401950684102	0.46769139700787815	0.6354160816343856	0.46711560282664505	0.6363405031037891	0.4686642830584639	0.598212026619092	0.4678235857003629	0.5804753639094709
0.46011994308104787	0.6441663368342656	0.46050536145657583	0.6348928724766142	0.4605049100868902	0.635896123168126	0.4667691397045316	0.5961883652227152	0.47276836420374263	0.5761606015944055
0.46011994308104787	0.6452791134890113	0.46577739078151725	0.6367218357334584	0.4660212177668312	0.628555511335815	0.46232238395131287	0.5882373228635773	0.4617039789305906	0.5763681521748464
0.46011994308104787	0.6447782112156221	0.4721664200865258	0.63682689995355	0.46050899953768654	0.6379396084950044	0.47136475879314527	0.5916271242679187	0.46902791458196075	0.5662048974745265
0.46011994308104787	0.6453090955423502	0.4707690433550446	0.640970721014466	0.46051770412634674	0.6384821353262816	0.47163328585220465	0.6207788804485815	0.47293561333957995	0.5907152887185713
0.46011994308104787	0.6436189899136002	0.4605041738613743	0.6399412604227707	0.4605155138579684	0.6255725606746894	0.47307065893859906	0.5873045112203108	0.4755444944211079	0.5905243999231804
0.46011994308104787	0.6442365897666225	0.4605055058658109	0.6405530310205488	0.46755520824031394	0.6367188414596434	0.4623455374715829	0.6135671431851806	0.4617476040372527	0.5925227377860668
0.4710156560514082	0.6453266276303072	0.46050783202196205	0.6415533608976994	0.47219577752219977	0.6373056678191442	0.4713249876988187	0.6305111270616877	0.4617827397465024	0.5980777455491146
0.46011994308104787	0.6443156963999662	0.46050567372836204	0.6369776539418461	0.46919390400598326	0.6382721430033365	0.4709124816528912	0.5992107312292725	0.4617219745779271	0.5810321763675258
0.46011994308104787	0.6456483461139223	0.46050846675671575	0.6411890568991411	0.4605180770628245	0.6400239757701728	0.46234646376174937	0.6066928529140215	0.46173751678080827	0.5943459875200148
0.46834850994273564	0.6431552079437014	0.46050321119411625	0.6359338000425497	0.46050711986122256	0.6348521531168154	0.4623356405662274	0.600345146142248	0.469603151053244	0.5838936571560719
0.46972165339264643	0.645037257766701	0.46749270123284714	0.6422544847043413	0.460520561693449	0.6374927035219424	0.4764506582705343	0.6067474167824829	0.4706560148847367	0.5817024880733838
0.46011994308104787	0.6485282021848655	0.46051462571689783	0.6422693374473821	0.46732154448991203	0.6402061841554357	0.4623523404137894	0.6333991853143006	0.4617885994625815	0.601413910622635
0.46011994308104787	0.6503866714577847	0.474268564528952	0.6422863934111205	0.47350986588808336	0.630874292113394	0.4623333331035438	0.6122273313832024	0.4741402319925571	0.599164981758504
0.46011994308104787	0.6450088175695468	0.46650451962967204	0.6381869880592334	0.4605118154450002	0.629636364239018	0.4715382833033248	0.5965760772758918	0.47028521865648354	0.5814083922318019
0.47330600743013373	0.6441844693709902	0.46050539526745077	0.6385889461119127	0.46692011948882844	0.6409258287680016	0.4623491647592673	0.6175372973566028	0.4708514827163893	0.6004476347087336
0.4695784954605054	0.6445531714583406	0.4605061822843009	0.6394003597955902	0.47177307059166035	0.6416881875421298	0.47166432532272284	0.600954587873762	0.46172793360974507	0.5803108758504333
0.46011994308104787	0.6455583463425193	0.46755697880775193	0.6374381341360547	0.467409889663593	0.6292560695677283	0.46233011699167753	0.5794978594077513	0.4671308535214551	0.5910348714918102
0.4685702252855047	0.6448749245364461	0.4637512722330313	0.6370603638182857	0.4726401107267313	0.6378632379882929	0.4700849939456884	0.5918987000561466	0.4730844006002984	0.5668272253315522
0.4729308241544259	0.6447458660986216	0.4682631665833177	0.6364473470510688	0.4690553922238013	0.6375529742679517	0.4671540636726008	0.5969330563659356	0.47066979322612135	0.5741129879388027
0.4683398596155175	0.6500389185833181	0.47163430758004943	0.6420644551992445	0.46052010497121426	0.6280047889743032	0.4708948480429803	0.6127678937830242	0.4617460028275677	0.6050097898830519
0.46011994308104787	0.6451226126575217	0.4605073643502729	0.6394525351786615	0.46051450012480444	0.6320375155248753	0.47288088593297706	0.5982784310889037	0.46172195694524865	0.5740302119153324
0.46011994308104787	0.6448348290815038	0.4730080009545255	0.6422813467370146	0.4605205139976097	0.6259783596689534	0.4768509548460301	0.6024838373475031	0.46172634613346536	0.5966020009978655
0.46011994308104787	0.6478743953292336	0.469161451426154	0.6429741415768282	0.4676573154670162	0.6392791861048072	0.4709859234907523	0.6275516784786159	0.4687976272007908	0.5987825206944994
0.4691316933141039	0.6430666042902695	0.4672910207108909	0.636545990067933	0.4605084430360709	0.6345663881955547	0.462338366224447	0.6081802081945895	0.46173662067910326	0.5903576101195551
0.4717291613574682	0.6450171427489882	0.470570366085628	0.6404643567239835	0.4605166479984042	0.6387283679021516	0.47086955427633986	0.6247993412354546	0.47483048965970054	0.5907607521661872
0.4678019639775571	0.6446521711040039	0.4605063923523817	0.6376779777876284	0.47115863746353404	0.6386127680427541	0.474657278740942	0.5939898590970427	0.4671090257260839	0.5641175407447233
0.4679870285380122	0.6437610422906144	0.4739458323570877	0.6402114382251872	0.47235390294838725	0.6362326519938677	0.46234064524673973	0.6175914824808195	0.4617565813471932	0.5940240184391461
0.46996567196187944	0.6445489342319961	0.4605061732932953	0.6390474816395364	0.4707797024891275	0.6411321742458578	0.46234882401842664	0.5970922228891831	0.4689614871393284	0.568696296977433
0.47529294929001403	0.6445918740952156	0.46704597819702265	0.6396313820055295	0.46982975472411564	0.6418298696504866	0.47583047728674754	0.6178649599760883	0.461764120953247	0.5862726603275902
0.46011994308104787	0.6429739890827447	0.4727579023143236	0.6375968733650346	0.4605107444093423	0.6376998500384924	0.4715468799849811	0.6215159386346558	0.4714114894190939	0.5842889049242598
0.46011994308104787	0.6440956871488683	0.46050520687345015	0.6344723210889132	0.46050403009546975	0.6355143134530696	0.471510654322144	0.6072386552025015	0.47002772766338957	0.5894269635006794
0.46011994308104787	0.6454247655814843	0.4740952928882951	0.6369516204693357	0.4605091999011281	0.6277704264386716	0.4692664030120319	0.596822924523617	0.47149064283873304	0.582267117393693
0.46560117001887485	0.6441308966883873	0.46050528625579695	0.6353462963487247	0.4605058490195581	0.6329918848515456	0.47403222343971146	0.5963800387269155	0.46171270788195123	0.5763534002189941
0.4669276820419877	0.6449118777198843	0.4605069303123256	0.6402456059863161	0.4605161956167882	0.6344773651131457	0.4681913910851412	0.6012238635296291	0.4693423409308117	0.5725597364698364
0.46011994308104787	0.6463123220829592	0.46050982290559855	0.616578195174531	0.4728264716732652	0.6180824186759895	0.4623063116909451	0.5621670368340956	0.46164132807361963	0.555960801152533
0.46941747895762825	0.6437907468045009	0.4605045644881693	0.6354435099891178	0.46050606883411654	0.6356407775354281	0.4688023246454344	0.5959138336778304	0.46720462553156417	0.5755666356736109
0.4695803578437321	0.6434595694861621	0.4682448345101423	0.6400152806231293	0.47044187471910687	0.6273944030370302	0.4747797966154615	0.5998464090377182	0.4705157970230793	0.5746755573534912
0.46011994308104787	0.6442683394188512	0.46050898443591104	0.6346026128311486	0.4605043073677182	0.6358773069369443	0.47580838061796465	0.6196354852774908	0.4617602169750795	0.5957378475764211
0.46877697027549176	0.6442433075592467	0.4674742391363685	0.6380088475969112	0.4653300080369201	0.6396596928008992	0.4747747395123035	0.6094364358492567	0.46174317348469684	0.5914967878744276
0.46011994308104787	0.6447535376901886	0.4605065943328383	0.6399554160264557	0.47176677726158117	0.6420767205576883	0.46235078086080184	0.6172561559826033	0.46175963931273417	0.5797412436715624
0.4676566485098257	0.6434301020779467	0.46050379923172313	0.636679251091597	0.4605086983442682	0.6352387913674329	0.46233645222888325	0.5972404450222581	0.4677273984369896	0.5752677774052469
0.46011994308104787	0.6445240024674352	0.46050611574915695	0.6410528328704452	0.4685840459819663	0.6372643586551434	0.468928945961244	0.6049179633116952	0.47129001852202357	0.579756654216913
0.47244981590620183	0.6436484741009124	0.4605042578962355	0.6352970423559274	0.4716538554147927	0.6352471778521304	0.4712160028320338	0.5957236919050574	0.46171866126516947	0.5791098949027689
0.4690651321554036	0.6438607844398031	0.460504708414684	0.6345357251777524	0.4605041577329247	0.6354618455622754	0.46233692048221997	0.5980673765151312	0.4727233190804189	0.581847088336353
0.46619491039847266	0.6446481503303345	0.4605063707127997	0.6357570418154759	0.47074086995425446	0.626022489361847	0.4623170790883514	0.5983011399564077	0.4617223781325887	0.5825184561768088
0.46011994308104787	0.6456880173903412	0.4605085378042556	0.6287524420514132	0.4702046149604741	0.6325580689788066	0.46233444826758835	0.5683448578430664	0.4734481192769089	0.576985178869905
0.46865684692537923	0.6447963880806559	0.46791295767089386	0.6368708345712419	0.46050909302428356	0.6377545063897253	0.4623417334077565	0.5983307180422925	0.46696086947090726	0.574909460270758
0.46011994308104787	0.6429258481636797	0.47738621805564474	0.6369373676834876	0.4716646265933417	0.6346454254795287	0.46233114295481575	0.599474572766369	0.46172283750304827	0.5814287555576215
0.47299557955690336	0.6454069629791839	0.4605079545798405	0.6411243591484534	0.46653958362767084	0.6368188272709288	0.4703869793863069	0.6042025731010668	0.47478374380769445	0.5894501588433174
0.4720962062513845	0.6444896464133905	0.460506042846408	0.6363569150177171	0.46837367652312273	0.6373438866281564	0.4623365421352514	0.597188788998051	0.461718326209699	0.57916464996708
0.46011994308104787	0.6487450124235357	0.46668413607330794	0.6396535324596779	0.4605188277304834	0.6378934255599694	0.4729733356602182	0.63163697430837	0.47478515158965223	0.6013834331565802
0.46011994308104787	0.6445696733124938	0.4605062172997074	0.6391078602465472	0.46051385308428244	0.6412915354608686	0.46234915855811903	0.5978949561775136	0.46171920066522676	0.5757726337968511
