0.0005	0.0005960629070505348	0.0005960629070505348	0.000693277913486107	0.000693277913486107	0.0007820327923660583	0.0007820327923660583	0.000859164140843794	0.000859164140843794	0.0009221101059580449
0.0005	0.0005892253599775743	0.0005892253599775743	0.0006858844445475991	0.0006858844445475991	0.0007873853348025954	0.0007873853348025954	0.0009017068688127388	0.0009017068688127388	0.0009934877701560318
0.0005	0.0005641410861056324	0.0005641410861056324	0.0006251367166977509	0.0006251367166977509	0.0007183501462691932	0.0007183501462691932	0.0008223593461598252	0.0008223593461598252	0.0009163817699315669
0.0005	0.0005674380027753544	0.0005674380027753544	0.00060106676391293	0.00060106676391293	0.0006470749175648936	0.0006470749175648936	0.0006924560897879458	0.0006924560897879458	0.0007364562965762003
0.0005	0.000584422898371187	0.000584422898371187	0.0006808210756981987	0.0006808210756981987	0.0007770007420768234	0.0007770007420768234	0.0008653621952486802	0.0008653621952486802	0.0009607527630587672
0.0005	0.0004419361617514353	0.0004419361617514353	0.0004048225466606731	0.0004048225466606731	0.00037904013862800266	0.00037904013862800266	0.00035328506590214946	0.00035328506590214946	0.00032281554581344317
0.0005	0.0003913322924293857	0.0003913322924293857	0.00030540406796547006	0.00030540406796547006	0.00021766875609334377	0.00021766875609334377	0.00014152328479637437	0.00014152328479637437	6.242396090389083e-5
0.0005	0.00040271728810627595	0.00040271728810627595	0.0003257339524935236	0.0003257339524935236	0.0002594263173355052	0.0002594263173355052	0.00018719392068778664	0.00018719392068778664	0.00013461765147181228
0.0005	0.00038888117493397035	0.00038888117493397035	0.0002691578568267817	0.0002691578568267817	0.0001514421496402902	0.0001514421496402902	5.362832171239251e-5	5.362832171239251e-5	3.991030284667135e-6
0.0005	0.0004124297504369511	0.0004124297504369511	0.00033450034814476394	0.00033450034814476394	0.0002625151898483994	0.0002625151898483994	0.0002051838018478609	0.0002051838018478609	0.00015100040075902155
0.0005	0.00044530684981999613	0.00044530684981999613	0.00039435883655136847	0.00039435883655136847	0.0003479122398476774	0.0003479122398476774	0.00030327124536285593	0.00030327124536285593	0.0002615454958975981
0.0005	0.00041472676988688496	0.00041472676988688496	0.00032499713454656784	0.00032499713454656784	0.0002406661418815607	0.0002406661418815607	0.0001404220400003191	0.0001404220400003191	3.761938038354946e-5
0.0005	0.0004645283184297876	0.0004645283184297876	0.0004326502386543549	0.0004326502386543549	0.00040462439094983313	0.00040462439094983313	0.00038215823674472475	0.00038215823674472475	0.00035492348850001316
0.0005	0.00041913951505044534	0.00041913951505044534	0.00032717890716282795	0.00032717890716282795	0.0002423709142451849	0.0002423709142451849	0.0001522544157550525	0.0001522544157550525	5.8429677861933495e-5
0.0005	0.0004423292671588829	0.0004423292671588829	0.0004005976249415053	0.0004005976249415053	0.0003441043866883629	0.0003441043866883629	0.00028974947253175185	0.00028974947253175185	0.00024076371229710583
0.0005	0.00046120233280281614	0.00046120233280281614	0.0004237543184722884	0.0004237543184722884	0.00039945078176404264	0.00039945078176404264	0.000365513993362494	0.000365513993362494	0.0003282644580424224
0.0005	0.00043212057514505325	0.00043212057514505325	0.0003503551982871685	0.0003503551982871685	0.00027139872629273413	0.00027139872629273413	0.00017722773454730237	0.00017722773454730237	7.99126764789938e-5
0.0005	0.0004653219729413385	0.0004653219729413385	0.0004426370037653334	0.0004426370037653334	0.00042681796652525145	0.00042681796652525145	0.00039940392537153737	0.00039940392537153737	0.0003837090711223195
0.0005	0.00040212051204939307	0.00040212051204939307	0.00029929418543438055	0.00029929418543438055	0.00020696107632296775	0.00020696107632296775	0.00010663075475933954	0.00010663075475933954	6.062960115294986e-6
0.0005	0.0004356424396820072	0.0004356424396820072	0.00038510012692624044	0.00038510012692624044	0.0003182200518230028	0.0003182200518230028	0.0002442435482608142	0.0002442435482608142	0.00017308887608079844
0.0005	0.00039630130299537353	0.00039630130299537353	0.00028330073950965235	0.00028330073950965235	0.0001758631386545076	0.0001758631386545076	5.762801579026286e-5	5.762801579026286e-5	3.6489433877024985e-6
0.0005	0.00040012401521810663	0.00040012401521810663	0.00031597422572656153	0.00031597422572656153	0.00023535705063921654	0.00023535705063921654	0.0001636588258265321	0.0001636588258265321	0.00011006843688389967
0.0005	0.00039586948211558387	0.00039586948211558387	0.000301860053474698	0.000301860053474698	0.0002028718166137001	0.0002028718166137001	0.0001056324829065101	0.0001056324829065101	1.0334435779910878e-5
0.0005	0.0003977641756694602	0.0003977641756694602	0.00030509582089270794	0.00030509582089270794	0.00021706089897214554	0.00021706089897214554	0.00011966751714945896	0.00011966751714945896	3.311962350480933e-5
0.0005	0.0004246479472146851	0.0004246479472146851	0.00035424277598484534	0.00035424277598484534	0.0003027888330705484	0.0003027888330705484	0.0002411876323661719	0.0002411876323661719	0.00018281937506734204
0.0005	0.0004062948620927245	0.0004062948620927245	0.0003082880681272575	0.0003082880681272575	0.00022081922960880598	0.00022081922960880598	0.00013617140224150644	0.00013617140224150644	5.096031740692964e-5
0.0005	0.0004148374001439635	0.0004148374001439635	0.00032211048527742617	0.00032211048527742617	0.00024061752155072174	0.00024061752155072174	0.00017915124784918644	0.00017915124784918644	0.00010934524972852184
0.0005	0.00041313238249062714	0.00041313238249062714	0.0003201523749821259	0.0003201523749821259	0.00023738411495916327	0.00023738411495916327	0.00017814340905929958	0.00017814340905929958	0.00011509631862375367
0.0005	0.00039102089492741354	0.00039102089492741354	0.00029056914217164215	0.00029056914217164215	0.00018593725720104793	0.00018593725720104793	9.320450150341797e-5	9.320450150341797e-5	3.842534805217647e-6
0.0005	0.000456893058701611	0.000456893058701611	0.0004024073910808307	0.0004024073910808307	0.0003600726799176574	0.0003600726799176574	0.00032241994661833114	0.00032241994661833114	0.0002813238353610407
0.0005	0.0004115124200693741	0.0004115124200693741	0.0003194861165526625	0.0003194861165526625	0.00023512553424340086	0.00023512553424340086	0.00014072387708337166	0.00014072387708337166	3.143592567506757e-5
0.0005	0.0003959235851848856	0.0003959235851848856	0.0003145507525145093	0.0003145507525145093	0.00023157151759015942	0.00023157151759015942	0.0001645098806588038	0.0001645098806588038	8.980892499248136e-5
0.0005	0.0004486620052380159	0.0004486620052380159	0.0003935242281754812	0.0003935242281754812	0.00034350533285073767	0.00034350533285073767	0.00029375353817919815	0.00029375353817919815	0.00023438817395773936
0.0005	0.00039352995715892167	0.00039352995715892167	0.0002964704799483143	0.0002964704799483143	0.00020312833628351038	0.00020312833628351038	0.00011666713247756012	0.00011666713247756012	2.8779330348434897e-5
0.0005	0.0004228556128753877	0.0004228556128753877	0.000357027048049631	0.000357027048049631	0.0002912187973255801	0.0002912187973255801	0.00023912587636210224	0.00023912587636210224	0.0001794614849340839
0.0005	0.0003944491276821903	0.0003944491276821903	0.00028165470439438337	0.00028165470439438337	0.00019075817560899834	0.00019075817560899834	9.718740613862513e-5	9.718740613862513e-5	1.2380034341158989e-5
0.0005	0.00040231498279217807	0.00040231498279217807	0.0003087884565703717	0.0003087884565703717	0.00022206960911191198	0.00022206960911191198	0.00014606762961814952	0.00014606762961814952	8.747946200532903e-5
0.0005	0.000442409006646755	0.000442409006646755	0.0003898202044781411	0.0003898202044781411	0.00033595734414915477	0.00033595734414915477	0.0002874272565523416	0.0002874272565523416	0.00025212449496167576
0.0005	0.00044211345488192824	0.00044211345488192824	0.0003829028626981507	0.0003829028626981507	0.0003274855207657785	0.0003274855207657785	0.0002754817905240116	0.0002754817905240116	0.00022720813543819566
0.0005	0.00039730361734953814	0.00039730361734953814	0.0003046564049443172	0.0003046564049443172	0.00021035661143677526	0.00021035661143677526	0.00011803433188863204	0.00011803433188863204	4.308668107976044e-5
0.0005	0.0004006122192032703	0.0004006122192032703	0.00029592663875527964	0.00029592663875527964	0.00020896663257512397	0.00020896663257512397	0.0001264142036582556	0.0001264142036582556	4.5276097764795464e-5
0.0005	0.00039578720051011853	0.00039578720051011853	0.00029283667909966765	0.00029283667909966765	0.00019423018490805302	0.00019423018490805302	9.739159429568957e-5	9.739159429568957e-5	3.4676643323799134e-6
0.0005	0.0004112835285775858	0.0004112835285775858	0.0003286125068125675	0.0003286125068125675	0.00022893549239836838	0.00022893549239836838	0.00012846082804156728	0.00012846082804156728	1.5897650745461776e-5
0.0005	0.0004081621736889327	0.0004081621736889327	0.00030487889093584085	0.00030487889093584085	0.00021110029737162261	0.00021110029737162261	0.00013695065975486407	0.00013695065975486407	5.352594872415224e-5
0.0005	0.00041482231599181086	0.00041482231599181086	0.00032955466543473306	0.00032955466543473306	0.00025039440687038154	0.00025039440687038154	0.00018846549755370583	0.00018846549755370583	0.00012825296860777922
0.0005	0.00041029916325426594	0.00041029916325426594	0.00031800476015290486	0.00031800476015290486	0.00022550136637604704	0.00022550136637604704	0.00013107713865734557	0.00013107713865734557	2.9072356101928285e-5
0.0005	0.0003892370767201464	0.0003892370767201464	0.0002823948990903763	0.0002823948990903763	0.0001969756605642763	0.0001969756605642763	0.00011542888727825688	0.00011542888727825688	2.2907890799294564e-5
0.0005	0.00040809643124625777	0.00040809643124625777	0.00033410100494842584	0.00033410100494842584	0.0002776283131618089	0.0002776283131618089	0.00022616450570216875	0.00022616450570216875	0.00016985231033647794
0.0005	0.0003972269167083366	0.0003972269167083366	0.0002983592609780824	0.0002983592609780824	0.00020429867346239433	0.00020429867346239433	0.00012827714527100228	0.00012827714527100228	6.1022777410086595e-5
0.0005	0.00042851680045323396	0.00042851680045323396	0.00036809591139603636	0.00036809591139603636	0.000294195568293267	0.000294195568293267	0.00020648811758886958	0.00020648811758886958	0.00011199703663043914
0.0005	0.0003955312173386734	0.0003955312173386734	0.00030667813520707113	0.00030667813520707113	0.00021034704184680813	0.00021034704184680813	0.00013022601970673074	0.00013022601970673074	5.451301429601474e-5
0.0005	0.00043245670987603015	0.00043245670987603015	0.0003736546508089867	0.0003736546508089867	0.0002966348493125054	0.0002966348493125054	0.00021976944938278037	0.00021976944938278037	0.00013424856172328885
0.0005	0.0004370952595180643	0.0004370952595180643	0.0003752028886131433	0.0003752028886131433	0.00031445290467780175	0.00031445290467780175	0.00025553415552051175	0.00025553415552051175	0.00019284257642358113
0.0005	0.00041319784303899616	0.00041319784303899616	0.00033816647873684426	0.00033816647873684426	0.00027674002551768875	0.00027674002551768875	0.00021005102713653084	0.00021005102713653084	0.00014677241695541207
0.0005	0.00044339087062942906	0.00044339087062942906	0.0003773057548805572	0.0003773057548805572	0.00033037332778657015	0.00033037332778657015	0.00028086859864963045	0.00028086859864963045	0.00022637249648588788
0.0005	0.0004061581837404042	0.0004061581837404042	0.0003221047605510372	0.0003221047605510372	0.0002538163309788426	0.0002538163309788426	0.00019992246372726048	0.00019992246372726048	0.0001387484268014897
0.0005	0.00045618865756200046	0.00045618865756200046	0.0004115116927591248	0.0004115116927591248	0.0003673735262152041	0.0003673735262152041	0.000317788179182284	0.000317788179182284	0.0002620993652959685
0.0005	0.0004134037677561929	0.0004134037677561929	0.00033093708090489574	0.00033093708090489574	0.00025905160842380905	0.00025905160842380905	0.0001906368615761627	0.0001906368615761627	0.00013708578057289615
0.0005	0.0004017279770235716	0.0004017279770235716	0.0003088327873965298	0.0003088327873965298	0.0002068898515390173	0.0002068898515390173	0.0001177269749953309	0.0001177269749953309	2.945082462279101e-5
0.0005	0.0004256908981034783	0.0004256908981034783	0.0003577264542927964	0.0003577264542927964	0.00030354793876675746	0.00030354793876675746	0.0002442453817881833	0.0002442453817881833	0.0001874734381742735
0.0005	0.0003781476690363904	0.0003781476690363904	0.00026252177967330513	0.00026252177967330513	0.00014087846959127742	0.00014087846959127742	1.3311287480266628e-5	1.3311287480266628e-5	3.838422136890339e-6
0.0005	0.00041652263416226345	0.00041652263416226345	0.0003369948396215101	0.0003369948396215101	0.00024547893776667923	0.00024547893776667923	0.00015910917908756894	0.00015910917908756894	7.323536201935606e-5
0.0005	0.00043174747579698185	0.00043174747579698185	0.00035975812491450653	0.00035975812491450653	0.00030751235735117146	0.00030751235735117146	0.00024548796287132896	0.00024548796287132896	0.00019237662264416034
0.0005	0.00039749608430713593	0.00039749608430713593	0.00029184016663552853	0.00029184016663552853	0.00019307601187702872	0.00019307601187702872	9.681499252836252e-5	9.681499252836252e-5	5.631405357881676e-6
0.0005	0.0004499886751269009	0.0004499886751269009	0.00041063581630412956	0.00041063581630412956	0.0003769445590977958	0.0003769445590977958	0.00032714598146479836	0.00032714598146479836	0.0002813925578107656
0.0005	0.00040710259832868104	0.00040710259832868104	0.0003132176802404391	0.0003132176802404391	0.00022457732587841822	0.00022457732587841822	0.00013782530029941923	0.00013782530029941923	6.041157955340427e-5
0.0005	0.00041628454452844604	0.00041628454452844604	0.00033042684649500564	0.00033042684649500564	0.0002489671297708269	0.0002489671297708269	0.0001798606762456848	0.0001798606762456848	0.00011375075981282606
0.0005	0.0003808551105496769	0.0003808551105496769	0.00025894411069892956	0.00025894411069892956	0.0001283749550062615	0.0001283749550062615	4.413740745296589e-6	4.413740745296589e-6	3.879031484580481e-6
0.0005	0.0004280314302241909	0.0004280314302241909	0.0003505082231264323	0.0003505082231264323	0.00026783251400908835	0.00026783251400908835	0.000188554245456511	0.000188554245456511	8.932965429836406e-5
0.0005	0.0004289915695187555	0.0004289915695187555	0.0003682789414714354	0.0003682789414714354	0.00028992674612765096	0.00028992674612765096	0.0002130380725203331	0.0002130380725203331	0.00012008438810135093
0.0005	0.0004287626946234036	0.0004287626946234036	0.0003770783040868852	0.0003770783040868852	0.00032618902098272766	0.00032618902098272766	0.0002801285841691907	0.0002801285841691907	0.00023906279998866885
0.0005	0.0004348937760444426	0.0004348937760444426	0.0003825185749980425	0.0003825185749980425	0.000319759113016243	0.000319759113016243	0.0002594521076827857	0.0002594521076827857	0.00020258696894980238
0.0005	0.00040400879665634747	0.00040400879665634747	0.0003141627033636896	0.0003141627033636896	0.00021790363571184203	0.00021790363571184203	0.00013759872463558538	0.00013759872463558538	5.0198048342384745e-5
0.0005	0.00040685815768973715	0.00040685815768973715	0.00030705277888473057	0.00030705277888473057	0.00022243228245097843	0.00022243228245097843	0.00013875612677396903	0.00013875612677396903	5.9619142426885416e-5
0.0005	0.00042892328090945504	0.00042892328090945504	0.0003671673469718455	0.0003671673469718455	0.0003130089209331227	0.0003130089209331227	0.000252134208826409	0.000252134208826409	0.00019530374869804992
0.0005	0.00040188827473687435	0.00040188827473687435	0.00029675557760966447	0.00029675557760966447	0.00020143549511052997	0.00020143549511052997	0.00010595391351845822	0.00010595391351845822	2.6041100658583977e-5
0.0005	0.0003844588824525397	0.0003844588824525397	0.00027085348491557546	0.00027085348491557546	0.00016401000534669422	0.00016401000534669422	6.065604935132671e-5	6.065604935132671e-5	4.313405324643697e-6
0.0005	0.0004372942741075674	0.0004372942741075674	0.0003897393122891007	0.0003897393122891007	0.0003344115045038364	0.0003344115045038364	0.000289801404170522	0.000289801404170522	0.0002444834791239353
0.0005	0.00042464490330043175	0.00042464490330043175	0.00036100829519146856	0.00036100829519146856	0.0003036701231498341	0.0003036701231498341	0.0002574341398393115	0.0002574341398393115	0.00021620426958384812
0.0005	0.00040950426438231903	0.00040950426438231903	0.00031991424246174255	0.00031991424246174255	0.00022258071239417832	0.00022258071239417832	0.00013136166300986284	0.00013136166300986284	4.262738402015306e-5
0.0005	0.00041052015984003064	0.00041052015984003064	0.00031074222824616196	0.00031074222824616196	0.00021538858600821415	0.00021538858600821415	0.0001304676060680415	0.0001304676060680415	3.889075926070216e-5
0.0005	0.00040460112006058044	0.00040460112006058044	0.00029805838815489096	0.00029805838815489096	0.00019227738631065307	0.00019227738631065307	9.664659158129871e-5	9.664659158129871e-5	3.5808919116487128e-6
0.0005	0.0004426211554822217	0.0004426211554822217	0.00039284979357538896	0.00039284979357538896	0.00035799112256794597	0.00035799112256794597	0.0003208963777229146	0.0003208963777229146	0.0002883070072653802
0.0005	0.00041253456740010985	0.00041253456740010985	0.00031415713409626954	0.00031415713409626954	0.000219979894496075	0.000219979894496075	0.0001417662961931326	0.0001417662961931326	7.263629369545846e-5
0.0005	0.00040140026240273886	0.00040140026240273886	0.0003045635532093605	0.0003045635532093605	0.00020894345938332086	0.00020894345938332086	0.00011606042929568388	0.00011606042929568388	2.776087627107215e-5
0.0005	0.00043121348034392014	0.00043121348034392014	0.0003696942265962269	0.0003696942265962269	0.0003124805567773721	0.0003124805567773721	0.0002598395389076098	0.0002598395389076098	0.00020597894705586277
0.0005	0.0004201698388275639	0.0004201698388275639	0.00035747208507317285	0.00035747208507317285	0.00030306725298343944	0.00030306725298343944	0.000251198802782581	0.000251198802782581	0.0001916344556926339
0.0005	0.000390237035476073	0.000390237035476073	0.0002827597478982821	0.0002827597478982821	0.0001929916257091557	0.0001929916257091557	8.769843046681877e-5	8.769843046681877e-5	3.596626395380481e-6
0.0005	0.00040536220151264575	0.00040536220151264575	0.0003034473719566417	0.0003034473719566417	0.00020570479926424877	0.00020570479926424877	0.0001151150870755789	0.0001151150870755789	4.3119163132371244e-5
0.0005	0.0003950469488110598	0.0003950469488110598	0.00029837326758156514	0.00029837326758156514	0.00022191794436742865	0.00022191794436742865	0.00015741271263613666	0.00015741271263613666	8.981377607237133e-5
0.0005	0.0004127316379176094	0.0004127316379176094	0.00032739978493999194	0.00032739978493999194	0.00026740783555487106	0.00026740783555487106	0.00020922105377378943	0.00020922105377378943	0.00014305943953604012
0.0005	0.0004192158349232953	0.0004192158349232953	0.0003384447231417359	0.0003384447231417359	0.00026831831339878265	0.00026831831339878265	0.00020219137127252778	0.00020219137127252778	0.00014881018112835288
0.0005	0.00040676485009774236	0.00040676485009774236	0.00030319136899893613	0.00030319136899893613	0.00021483325243405068	0.00021483325243405068	0.00011630785165842038	0.00011630785165842038	1.9590308633318664e-5
0.0005	0.0004534975902132031	0.0004534975902132031	0.00040771807541995365	0.00040771807541995365	0.00037038382939278227	0.00037038382939278227	0.00032337873983435186	0.00032337873983435186	0.0002884079967223781
0.0005	0.00040766543662992924	0.00040766543662992924	0.0003209912412410643	0.0003209912412410643	0.0002260293592101775	0.0002260293592101775	0.00013285520071432716	0.00013285520071432716	5.211726895522865e-5
0.0005	0.0004025892939273212	0.0004025892939273212	0.00032437242526853373	0.00032437242526853373	0.00025916764089663387	0.00025916764089663387	0.0001882798471900738	0.0001882798471900738	0.00012010753693162497
0.0005	0.00044378742467122945	0.00044378742467122945	0.0003719467336245216	0.0003719467336245216	0.0003118512564601307	0.0003118512564601307	0.00023661741083394396	0.00023661741083394396	0.00015886939993189463
0.0005	0.00040953190009102367	0.00040953190009102367	0.00032400478425334686	0.00032400478425334686	0.0002610067580031017	0.0002610067580031017	0.00019513261901660077	0.00019513261901660077	0.00013291590826466565
0.0005	0.00042523327038600873	0.00042523327038600873	0.0003669246433773276	0.0003669246433773276	0.00030351285759627316	0.00030351285759627316	0.0002479432490460901	0.0002479432490460901	0.00020346139024499444
0.0005	0.0003909514700505109	0.0003909514700505109	0.0002853135495952958	0.0002853135495952958	0.00018322186427435327	0.00018322186427435327	8.330310452592371e-5	8.330310452592371e-5	3.9127603153707025e-6
