0.6566574720774412	0.5345331032611127	0.6560480091654051	0.5350092969309463	0.6530950768302297	0.537818523844303	0.6594483868519884	0.5461439430161966	0.6615479774570105	0.5559959120482612
0.6608768436361192	0.5140958125977845	0.6620472944834599	0.5179000957422307	0.6531335619899519	0.5239156267408266	0.657012335138146	0.5317002812686544	0.6573151600976795	0.5405900676548576
0.6557306685105585	0.5437783035654814	0.6584696870402659	0.5401083660346383	0.6626319237495677	0.5377987165408773	0.6588314434953438	0.5357642071279287	0.6588207083500589	0.5351168823184597
0.6584481546015506	0.572073727581283	0.6621333946812926	0.5724640748131944	0.6629567159804388	0.5738904226036892	0.6536845543760695	0.5749445990750633	0.663107957760753	0.5729301255038058
0.6568083272927053	0.5503379186514337	0.6627950591417583	0.5482068771220311	0.657746030840421	0.5475649494250132	0.6595410800534999	0.548132443497786	0.6620777943117534	0.5495894168457525
0.5037757971189419	0.5338881555454975	0.49527421701614066	0.5342604112957274	0.4861330798728395	0.5391448356911048	0.4735456557654621	0.5428191034317211	0.46561337769824496	0.5474900328825255
0.4904832306404475	0.5442250020368178	0.488881087402109	0.5529899949830035	0.49335708588044164	0.5603175260342125	0.49666626687313165	0.5620629345748244	0.47738726500724277	0.5645710095628466
0.4867943476658897	0.5048400401118487	0.4762391447973098	0.5052391536756272	0.47716313680671796	0.5083979923070046	0.4894292581306915	0.5147229367133914	0.48588777174252556	0.5244881674299365
0.4845656919650574	0.5552310592913692	0.4624600614052245	0.5566905751863072	0.4724889434630112	0.5567316901967018	0.4646968914008285	0.556427335184171	0.45926308348185263	0.5561266448136175
0.4831068191735712	0.5599630892639703	0.4824320239157161	0.5585799677531512	0.4669712767640065	0.5592556617528732	0.5022116891107632	0.5618145512582443	0.4780594170590139	0.5677684746797416
0.46280885452297377	0.5745319411287102	0.48901438893416777	0.5760355878172616	0.4752613425854806	0.5765981990695672	0.48641442977761074	0.5769954233304808	0.49607117745643203	0.5770379983936271
0.4707620828103474	0.5443925085178841	0.4850972999045215	0.5463505062173447	0.477976078352821	0.5490321919328539	0.4715860045245456	0.5543318727828693	0.49233032976228014	0.564250149782017
0.4832065061994431	0.5540355935057943	0.48014264234237586	0.5546345642235027	0.48914374105831987	0.5560557030646094	0.4601771470944399	0.5584295566360773	0.4661219683154835	0.560126839418571
0.49590666854655435	0.5350226995081977	0.4791852192572818	0.5388542128147612	0.49360944640542337	0.5447020435857893	0.47040783060071434	0.552351804547589	0.5039438942489274	0.5622097971808295
0.4826567605351091	0.5154984530556699	0.46238311737174337	0.5186674817507761	0.503519115918539	0.5259439143952951	0.48023926559004304	0.5340960361019578	0.4669688867238783	0.5433114855665897
0.4808890787416531	0.5737728770078314	0.4824104782452205	0.5761010168986805	0.4611581050838939	0.5771934467933252	0.4802409585077976	0.5786913135530053	0.47561350099365574	0.5804335206530072
0.48792434341802704	0.5079882870844241	0.48061691256436184	0.5120883368912128	0.48616222856934294	0.5171357530650482	0.50133667827039	0.5256601462208257	0.49185908714860627	0.5356996365853236
0.4651659816716714	0.566502246011436	0.46631597116211226	0.5686701752266833	0.4704080272723992	0.5706923281254889	0.48206501268299007	0.5744580229450295	0.4786058087688813	0.5741918205765151
0.5040443141428718	0.5629627622524143	0.4928618373537196	0.5661071639998055	0.4927949487134913	0.5680097382533583	0.4773697748011587	0.5687608033899769	0.48919694298668254	0.5698427386847548
0.47789737363447776	0.5385995034873362	0.48133255850041873	0.5402147396341656	0.4909602153618502	0.5432915522304004	0.4946839420664136	0.5478739272535428	0.47330436169234635	0.5529647126489038
0.48831883498126083	0.529179220348284	0.488953185004184	0.5330276532175608	0.4870474230829563	0.5381915663036372	0.4912881547920826	0.5454575678546965	0.4701570183780639	0.5544350126222403
0.5021851423440942	0.5387054160052457	0.46242676985784203	0.5403898681528391	0.4773269126974871	0.5448044133714045	0.4944612071547564	0.5505280055879865	0.47043513681219506	0.5583202251284274
0.4924078654701922	0.5410439936119678	0.49844728770741753	0.5439081117566081	0.47853339950031837	0.5509773677830233	0.4880283156519092	0.5572196402371437	0.4827355833562374	0.5671348477129894
0.4962851608052962	0.5436101038173993	0.47088295453160794	0.545084819284389	0.4986127642798592	0.5469347468048325	0.49402557575226513	0.5511117876787341	0.45925895454460414	0.558514045000228
0.4997254279989252	0.5514996139742692	0.4823352615770716	0.5529902199256148	0.4855706716913069	0.5534471514314002	0.48555356313230275	0.554018553859878	0.4773427812969697	0.5546558567384583
0.49363699341963724	0.5278770583218615	0.4975341289714399	0.5304940795286629	0.4828358759142652	0.5337689709082757	0.5013657999408105	0.538389689000844	0.4978219033784223	0.5466824441847521
0.48787178815249127	0.507708872985908	0.47142944440416146	0.5137703682446834	0.47046076530026737	0.5224104990432996	0.46011880701072155	0.530321823182584	0.48899516788879843	0.5411678871897199
0.49683843144808504	0.5379395929637505	0.4957040242633001	0.5388759980544687	0.4748823158369893	0.5422310980244581	0.4771068693492245	0.5471022424418139	0.4770903002903857	0.5513806496145962
0.4725698301915423	0.5591975402497942	0.4624657486292414	0.5602377396956356	0.47268157739350525	0.5607852469795892	0.49401701479637716	0.5641728830083934	0.4854473584996231	0.5661315511583355
0.48674320526218157	0.5178023283458385	0.5023305392358194	0.5233155392886513	0.4834800439750929	0.5297061931601286	0.4680446945560369	0.5380278542990343	0.46645972592287266	0.547315393388988
0.500784877060861	0.5649096681238543	0.4896856481417631	0.5689712007574861	0.4778155142371343	0.5707561126580399	0.4929365713174509	0.5750281595103587	0.4835389603398655	0.5782537230943794
0.50671549637434	0.5357949567303908	0.47268896044567593	0.5376015500087477	0.4661446968254006	0.5404479506592854	0.4843438345127799	0.5458200339034229	0.4949342766459777	0.5539625441162978
0.4823038277130694	0.5263462543889376	0.4699903197596137	0.5293086167682134	0.4808466907251053	0.5322294037021154	0.4919266881523014	0.5361021513243	0.4950635852045349	0.5415766596488284
0.4855320422972205	0.5214327216974934	0.4733183391230521	0.5251473291502767	0.48951043974295444	0.5312419571461207	0.48664396221272066	0.5391668576168996	0.4592346996986153	0.5478917860670304
0.46942569185216587	0.5493407119382645	0.49524844501535	0.5515309079635573	0.4908782644555328	0.5543785204004843	0.4949760976688637	0.5570700830717044	0.4914354803217662	0.5600065860057074
0.49703988667720206	0.5730530985345144	0.49011021977879704	0.5737762216543861	0.5001101020884074	0.5746886626729732	0.48012397335059487	0.5763894153701606	0.48340790882942003	0.5781353582167378
0.4715968033203186	0.5399655963646848	0.4857225862256689	0.5389936091847845	0.48203617726165837	0.5398542134378854	0.4962973381117284	0.540893105400723	0.4774789672862485	0.5440015466124474
0.46885975522897966	0.5415787113872419	0.46910488325638405	0.5439242893540868	0.5055953160776382	0.5472938624828665	0.48419333111797597	0.5512293676844038	0.4945467505978176	0.5563864067465959
0.4746494788182469	0.5362121329418164	0.4624219497702153	0.5414591625045094	0.4808772516794371	0.5481618499170685	0.4852453633020125	0.557096178159986	0.466102206173219	0.5670148695433648
0.4763653574598085	0.5777417173674105	0.47759873697983923	0.5773844755094086	0.49012221525779326	0.577890791714737	0.4805984540153767	0.5784394408552674	0.4967322952149834	0.5807429917316973
0.49820667730762064	0.572677156955074	0.46249582907045506	0.578461535255299	0.4879983948870126	0.5789343690235957	0.4822184201735722	0.5790443386145839	0.4906365757689432	0.5806883850158255
0.49386861249628605	0.5218842419195823	0.4623950821080133	0.5264585592951856	0.4926411065126199	0.5330819236119899	0.4908800242149874	0.5404670826153198	0.48313722952023724	0.5491405789589185
0.4850286796031831	0.5707699231701785	0.46979979619286916	0.5742379414332328	0.48927789300600383	0.5782990001283256	0.4743744565237295	0.5808081050854312	0.45931346744886364	0.5822889662086589
0.4939611618323522	0.5346883370103142	0.49289540476883226	0.5359707002241704	0.48265596683268314	0.5391413440922702	0.46634965539371986	0.544736022590715	0.4940867443276028	0.5538624131416383
0.4810132779199749	0.5762145500512248	0.47987907226870474	0.5814309567759707	0.4717277685836723	0.5837932204587037	0.4602463800560037	0.584427447696508	0.46618755915132515	0.5854190503053534
0.4884967043617423	0.538730129901495	0.4704164724045428	0.5429207673197959	0.49485122290336286	0.547298203233036	0.49430322226790485	0.5518325210678908	0.4852479976142179	0.5562248588772053
0.47524594679639853	0.5452361424218832	0.4740046075518137	0.5460422351873849	0.5054750056144413	0.546754481303452	0.48955914978998627	0.5474489920590925	0.46976725913683387	0.5490975636862877
0.49499625694354105	0.5230984765264848	0.4829767529287694	0.5243212095799341	0.49192589071819987	0.5262845738538678	0.492779872673173	0.5291043044370686	0.50117920101147	0.5358157389695056
0.47873292158562747	0.5219608779666554	0.49845940225861923	0.5242886477285763	0.4889913099484822	0.5281392954592171	0.471515984355464	0.533081110202597	0.49633305323847127	0.5409222406060438
0.47829838211910497	0.5528262258186928	0.48526830733432275	0.5540035825801503	0.46558490287546533	0.5543791653531382	0.47418076237724516	0.5539016423371151	0.47609044344369617	0.5553088924507179
0.4699980088622106	0.5499621966232586	0.49411695431458397	0.5549645636110596	0.48073795610460773	0.560886392189255	0.4902225858870008	0.5637207292206186	0.4937531982716908	0.572578587720821
0.48241190336291073	0.5402044904664322	0.47255773932370476	0.54375932357165	0.4792652305696469	0.548846885065337	0.47281869505078866	0.5556327791654347	0.49420130275984014	0.5634978896973234
0.4934492421676772	0.5741069694506283	0.4910421852401897	0.5744142464220806	0.491270235851001	0.5724464049510639	0.4932405923364482	0.5708849228957287	0.49019483542097203	0.5696733910171712
0.4998868216590084	0.5282686717721717	0.5016246554449979	0.5311585785876592	0.48410942187163813	0.5349061360277487	0.47595098917829254	0.5393830467054951	0.4771994262290237	0.5461238680200718
0.5013988076585753	0.5434740103297232	0.4624428593600014	0.5433236077575767	0.4953885722152651	0.545746076567743	0.4790719187841093	0.5485425518920033	0.4866185882456699	0.5522682280069661
0.46834524395424515	0.5352425054010755	0.4939928695821238	0.5379872409548115	0.4786974626195068	0.5443268704801469	0.48266215692862524	0.550655446373986	0.49324471580577495	0.5593121841557361
0.4850284986910707	0.5261002390300162	0.48835414479851963	0.5296123935063907	0.47963224273314725	0.5362459275550095	0.4806889968178998	0.544147522794988	0.4909486291578477	0.5527074103324153
0.4880602483902163	0.5381445014704895	0.4727414665765219	0.5405954752162759	0.48140011047642134	0.5459886115675476	0.49232717438298734	0.5514672417436066	0.488802520676906	0.5580447340965761
0.4839872730380054	0.5153128068445104	0.47516576924002263	0.5167033260111186	0.47912012514600255	0.519579247258839	0.4702372682684546	0.527511967064607	0.4817390324422515	0.536552766423077
0.4956018490061553	0.543940972528989	0.49611729181637637	0.5509305502263235	0.46110323703638084	0.5574101666712874	0.46886080523046025	0.5652220960191142	0.46719187451824196	0.57282675891264
0.4965493609562606	0.575506546457006	0.46250099461042665	0.5756158104559137	0.4686927251518838	0.5730647858252327	0.47992376301869866	0.5703239742559328	0.4775969970839266	0.568744538803046
0.46280885452297377	0.5318127571449388	0.48919303845563755	0.539315445063813	0.461079801812775	0.5488917738872293	0.495510488541073	0.5569350794847875	0.48068607147426584	0.5659199379473016
0.48227213142986436	0.5284031105403721	0.4827185545776176	0.5329749754313249	0.4610667058192224	0.5371107798593284	0.4732412172957217	0.5417438709592745	0.4882523128697199	0.5495271234028681
0.4805874801279764	0.5164349385676326	0.49473652613051783	0.5164171990550678	0.46645035972784343	0.5177654363363491	0.46784287946255076	0.518829100473916	0.4957022386288237	0.5226130991675152
0.47021363766310115	0.5308841052686492	0.46946764479748077	0.532922657235119	0.46605995235492	0.5362080997195012	0.46903084385843397	0.5425595082973146	0.47996513026570486	0.551972969372916
0.47832591697423443	0.5359866215162682	0.48416409134650484	0.5383296818586513	0.47951136829057506	0.5421466730498203	0.5022466417789279	0.5479973379270315	0.4745237444801154	0.5584410382971955
0.48483929328029035	0.5327781391593578	0.4752880241457916	0.5316947979329236	0.49068756316997475	0.5312647238747622	0.4787015480650026	0.5311557893937795	0.47376201495972037	0.534323521135692
0.48767456750933896	0.5572827207716554	0.47147658350879007	0.5556337973505439	0.48288405865485723	0.5577143891327028	0.4601889861354375	0.5582047156543779	0.45927290071312404	0.5668455123709856
0.4880634940441622	0.5649925367125754	0.4816661567675657	0.5663716157217964	0.48808669809505867	0.5711396693758722	0.5057553096636186	0.5740992440810754	0.4941484349243684	0.5758988251247046
0.4945710716420708	0.518333427579167	0.4971764476530067	0.5245443451224764	0.48320212575258026	0.5312082238507955	0.5079006101815835	0.5390224867341139	0.49343752108368877	0.54922566428339
0.48988611538014865	0.5311258383439365	0.4954513995630107	0.5338172109064111	0.4673837926929803	0.5399382196882372	0.49001976626251925	0.5473896765689892	0.46796553694228576	0.5542873122040746
0.49373616378022217	0.5505350106671417	0.46695498900046356	0.5511977923119473	0.46701761363195915	0.5531749274449672	0.47562635590899593	0.5574460742340951	0.4831842484753557	0.5643831746809281
0.5010796127350999	0.5358309242827658	0.4920110621165401	0.5421894399057942	0.47054074738913604	0.5492034301067713	0.49970243190601304	0.5555289736014805	0.47292010502101944	0.563449761440743
0.46280885452297377	0.5426321096185612	0.49761186151550096	0.5473393298505838	0.4610955787707986	0.5526867141946745	0.4720514923061889	0.5580597773420014	0.4841520130957459	0.5646914605180045
0.47456102303648756	0.5173632572421317	0.4794869263894911	0.5205785917936605	0.4610382781599418	0.5271959574139281	0.4601286343049844	0.5351698460358132	0.4727059446992612	0.5446074986893247
0.4968088242317383	0.5280300758582912	0.47407492436573534	0.5306672707460514	0.47820157349024844	0.5349329121461037	0.4601444770088691	0.5400044081237547	0.4891742683091219	0.5493192469610497
0.4794870507770611	0.5609383271975292	0.4770139020229527	0.562598770649225	0.461125658547379	0.5623103216623594	0.4692536844211263	0.5627769065901393	0.4911072556676992	0.5619287430028687
0.46280885452297377	0.5702111894307041	0.4624894216991807	0.5723569591705104	0.4959998190757098	0.5745378500879896	0.48394213376767686	0.5774072069502573	0.49473356036524985	0.5817169530733103
0.4890216618159042	0.5326318188609254	0.48302369754626684	0.5365091369155611	0.4841235629404018	0.5451087577140328	0.48061113809424294	0.5529716044758756	0.4592625317272943	0.5620536032413657
0.49616147563140783	0.5367850970758548	0.496990717658221	0.5377996261017963	0.482445603426457	0.5399873743215043	0.4859222533420602	0.5423760662580929	0.4868479624626563	0.5470270024775209
0.4942654848010054	0.5443064078997999	0.4796303414958873	0.5479017183716035	0.49125747209025805	0.5507459194445418	0.48307943238948353	0.5528772574597067	0.4681291902217513	0.5552087080013471
0.484596390702451	0.526856739350622	0.4700005086590529	0.5287862442922858	0.4892335148507044	0.5336650260087922	0.4898062294062469	0.5403488272910731	0.4956294912248782	0.5505914197631028
0.49409532572091336	0.5722731779532731	0.48810305867215953	0.573082361699863	0.4743418409498438	0.5736502814434546	0.49924734130591625	0.5722129928551474	0.4771155722500396	0.5698377632847013
0.4982921067693218	0.5257594816066756	0.47102117301937246	0.5269084986267512	0.48483588506984954	0.5280081131041967	0.4961958171889068	0.5307127351890378	0.5030632214941242	0.5356210466566723
0.47875991832431974	0.5727451691892124	0.4665439366865165	0.5743068123307222	0.4712070285402149	0.5754980743533765	0.4602160968796224	0.5771547510425865	0.4843087964146071	0.5790485915793407
0.4861986283587487	0.5474417446530845	0.49931350651163897	0.5480014345774874	0.47675296556148705	0.5513579021336356	0.4816983891610107	0.5568594024880577	0.4852149179607743	0.5628614283163506
0.49373314884216146	0.5219838527958177	0.5003325557477816	0.5273891602228357	0.4667274958969627	0.5345304778052798	0.46014211826199825	0.5419057250366918	0.47827798781021325	0.5518704228884674
0.4854696262464434	0.5526097953939407	0.4879185731853457	0.5607024721727387	0.4850155467078292	0.5682135464844947	0.4852604071114422	0.5754791145559657	0.4873552698179949	0.579191650439474
0.47653542770907314	0.5261496755212371	0.4787731146764428	0.5279536060078556	0.46796317765347106	0.5305392324247226	0.4965719914335137	0.5346525878822217	0.4688147571127761	0.5408599546800388
0.47287077064056926	0.5444150462936554	0.4730328314693026	0.5460404071615619	0.4976009068861734	0.550741443666092	0.47955496559823313	0.5540615247943618	0.4945482041385581	0.5610137161776614
0.5000928943867724	0.5515773731023301	0.4773871108936844	0.5531266039892603	0.48632766566334246	0.5555712005622245	0.4767470139987839	0.5592314585290724	0.4954037633387312	0.5627957947673733
0.47817464676593097	0.5655287356867909	0.4773887081043491	0.5713014099224608	0.47815522537664423	0.578016403977479	0.4718382630609825	0.5805788175892008	0.5006733590687363	0.5824597250964194
0.48447066811974615	0.5638135875420776	0.47173514253016996	0.5668673408113072	0.47121529510508486	0.5701052263283338	0.4785082909668074	0.572034141671199	0.4792961583344839	0.5711798244944108
0.4802720842166188	0.5309327714628004	0.4983195876485564	0.5361130942806044	0.49967120676676413	0.5448196493061739	0.468388691355002	0.5558653703149596	0.4645777681461311	0.5672640277175096
0.4812493941948677	0.5768290976785195	0.49579261842783073	0.5782744674176784	0.4742478238555869	0.5792051446520957	0.4602235273647334	0.5808366316658842	0.4754081765694834	0.58265220616091
0.48569371900945457	0.5248931287157411	0.4624062644500866	0.5261505242354081	0.5005700653657681	0.5298963704370618	0.47720732032986213	0.5346106725285042	0.49069310629715746	0.5421298331640392
0.4811484841713456	0.5437479152367285	0.4960921007075942	0.5457225248460901	0.4842973494428961	0.5486609924498771	0.49875342912567666	0.551276236872319	0.4862319420743716	0.5574754504782342
0.48047208918687895	0.5549729928117222	0.4684472878876898	0.5555737200382649	0.47290297981225493	0.5572722252332029	0.47925478495369295	0.5580813945381164	0.4884083920364448	0.5624572423176466
0.47796268609423787	0.5495834618609587	0.4868228333210244	0.5517541542150058	0.48425000792993783	0.5538875984988434	0.4899253647040087	0.5594551512335386	0.47127130039769954	0.5639191353440913
0.48573168986575926	0.5498517325458945	0.47375587969336896	0.549060973418447	0.4611004789155865	0.5529155615015762	0.4853675224018685	0.557938397020125	0.4592708892306085	0.5624150152025165
