0.6028673676344312	0.637046607253866	0.6092670480909911	0.6349350134017295	0.602759384641214	0.6325334778216856	0.6064109411228629	0.6290737055490899	0.5983497840947284	0.6254607487713877
0.6061421425702147	0.6341897439727726	0.6061408058968337	0.6340997354531281	0.6089641719626314	0.6343482031233444	0.619231794285295	0.6345380176337517	0.599080768014402	0.6332451966908142
0.6070778969369114	0.6407257612789307	0.5967074573864599	0.6409830499733298	0.6097255091969886	0.6412753895451134	0.615139830970265	0.6416003032969618	0.6172866969772286	0.6418662735286016
0.6168251115610281	0.6337685973354921	0.6087888830637547	0.6339252927180842	0.6071569480521285	0.6339930309963115	0.6034250603651149	0.6312402067594813	0.6050985709593469	0.6275687781044795
0.614800340781369	0.6401079853569139	0.6237543428073544	0.6397941816492247	0.6069196619297805	0.6396579574366731	0.5982729027780298	0.6387967157099421	0.6087552773473832	0.6363099502490762
0.4591019571952153	0.6223508436180701	0.4645019369344032	0.62333006764832	0.4683507508094373	0.6256586852551453	0.4695992873609522	0.6278377289808601	0.46170801928346805	0.6309929153328776
0.4591019571952153	0.6381376068756726	0.47084759183558583	0.637543592442581	0.46157593465795693	0.6369944721636308	0.4677896303846936	0.636370518336406	0.4617259450000354	0.6352541650885954
0.4591019571952153	0.6356859911806295	0.46709456907148966	0.6353682782690491	0.472954934397398	0.6344867228608153	0.46043154800062625	0.6346425074162643	0.475997217474264	0.633646344578429
0.4703107628618697	0.6412198147393513	0.46072139140350704	0.6414588153179716	0.46158415705675093	0.6417317019806918	0.47413914302006155	0.6420516235825241	0.4679662022115192	0.6423775826526622
0.46458542623523363	0.6386104862075439	0.47628793270973563	0.6386907728572835	0.46157836153152665	0.6388257263475526	0.46605395635664165	0.6388903054441285	0.46909035701943913	0.6390386410582647
0.4591019571952153	0.6387211883513092	0.46071606405782983	0.6370462657877654	0.4615749623146333	0.6352298617829991	0.4604331582917402	0.632476220000365	0.46171339798181477	0.6279175817191489
0.4591019571952153	0.6340661552626455	0.46070604697104117	0.6318141044319465	0.47269508886661	0.6292246371752528	0.46042040013381796	0.6261036816046783	0.4617045242257286	0.6222212941494992
0.4591019571952153	0.6391727659997525	0.4607170462231888	0.6388656852607322	0.46157883269701655	0.6366491662851264	0.4690446796081482	0.6332986472614304	0.46171952734017785	0.6298210945304369
0.4691741035467024	0.6358156161309563	0.4607098007461456	0.6336590980570412	0.4733987750493946	0.6310210511029788	0.46637858255602166	0.6278573087717336	0.4707783020334222	0.624177514536615
0.4591019571952153	0.6399839439362716	0.46575701451095625	0.6421587445595064	0.46158984916784995	0.6415922566255712	0.47012071068804645	0.6387969545416202	0.46870170850997017	0.6358675955536002
0.47052269714891215	0.6299704161709524	0.46836412102800284	0.6322429017314088	0.4726461222250663	0.6337652046901207	0.4604361362026708	0.6353682370600233	0.4617108002476002	0.6356158243444685
0.4640222668783218	0.6421393377675857	0.4607233560822612	0.6423428843032428	0.4667504535803813	0.6403318887194358	0.4604438879170796	0.6372885063725654	0.46172338194951495	0.6337803439774623
0.4591019571952153	0.6362799432262067	0.46815962850169185	0.6345094665243483	0.47042664195589795	0.6319523394912183	0.4604262397600598	0.6285104279342716	0.471512004631674	0.6246655477029184
0.4701331977362224	0.6413644611414657	0.4607217198626261	0.6393963170987467	0.4705709422283369	0.6391998519029396	0.46044150704973225	0.6404120499443068	0.4617299669258601	0.6423729625650159
0.4591019571952153	0.6397161488987612	0.4723373245330668	0.6391325379776722	0.4615792982474962	0.6392516104620082	0.46044157763969973	0.6365784973545358	0.47332302389657066	0.6327534772383571
0.4696394668642672	0.6420743152764784	0.4607232165685574	0.6421804044963055	0.47416184176609477	0.639787395761504	0.47174511159570526	0.6367892088829563	0.4758299598958334	0.6332847222370876
0.4591019571952153	0.636466656790465	0.4677682459513788	0.6364319297380079	0.46157355698853597	0.6364935881425811	0.4604316506999293	0.6366527141166763	0.4719301969981331	0.6367405768181477
0.4591019571952153	0.6310315629252384	0.46455786792539555	0.6288465211653963	0.4615574829229042	0.6262380481411385	0.4604210251590581	0.6256304899491931	0.46169359474325267	0.6273302175918434
0.4591019571952153	0.6410813698970155	0.46845590332781945	0.6410629991182966	0.4680040772497766	0.6417509780270297	0.4604469147422552	0.6420577753229885	0.4748844194368198	0.6420310744470863
0.4659561858657348	0.634254090130839	0.46070648407005715	0.6341651502021773	0.4719945370672379	0.6343005693818883	0.46042768099024195	0.6345531624919444	0.46171835114061205	0.6336986368842675
0.4700236070046502	0.6375614326784206	0.46071355979728607	0.6354105611404294	0.474079207165792	0.6328020159023987	0.4725381347626509	0.6324262443674741	0.4677171466386327	0.6342812732839518
0.46464044378768316	0.6388489286058708	0.4607163304119694	0.6388349004372744	0.4615786793854359	0.6386640000621068	0.4729073469639474	0.6370414107051169	0.46172151199267775	0.6347179229125606
0.46822304254341307	0.640751963001788	0.4607204007006215	0.6410071557028343	0.46158324885416513	0.6412964779562993	0.4676319481720996	0.6416098606399614	0.4687267061414804	0.6419823439506738
0.4591019571952153	0.641340904909475	0.46990881266738843	0.6415488712566536	0.4615843520104325	0.6418086202297196	0.46904024729841887	0.6421134530541923	0.47156599185482284	0.642448814872233
0.4672721797399836	0.6393812955060117	0.4607174937020775	0.6396544652125203	0.4707309251741758	0.6375090574372755	0.4681950706191569	0.6342486747010291	0.4717787295038904	0.6307520845246176
0.4591019571952153	0.6363286486643385	0.4607109015448601	0.6334652008184232	0.46760488021425434	0.6301049833819892	0.47022485003785564	0.6266149590417437	0.46169907282457656	0.6220055450274793
0.4591019571952153	0.6419624074717649	0.47173301038399085	0.6416495791863941	0.4615846469095269	0.6416373510621112	0.4682844302592221	0.6396023315212626	0.4617228280950919	0.6373892898612347
0.47226626880116823	0.6448028921536045	0.4644169769695624	0.6448970608864953	0.4743917817613352	0.6445325680912621	0.47077985957175056	0.6431453300615773	0.4617351709657677	0.6403252597639864
0.4591019571952153	0.6355058507389894	0.4668720358450356	0.6354157465664972	0.471633347180246	0.6354416571970021	0.4699583661027809	0.6356624861874848	0.4617238601744928	0.6351094918990161
0.4591019571952153	0.6397350033163058	0.4670641401042863	0.639523937199909	0.46158015799622226	0.6394767062612682	0.46925350860643844	0.6383095679901716	0.4617253433248346	0.6356828917449769
0.47079594741799735	0.6409660097533716	0.460720859989113	0.6412112764488089	0.4745747528528744	0.6414881023060275	0.4604463540314257	0.6418020455942538	0.46173607094371927	0.6421581302135891
0.4591019571952153	0.6376719043438078	0.46071379167481863	0.6375445737412561	0.46157589783609476	0.6377232962173627	0.4604383925082789	0.6378831021884988	0.47168769694040774	0.6380200441237046
0.4713567259870439	0.626352429122872	0.4683229443642182	0.6266536043046884	0.4615589808618528	0.6266215275358391	0.46042098404168114	0.6250384496106992	0.47272685743485404	0.6230317144392603
0.46907467087126126	0.6382582327550311	0.47640930352461075	0.6380646575222622	0.47654289790875337	0.6376207719988309	0.4719246309096614	0.6372234217133074	0.4691714501170712	0.6347976011139911
0.4591019571952153	0.6344405228328647	0.4692052857584173	0.6345156918760473	0.4615694699765271	0.636444594819171	0.4604353000293125	0.6372525719526975	0.47372711124363787	0.6375042735671724
0.46696170373577656	0.6403954546981996	0.4607196357263258	0.6403995679960368	0.4714452844724726	0.6410832828778377	0.4691696672839021	0.6413186440987457	0.461735899206886	0.641078005168828
0.4591019571952153	0.634394205100018	0.46070676390453663	0.6319276447753032	0.46156400555852356	0.6294087357872669	0.4604242417224356	0.6279462130199502	0.46170031966217395	0.6294457966839085
0.4591019571952153	0.642109362866284	0.4711919434843552	0.6416956634805422	0.4615847027979846	0.6391774515865496	0.46588978443907786	0.6362442430754645	0.46172119337466283	0.6326632344745123
0.476322052559084	0.6407703861468167	0.4607160776854224	0.6410006743099363	0.46158323514292154	0.6413160098249704	0.4714704993420267	0.6416330351719263	0.46173595683571783	0.6420024130720416
0.46603052988448734	0.6427631661677269	0.46072474276794473	0.6427745446993138	0.4615870350721918	0.64276497307148	0.47221999826197014	0.640958284913373	0.4718951598412639	0.6386811195161954
0.4713586784974621	0.6323679206099849	0.4713000300873638	0.6300249703538672	0.46877477955611974	0.6267358159337082	0.4656619348584115	0.6233472941655219	0.4616986825386821	0.6232842174923896
0.46671924040700585	0.6427879896291826	0.46072478269088946	0.6424554204000853	0.4737583995043257	0.6422453206768964	0.46789186491431517	0.641731296271578	0.4617297655462162	0.6398185669625703
0.4591019571952153	0.6360515288243447	0.46549260347680493	0.6361026677597786	0.4730822098334154	0.6363863095591782	0.46997355101733557	0.6363873322858951	0.4780824700552631	0.6363418372926097
0.4591019571952153	0.635746807690226	0.46070966088314264	0.6356219977927833	0.46157183070818775	0.6357542226251053	0.46991051937519795	0.6359893940976026	0.4733693009726869	0.6358220205602335
0.4591019571952153	0.6354427268601878	0.4683945325436905	0.6333726614158111	0.46964881691616134	0.6305204199987758	0.46042314026863745	0.6275691857700444	0.4617080301781292	0.6238898808489116
0.4591019571952153	0.6378104087180281	0.46798134342649694	0.637648748926736	0.46157611041526125	0.6377218052539424	0.4709291888997827	0.6379581366527797	0.4750825423099152	0.6380323086465967
0.4591019571952153	0.642326827442344	0.4756110837895799	0.6424943202516055	0.46158640511031923	0.6404590217036964	0.46720451446171357	0.6376201933333085	0.46992563274681115	0.6340594046864304
0.4591019571952153	0.6332193669796463	0.46070421701371705	0.6307228815278674	0.46156149138849123	0.6276249873905577	0.4704179628778642	0.6241084475585817	0.46703337440234405	0.6199507476789763
0.4591019571952153	0.636763869142123	0.4607118695650599	0.6367088258764645	0.4727741560266155	0.636578372163644	0.46043900790819675	0.6367511347844986	0.4617184724653475	0.6350271201917641
0.4684237066486665	0.6380602917601083	0.4607146458652461	0.6377092093165327	0.46937809339752107	0.637268266055823	0.46955901336422823	0.6363447401629981	0.46171658561594636	0.6328240950065638
0.4591019571952153	0.6379546278458269	0.4607143983296528	0.6379300667039537	0.4705616917547234	0.6381593684756405	0.47046482956194413	0.6383348929875637	0.4617256391443382	0.6385133464716387
0.4591019571952153	0.6428483677112425	0.4607248509567582	0.642979799758741	0.46158743127215696	0.6419338525698003	0.46044724942540266	0.6390453183198399	0.46172704311429197	0.6355713685172787
0.4717761622068901	0.6346604559833896	0.4607073428779951	0.6347096446360952	0.4615699522510602	0.6348617770781939	0.4604323411447156	0.6346663251665872	0.46940900730472845	0.6340465324572929
0.46788091068250137	0.6361045707476303	0.47472451094931467	0.6359276716088725	0.4615724825952287	0.6372341975320507	0.46635135909250186	0.6375190337484417	0.4707148965683224	0.6364396566628089
0.4591019571952153	0.6416136468381651	0.4607222708496826	0.6414170440875324	0.47107355666793754	0.6409462723824024	0.46044983807299666	0.6386075447738291	0.46172120766294655	0.634921828205066
0.4591019571952153	0.6376448565195576	0.46858263717737136	0.6353697413235522	0.47127951485027836	0.6331038441632685	0.46043396432313327	0.6292430348845789	0.4717261397316008	0.6264811628636812
0.4591019571952153	0.636945778064255	0.4758233692441904	0.6346474691991598	0.4615697657364185	0.6318486198147659	0.47183137738774983	0.6287832515252013	0.4690661852652747	0.6250137400450131
0.46759034765862223	0.640139072560689	0.4607190987589861	0.6404822942316224	0.47225532502543144	0.6402916330711363	0.46044845037247956	0.6410230907207213	0.46691490927770746	0.6412853388195509
0.4655973020083767	0.641112338582358	0.4607211607900745	0.6412842719889151	0.46835169772754226	0.6414996709645194	0.4711849691746104	0.6416818868435517	0.46173642163759027	0.6421309117536759
0.4591019571952153	0.6363717951720772	0.470015138849058	0.634202046586944	0.4701285609393283	0.6317464773930046	0.4604301939113968	0.6283809039156434	0.47113190910770886	0.6249442064505127
0.4693613062441706	0.6371109360728945	0.4663732272363645	0.6374104050263614	0.4674911389849851	0.6378390037957468	0.4651403419898384	0.6380386193637466	0.46710620951806	0.6380332350299788
0.4704583600876536	0.6372280200899301	0.46845227908341097	0.6373300283624203	0.4723659522465792	0.6374986862114285	0.4673951118662746	0.6376824019996618	0.471099674958723	0.6378006177465394
0.4759647299893006	0.6356580446836113	0.4675957898124036	0.6331588824177564	0.461566609905848	0.6303159136670875	0.47159094327441636	0.6267452042783795	0.46169969257916993	0.623416752976406
0.4591019571952153	0.6392009376936727	0.460717051365981	0.6369527927350794	0.46157466853230594	0.6342362298067566	0.4723521050291162	0.6312375407907509	0.46171450568217237	0.6272965624003829
0.4591019571952153	0.6340198049877435	0.4768289490110411	0.6313913709775578	0.4615628844755464	0.6280477363951315	0.46761725706264684	0.6243392347219531	0.46169619370313814	0.6196075501506627
0.4591019571952153	0.641261879063014	0.47330622551938734	0.6409012668204769	0.47209488571705943	0.6401450272739138	0.467970933369101	0.6379428794615204	0.4753364907677192	0.6352319466411538
0.4693036794750879	0.6342810713849207	0.4698283244526226	0.6342501155901902	0.4615689929535312	0.6344853168584381	0.46043104531209517	0.63452301395298	0.4617157834527786	0.6336645810596455
0.4697227681659014	0.6418547355059439	0.47432553127587596	0.6420668507337571	0.4615854788854458	0.6408384452621114	0.4723796600824807	0.6380040493239018	0.4692492444995733	0.6389033790617463
0.46762650438940706	0.6377474531083003	0.46071394067053684	0.6384194975325457	0.46965439579172225	0.6385408678958994	0.46864283944195484	0.6386968344877684	0.47089065531517244	0.6388296247235506
0.4657474973858888	0.6365166868719901	0.4681076703322054	0.6361195124206629	0.4682464132839934	0.6359858921661403	0.46043320605255583	0.635756201460267	0.4617188551282936	0.6335307752144471
0.4663852685177044	0.6404825935727223	0.46071980953431285	0.6404559991873251	0.47339099203628016	0.6410000127198915	0.46044530887108154	0.6411901914814643	0.47122381100971983	0.6414633851890865
0.46897600300169057	0.641189115068611	0.4709408456009567	0.6414132874623998	0.4695071268453472	0.6416936727979845	0.47091873145401714	0.6419757953214765	0.4617374200531866	0.6423351337396288
0.4591019571952153	0.6395184509061246	0.467449881224283	0.6398106847509807	0.46158082421696345	0.6397249959358514	0.46634037607363127	0.6367261569429916	0.4713129726159323	0.6329065068962911
0.4591019571952153	0.6353029632242918	0.4607087347499945	0.635368910016496	0.46157137271826937	0.6353635008211723	0.4698431787237581	0.6355063044790291	0.4749592108356139	0.6347915965480353
0.4591019571952153	0.6350760435147894	0.4702179533163502	0.6327707590383667	0.4615657915722917	0.630070870388091	0.4688552056121528	0.6268860500183902	0.47488413655198886	0.6235932058899243
0.4681699354846696	0.6313479009082055	0.4607002218324644	0.6314493824370309	0.4615629964181455	0.6326967012246513	0.4707894540930741	0.6341861723356326	0.46171235454638826	0.6348261609495227
0.46936127010803247	0.6411857061922358	0.46072132313050645	0.639161170009455	0.46157930719895984	0.6365549086266398	0.46540880002327006	0.6337931639005185	0.4685555358753883	0.6326661844775626
0.4591019571952153	0.6202438457400828	0.46067631169106793	0.6184636303479907	0.46999010694580784	0.6186996173990398	0.46040004673298235	0.6196463890321328	0.461684288531156	0.6178753179894786
0.4679227736439815	0.6352861447361399	0.4607086724094502	0.6353640760206581	0.46157128508440076	0.6355146223014677	0.4744613281523601	0.6355935913430351	0.4679624101125578	0.6354403241045603
0.46914761598974497	0.6332935277367695	0.4699823288691162	0.6306732793152546	0.4696757363604897	0.6272362449903712	0.47003716651663086	0.6276227225136444	0.46959820720009215	0.6288447677188732
0.4591019571952153	0.6354866228846592	0.46070599142960694	0.63553913255357	0.46157173283832653	0.635916888358163	0.47005562910015264	0.6357619044494355	0.4617120629498694	0.6357047740125236
0.46646151421471144	0.6389152410967956	0.47192133992998647	0.6391294868506308	0.4677126006794627	0.6397212778795613	0.4684413855994264	0.6394842154375858	0.4617298078402291	0.639748929322693
0.4591019571952153	0.6414697850184117	0.46072194585254866	0.6416495606699187	0.47070013386607984	0.6419443948159481	0.460447310741666	0.6422304448196664	0.46173377800427334	0.6425574250992669
0.4708112360871404	0.634995166311998	0.46070804803812404	0.6350556262963926	0.4615706196965413	0.6352240160413346	0.4604330943145676	0.6348935323813781	0.46819992939322264	0.6344542334670512
0.4591019571952153	0.6374374874991512	0.46071328867386924	0.6374620115343481	0.4696031046758222	0.6371053180290166	0.47070946021200755	0.6369361067232597	0.4710537660569585	0.6355212081629714
0.4663443577893424	0.6351559019033808	0.460708405999196	0.6352014223221908	0.46738828179322095	0.6353430708455309	0.4724220308055094	0.6354514182690997	0.46172406098826085	0.6348115193104589
0.46761722908916	0.6353286727604748	0.4607087767283312	0.6352414684395482	0.46157107734849623	0.6354187484138318	0.46043351899603213	0.6355112719872191	0.472990679635092	0.6352934279114797
0.4677372684892133	0.633088380256027	0.4607039619946884	0.6306919992412068	0.4655736902903108	0.6281054983260623	0.4604180462627771	0.6253177387755733	0.46170272739942253	0.6262108168407058
0.4591019571952153	0.6375871489101378	0.46071356253858853	0.6369527583718535	0.475733643153026	0.634322253808013	0.46043090103506445	0.6313221747611287	0.4706434661902903	0.6281141118370751
0.46783803702451715	0.6361781965667056	0.46927828530211624	0.6365660796594491	0.4615738072696299	0.6375697258833896	0.46043805482802136	0.6378539249104768	0.47345849074172647	0.638084779013975
0.4591019571952153	0.6344719292291353	0.46649668983776765	0.634473758587552	0.4744962404190931	0.6345391106971665	0.4604276429739728	0.634284767604818	0.46171930126852995	0.6338090371338189
0.4647454361990038	0.642468143070275	0.46072404836435615	0.6412962497240338	0.47345756988734783	0.6386947436577595	0.4750919703336224	0.6358598866576461	0.47339693693392654	0.632396031697641
0.46747318459197656	0.6373870350313698	0.46071318041523834	0.6373624038670522	0.46864881683447834	0.6374065799002546	0.460433474601423	0.6377538362654004	0.46172656228999104	0.6377666918001618
0.4591019571952153	0.640422627395098	0.46883674881774284	0.6404062456855757	0.46158661764616055	0.6386104029204811	0.4707840451310876	0.6368729644883091	0.47000234059372037	0.6325149969584175
0.4591019571952153	0.6406996654680565	0.4607202753097864	0.64052975797931	0.46158220477912737	0.6410434164008737	0.4604454006566983	0.640888504541194	0.46173097837509763	0.6413657161328782
