0.5989390831838645	0.562758550991304	0.6074673175714479	0.5170106901127816	0.5931089699143323	0.5240256485254485	0.6012031992799699	0.5261374477212001	0.5966444446724791	0.5234259872269328
0.6102826231422779	0.5837324283018294	0.6034088049391654	0.5478132199978096	0.6063918934790827	0.5171938382249615	0.617003854190577	0.516706392690743	0.5971758424201716	0.5177032148110311
0.6052554802328588	0.5897766989641102	0.5995650870786423	0.559082477308884	0.6064722899206826	0.5378890427765323	0.6109100076964485	0.5370553471833702	0.6094910813796053	0.539398029211402
0.6164507130899812	0.5709400315319768	0.6011154204219875	0.5513845254011581	0.6062240176656364	0.5653373998604424	0.6064014344277905	0.5660408388528397	0.6092904110071652	0.5655558953185077
0.6008598369733492	0.5940177962299488	0.6188461781350972	0.5671726916806838	0.6085896614361349	0.5280884589254458	0.5984068839978816	0.5278146728143094	0.6042813326401628	0.5286577185005514
0.4600044929782235	0.5892747490276398	0.4686749571724033	0.5396694662768511	0.46840983683238685	0.500086743054593	0.4706386386366843	0.4992687770154513	0.46137837743594845	0.5009351431715584
0.4600044929782235	0.58389986037192	0.466656713281454	0.5710411699856897	0.45941836821611703	0.545587063158443	0.47350192035504074	0.5442255881436984	0.4614733680961509	0.5483166812648457
0.4600044929782235	0.5850576820851026	0.46464867960291295	0.5629583867357967	0.46634274463325287	0.5346964623267658	0.4617578108783806	0.5333572164022059	0.4677810548374974	0.536662139500474
0.4728021509880968	0.5834626864039341	0.4596929017163337	0.5743914009886626	0.4594255170670777	0.5690734643562795	0.46936429786969736	0.568964427023294	0.47248617190330505	0.5692573787217078
0.4630912005362555	0.5856309470750539	0.4679611066089916	0.5550715250492237	0.4593840803161012	0.5307522729540757	0.4665206496789131	0.5310041001873859	0.4716461898539526	0.5331243600894453
0.4600044929782235	0.5728448187821937	0.45967050169439094	0.5228023793927881	0.45931493860793693	0.5057965302785267	0.46169678689717386	0.5051971343564515	0.46137910047345765	0.506275887088298
0.4600044929782235	0.5645360905796393	0.4596528786646056	0.5300637824370465	0.4695510088190246	0.5429912280110566	0.46177530209601014	0.5439997414957497	0.4614722395765054	0.5430925833060081
0.4600044929782235	0.5431887596787793	0.459607815605386	0.5001152309024888	0.4592662817341521	0.4887771046366693	0.4694976656437467	0.48879461080788256	0.4613566135898882	0.4891727986909149
0.4681515955903098	0.5613956031453975	0.45964623955860445	0.5319415195002704	0.4695477049747077	0.54558096414087	0.4703187817942558	0.5468539376942771	0.47044155128621346	0.5441162587025656
0.4600044929782235	0.5872504849452254	0.4692459326037888	0.523704141006823	0.45932711065129056	0.5135017065502706	0.47688106106336575	0.5138062214403	0.4730367434606104	0.5137653930828671
0.47153861756253457	0.5952545012846289	0.46804282832029864	0.5304987443789528	0.4657547359172903	0.49641429631675005	0.4616782937387402	0.49582718598412423	0.4613694015116074	0.4979876014761687
0.46496655944785936	0.560094911050902	0.4596435002610539	0.5200713735379997	0.46646504429107155	0.537182420083229	0.4617630201746795	0.5388079566901501	0.4614515323959649	0.5357271482421714
0.4600044929782235	0.5437362828164646	0.4685558634220704	0.5051155599636029	0.4704513948891241	0.4898262180165121	0.46166305699659294	0.48918847875024846	0.46930293340573354	0.48942686803638163
0.4663626408510797	0.5565964706928788	0.4596360939975912	0.5569763330826228	0.471566749849124	0.553550115274809	0.4617976188264398	0.5535657753646541	0.4614833341017311	0.5540071171335528
0.4600044929782235	0.5841206670567194	0.4683594580943424	0.5203378198366755	0.459309408941236	0.5207659641488653	0.4617283092155141	0.5198882801725302	0.4754980407945592	0.5197889537558502
0.4724601615714248	0.5713966786981468	0.4596673917965549	0.5474875618786232	0.46914061501808485	0.5654076085418113	0.4721188093869033	0.5673069278159478	0.46541081828495057	0.5649584854174519
0.4600044929782235	0.580252665125389	0.46580320036715095	0.5594836568947053	0.45939354695599866	0.5392211261605876	0.4617713340335793	0.538078936368582	0.46985036733534624	0.5416623020356524
0.4600044929782235	0.5590866455168227	0.4672266599460216	0.5440709412571831	0.45936044539045096	0.552642253777023	0.4617940381598547	0.5520281569643675	0.4614885193875424	0.5531139115937113
0.4600044929782235	0.5560502147846551	0.4681961011968101	0.5578635742639642	0.4691758765921034	0.55101483131746	0.46179227417619484	0.5507625544071731	0.4719919103564327	0.551209395917071
0.4651582224252526	0.587922854276307	0.4597023664412244	0.5577449853420554	0.4725056232985664	0.5219567560789049	0.4617338250248455	0.5209723877231188	0.46142199865335537	0.5232167555786984
0.4691763727890231	0.5549906014320564	0.45963269912050914	0.5477014239677216	0.4662876686575564	0.5493707631864794	0.47277131190181165	0.5492131555997434	0.46674705345088985	0.5495506871621405
0.472791411126906	0.570551864529423	0.4596656309806301	0.5664074449107491	0.459408425991238	0.5407524877459644	0.47230075296795915	0.537672386863391	0.4614564691141465	0.5419423246894978
0.47174307116328423	0.5993038375938802	0.45972641441953777	0.5662397173541122	0.45940804267909074	0.5414684429680334	0.46861899237078436	0.5395278586833712	0.4650843501736582	0.5425715961098485
0.4600044929782235	0.563119801830064	0.466741047132768	0.5636861034547453	0.4594025268195959	0.5574692351221511	0.46727056675882195	0.5573546047929552	0.4732752846722591	0.5576607790423738
0.46908695779285	0.5614994139923869	0.4596465273757352	0.5190312599780192	0.46816524703938883	0.50979344007074	0.4712997872630761	0.5097266951225563	0.4656545755908836	0.5103407959809202
0.4600044929782235	0.5791341088409773	0.45968373924246153	0.5415700386305828	0.4697483034059665	0.5457852060795807	0.47226644933190937	0.5463145985945966	0.46147446602969916	0.5451112991445836
0.4600044929782235	0.5875401763404648	0.46967497461871394	0.5749712297214872	0.4594268242615221	0.5391846130656217	0.46739044030439736	0.538467175944227	0.46145511988256527	0.5408514575572967
0.46765222298844367	0.600315127541929	0.46626029877876307	0.5309038149310048	0.4690258540730076	0.5165204855173088	0.46790668978450495	0.5162846779538354	0.4614117727506198	0.5164942109211628
0.4600044929782235	0.5689649641084855	0.46542057858659486	0.5646627091798618	0.4666449893005809	0.5522529592470015	0.4690911993754977	0.551860972301773	0.46148861321515483	0.5527531546442778
0.4600044929782235	0.5922640810734101	0.4673270434025098	0.5599029586376598	0.45939449367555174	0.5233636770027973	0.4709210935318775	0.5225669525242768	0.46142499779673396	0.524145271794189
0.46602403595521896	0.5930666305380987	0.4597132167206187	0.572098906269674	0.4713971005142617	0.5582915848005527	0.4618076475231887	0.5580976730004382	0.4615015911011231	0.5601617475604589
0.4600044929782235	0.5707558836184697	0.4596660622949423	0.5575489855567287	0.4593894072230515	0.5436500569154629	0.46177671558978356	0.5420606280906825	0.4685401751760352	0.5445394439759063
0.4687860878629709	0.5845226021376179	0.46755228619753064	0.5495739341819508	0.4593731893479505	0.5136441217536613	0.46171526993266504	0.5126221938401944	0.46968146842109504	0.5151457338851803
0.46911774962990516	0.5910599687083395	0.4695402930198099	0.5586444367195544	0.47097647783057706	0.5214630110327614	0.4685886657104106	0.5210336395371878	0.4754772950064704	0.5223490749634011
0.4600044929782235	0.5643984222202847	0.4694998128224577	0.5606134650658469	0.4593959696701973	0.5485204122505127	0.46178639844842284	0.5481176802847105	0.47138140604808226	0.5490112017024504
0.4701591070757252	0.5755387158893585	0.4596761619461297	0.5615637760728677	0.4752359340135483	0.5535653339934714	0.46955877988671196	0.5536016210636633	0.4614927059982519	0.5540113073293063
0.4600044929782235	0.5641886675678169	0.45965214420009143	0.5464891201584233	0.4593656335927287	0.5526191618043025	0.46179330721996625	0.5520894698291364	0.4614857260287034	0.5529554829272182
0.4600044929782235	0.5688008267599451	0.4670978782065153	0.5295073340297316	0.45932913957887606	0.5489177763283234	0.4708458489126964	0.5490980584086952	0.46147370660217646	0.5474846759317878
0.4705400884962598	0.6052277968982749	0.45974719563102306	0.5737322014986852	0.4594241285513051	0.5508340739098565	0.47056377859033927	0.5500435259686803	0.46148750637653246	0.5520639949551486
0.46746404731493874	0.5966621003998835	0.45972084178977257	0.5748615302587338	0.4594266007042262	0.5359404285368308	0.47332200439494826	0.5350247470085011	0.4715638622652669	0.5367185511595994
0.46952978296691933	0.5669379001293958	0.4716367629590293	0.5467396158112746	0.46600798649802405	0.5578215476119357	0.4744891118591577	0.5577781458268626	0.46150109894666336	0.558463771887229
0.4695968881014027	0.590379253866432	0.45970754749199494	0.5816357937935912	0.4661030561923793	0.5538635893864731	0.4685085883109646	0.5529506597947885	0.4614883495556327	0.5560260139749714
0.4600044929782235	0.5805829787432238	0.4657334130060803	0.5565071668029554	0.4693029290451369	0.5295797272920629	0.4754778183206509	0.5287362553427809	0.47098777701344824	0.5317274861668393
0.4600044929782235	0.5702035284185681	0.45966489456729087	0.5617432226534242	0.45939841655984975	0.5488150141389879	0.47083327443181355	0.5483075378683194	0.46759435700102525	0.549286285772018
0.4600044929782235	0.567010846427179	0.46678167178937	0.5247162502988831	0.4680715556114446	0.5324727521339401	0.4617530819270712	0.5322672928656574	0.46144870236173274	0.5302206635413034
0.4600044929782235	0.5652969672499245	0.47097602938480654	0.563363945966796	0.4594018705739784	0.5504045285873328	0.4703271357905671	0.550012128042494	0.46718141795867607	0.5510492134098164
0.4600044929782235	0.56688195951047	0.46421412429546133	0.5149028543595457	0.45929780173536805	0.5282900455123246	0.46846200225742185	0.529614458505878	0.46646642037833375	0.5275842402932486
0.4600044929782235	0.5846538290144907	0.45969540485691246	0.5205045481156718	0.45930980678234606	0.5169573575263178	0.4680904805679033	0.5166067480003065	0.47068974918263695	0.5164980269685995
0.4600044929782235	0.591785746406168	0.4597105328752417	0.5643168775300431	0.4718072711242005	0.5259838387751826	0.4617378832200189	0.5252224761044493	0.46142873907761117	0.5267943377006883
0.4661101030095048	0.5882052598686741	0.45970296346827233	0.5525770281132172	0.4659858652273722	0.5191678264004492	0.4697372566613942	0.5181591318613215	0.4614128604324723	0.5195700754548039
0.4600044929782235	0.5826095532915222	0.4596911218815435	0.5557281955938645	0.4734704320625199	0.5315537436666123	0.4728621518513989	0.531454473749432	0.46143567370620264	0.533815564179471
0.4600044929782235	0.580795581581922	0.4596872370748135	0.5015841567490579	0.4592691647850309	0.501396542157363	0.46168738332323067	0.5019294785319436	0.4613720527463612	0.5019406196880992
0.4714001089931724	0.5830899461485596	0.4596921374643666	0.5594252114648052	0.45939344470745197	0.5318840412019993	0.4617518692492829	0.5302182741459042	0.47166539802308866	0.5339793663933606
0.46736590932584565	0.569810263512131	0.4738064489024586	0.5723197690142982	0.4594210961752245	0.5555774366697941	0.47492142868158765	0.5548291738721004	0.47088490082755063	0.5559995235601262
0.4600044929782235	0.5913082722696358	0.4597095354411431	0.5527114439926821	0.46737255751330276	0.5211358220738447	0.4617269114992686	0.5201066795169811	0.4614170844499575	0.5217270918775884
0.4600044929782235	0.5709212113558475	0.468057836023922	0.5602475311099208	0.46993483084542936	0.5763208542945856	0.4618416085450469	0.5778089198041653	0.46815816370973484	0.5744446051037541
0.4600044929782235	0.5643098116853171	0.46743945448721425	0.5278894089085663	0.4593256997182697	0.5414230766146715	0.4737139859630847	0.5431032448343327	0.4663894583207506	0.5410831775043345
0.4701114589383756	0.5923214035287001	0.4597116532911069	0.5551905406126287	0.47228103604420835	0.5232070708605152	0.46174456066109854	0.5215214547077412	0.4758736602202758	0.5238503106942938
0.4694490096954527	0.5718992462329604	0.45966846787731974	0.5633168436051882	0.46665771547328755	0.5554242485895817	0.4749956437390435	0.5548618038393198	0.461495034243529	0.5550889368401075
0.4600044929782235	0.5854654859946763	0.4648202293257709	0.5093509178461053	0.47595004013312703	0.5044332963247083	0.4616925276097046	0.5047236320018551	0.46791618236440397	0.5041585029450864
0.46875882269698255	0.5640601008668508	0.4706306829791928	0.5642271444990324	0.4688680579151244	0.5515964176927327	0.46932879735798744	0.5511058881118607	0.4682436657885973	0.5521011446243714
0.47266533231057384	0.566789181493746	0.4658699984369949	0.5577197950388316	0.4690905361128138	0.5437434027406018	0.46561882815552674	0.5432634857372689	0.47440819029327863	0.5445583793351231
0.47122461913617864	0.5757477591618919	0.46720048712664236	0.5606212893919781	0.4593959623249248	0.5790230463794447	0.46936132603614295	0.5790668726121225	0.4615439671803387	0.5785779565842576
0.4600044929782235	0.5596602742735466	0.45964258145153725	0.5190238342408758	0.4593066626544927	0.5351049642020635	0.47386611600557343	0.5346316610951879	0.4614522216922273	0.5324843107785451
0.4600044929782235	0.5762612861406942	0.4728594101225268	0.5302676626731953	0.4593307796034435	0.5300471065956324	0.4672276239721366	0.531138328826515	0.4614430065999687	0.5298195554208968
0.4600044929782235	0.5919208893341931	0.470125017307426	0.5575657307355152	0.4686737715788178	0.5165095061279555	0.47187736710781947	0.5148472232017364	0.4666916970960567	0.5170881755686914
0.4648830241054047	0.5865575198167868	0.4689029485755089	0.5567255336791322	0.4593876750817588	0.5206583424447966	0.4617286163845131	0.5198001465346751	0.46141846470561204	0.5212960587608098
0.4668098475387816	0.561186361354044	0.46317432066264264	0.5468106792877966	0.45936626707067013	0.5500390131723072	0.47177472772530576	0.5499184369186443	0.46757951522297037	0.5503207723794017
0.4730975792784581	0.5601230776733385	0.4596435607370788	0.5614803881086926	0.4716724467748278	0.5509426106288438	0.47337797191893544	0.5504939070599185	0.4681590078892637	0.551188742908141
0.47207876753249545	0.589088582144731	0.47491297443971553	0.5603746215440172	0.47250521733532813	0.5205523376704222	0.461728894146662	0.5202054834556128	0.4614195615587953	0.5212502089994565
0.4717177069071761	0.5674082051686525	0.4596589735060222	0.5619978431929141	0.4673356859280053	0.5553914567193615	0.46180153142645347	0.5552110637122485	0.47043533154286177	0.5554970945103367
0.4683661332587317	0.5884137324070684	0.4670901051837088	0.5754645508218227	0.46544132134657873	0.5702002936419827	0.470338869798601	0.57007531635596	0.46152765825234543	0.570451035631647
0.4600044929782235	0.5693513045506069	0.4746956219459868	0.5238204606340331	0.45931714481958347	0.5139418161892874	0.47773683891015595	0.5136042648776987	0.4714114062209907	0.5142722233226246
0.4600044929782235	0.5853056935238427	0.45969683355470253	0.5536920781395651	0.45938116626629877	0.5154956530358399	0.4699252708306454	0.5150132094362018	0.46814820054823975	0.5165733265915287
0.4600044929782235	0.5643499708544338	0.46703880903078093	0.5336097740756675	0.4593379820294053	0.5471601424162204	0.4739751482695214	0.5483767657197579	0.46924778094729064	0.5471045820483339
0.46789383193828793	0.5610912441423936	0.4596456189713157	0.5597176221361919	0.4593940477200475	0.5495630928049536	0.47073739750395466	0.549149111600021	0.4614788044521737	0.5501103905910554
0.4642511166216861	0.5550706116752672	0.45963286826567396	0.5403518106745502	0.45935244521432617	0.5584191479747398	0.4729534126631628	0.5583452912709264	0.4711834975037766	0.5586532172272235
0.4600044929782235	0.5818469141037138	0.4596894238828168	0.5300529876641192	0.4655949548533997	0.5039907014759422	0.461693233688526	0.5027295228231141	0.4613819880437181	0.5052883089443899
0.47004670018579603	0.5645352997203859	0.4596529114081946	0.5615602106900471	0.4593980239169268	0.5485602878564022	0.4663215515480894	0.5480519050908095	0.4669519312156468	0.5490469451993812
0.4676531016283438	0.5675960190446503	0.4721649050553546	0.5576072825787545	0.4665237216055365	0.5584677082399147	0.4737990176878869	0.5579656260111094	0.4700896740944458	0.5589433595887381
0.4600044929782235	0.5856758243628973	0.459704041640015	0.5496352325180927	0.4593724728792552	0.5154851254880903	0.47215570780512056	0.5150235934739322	0.46140794197894225	0.5161499692239097
0.4664481816716794	0.5918434879016733	0.46578420030561735	0.5551170930885252	0.4677625894094051	0.527072981206671	0.47402367382430727	0.5262830116931745	0.4614338069339407	0.5290203298683069
0.4600044929782235	0.5659747916625616	0.45965593159351337	0.5644988246511182	0.4701773711430899	0.5579930201688363	0.46180700448378864	0.5577394162334668	0.46149232788348504	0.5581093731681048
0.4675152362886338	0.569813247898687	0.4596640579360761	0.5642120974803777	0.45940371340275254	0.5517304226020711	0.4617937863166433	0.5513264215693406	0.4731660307271236	0.5522178766146519
0.4600044929782235	0.5784665269007213	0.45968236322663114	0.56811738125804	0.46589360452785555	0.5454511643994094	0.4657464100846769	0.5432355505351976	0.4721854773288316	0.5470343547796326
0.4691179714923105	0.5779797898810822	0.45968133422759605	0.5585023848682826	0.4731782764345592	0.5342946048731451	0.4700941089517704	0.5326787005497223	0.4614491001013746	0.5368103184236185
0.46726896936793255	0.5809159637499531	0.45968754151569347	0.5575419045250581	0.4593894152849445	0.5300228342636897	0.4617479371935131	0.5289595294732912	0.46896975319010015	0.5317612396489827
0.46686841792054945	0.5626172718316097	0.4596488222124041	0.5430584043741625	0.46626034426972157	0.5539346738682178	0.46179843120878833	0.553644886557545	0.4614924039896484	0.5543482817609893
0.4600044929782235	0.5811875318751932	0.45968805384594486	0.5144540261164647	0.47137010602793583	0.5022545855529602	0.461690145153197	0.502547247088389	0.46944814370568544	0.5019554213203431
0.4717905959238515	0.5676243172451388	0.46750254133762037	0.5622499762651147	0.4593994806553484	0.5492881240596232	0.46178863784785856	0.5487043646787206	0.4705526909889762	0.5498152215126656
0.4600044929782235	0.5801394676052029	0.4718633709344084	0.5600810092454175	0.47313330443013923	0.5348630635210601	0.4617620521446451	0.5332650127516804	0.46144859797652993	0.5372276595259069
0.47043387585716645	0.5837020423671394	0.4596933928611405	0.5225138766937997	0.46725076746927324	0.5266512658866234	0.46375522986518297	0.5266555529447818	0.4689613379390146	0.527150912889784
0.4697614066474048	0.5804717744772059	0.4596866024678295	0.5567500629100361	0.46666040405676046	0.5343039148631714	0.46176124821457176	0.5324627645338909	0.4614469999643243	0.5358732186641018
0.4600044929782235	0.5890932370968689	0.46847903450897344	0.5480061305111704	0.4593742653570663	0.5217018035937466	0.4651973569266917	0.5210528163877356	0.47457865019129747	0.5218183589725743
0.4600044929782235	0.5688324566568579	0.4596619728455584	0.5624724062281706	0.4593999578582924	0.5548087523980402	0.46180030043697273	0.5542484583128553	0.4614848166615583	0.5557853905914281
