0.6030401560221309	0.6460015741128098	0.6008623331383369	0.6460229072943151	0.5965287719679366	0.6456205697955709	0.5977592512820045	0.6352746280139187	0.5981925569656533	0.6378831140489425
0.6073355629611735	0.6429258810976964	0.6021548357627222	0.6427854013785235	0.6058121604825979	0.6423874066814745	0.6185156772402219	0.6305363072062854	0.5983334998227806	0.6355421734381888
0.6080321625182245	0.6448943038818864	0.5925081583970669	0.6451199869627704	0.6127474097770192	0.6453412797726286	0.6073174428218052	0.6324471592292863	0.6112393184624261	0.6391687520163392
0.6164205978637941	0.6391348063342929	0.5985209776708669	0.6391567775980238	0.606101732224464	0.6392761786047101	0.6116816431067387	0.6336548664079878	0.6040856709094297	0.6361489880697335
0.6063683842976169	0.6469546623594843	0.6141557314265367	0.647373601711995	0.6075728179436286	0.6475454323036246	0.5976177917221623	0.6370039541727474	0.6055198048980261	0.6436352144253057
0.46059862002018276	0.6472335118143285	0.46813130263891733	0.6473709715502904	0.4669950841012232	0.6474776170845216	0.4724645759493872	0.6252413087402563	0.4593568205459876	0.6196947820255531
0.46059862002018276	0.6455541573227759	0.46795209546727307	0.6461705907998405	0.46292153896305716	0.6464079552917228	0.471551344823222	0.6363913305680654	0.4593790928510632	0.6420959014305154
0.46059862002018276	0.6431177565635577	0.47303122030953	0.6434716637669649	0.4765858744597813	0.6440688411438823	0.4609251569870123	0.6337312164399137	0.4758714488321827	0.6392857853534346
0.4705597902130861	0.6451571438859331	0.46098317001681	0.6453711258567296	0.46291983094458405	0.6455816326842265	0.4692196855212568	0.6331153656499794	0.47066616981805437	0.6397132351215403
0.47114120421168987	0.6448829210846043	0.4667446244015276	0.6450880931959918	0.46291923785696293	0.6453549148588976	0.46981594550590366	0.6315157167932626	0.4680964123548095	0.6378492352966085
0.46059862002018276	0.6439456064076151	0.4609807108274251	0.6444153352243995	0.4629178603712525	0.6411989541761154	0.4609191489164899	0.6306317445783476	0.45935440827740315	0.6378883484404916
0.46059862002018276	0.6444794651776001	0.46098174289948146	0.644377458760949	0.46972295264376407	0.6440850511512208	0.46092515202960826	0.632711286057349	0.4593715070874975	0.6361814837043086
0.46059862002018276	0.6441540529379748	0.4609812010848507	0.6436151545959563	0.46291617243676997	0.637391721623706	0.4689546113360474	0.6300668594752161	0.45936650330809875	0.6370905772472701
0.4686432479883717	0.645759664408899	0.4609844323746011	0.6456076016768192	0.4724736078092076	0.6452282743974042	0.4681535453036802	0.6332519879294047	0.46633461084867495	0.6372783666309918
0.46059862002018276	0.6470498364544923	0.47093664731720736	0.6469591382390183	0.46291857349891546	0.641218355452477	0.4667804875905804	0.6308312386796386	0.46761934600370425	0.6293562047366097
0.4704747070249621	0.647579919815363	0.47089320626574444	0.6475719014581405	0.467162390917487	0.6449335067449827	0.46093087358117985	0.6305294744961162	0.4593633423075466	0.625301191209538
0.46819388354011054	0.6456917131579708	0.4609842636236799	0.6458612454270217	0.4717122459672318	0.6459781253927322	0.46092914098419874	0.6375844847336776	0.4593684870740299	0.6408102636249965
0.46059862002018276	0.6442506565446381	0.47178752344033403	0.6429908925794185	0.47179327053243125	0.6368083739385564	0.46090993185068974	0.6284035205904692	0.46590035308425437	0.6352216317967512
0.46682035844402814	0.6453076507186375	0.4609834907677874	0.6455130163383477	0.47660366390048325	0.6456369991706086	0.46092842085300634	0.6341896508552399	0.45936160121285985	0.6400060192264114
0.46059862002018276	0.639649823434793	0.4687734074549653	0.6399087694530493	0.4629081414959133	0.6387856975329104	0.46091403935596303	0.6406637309542922	0.4669730233738575	0.6412915810974327
0.4742217828308014	0.6456063595797673	0.46098408431435844	0.6457832677965267	0.4756669870309682	0.6459351327799798	0.4694803388638348	0.6371836015749273	0.4650580459254134	0.6406787003877537
0.46059862002018276	0.6448557726738827	0.46761112455881515	0.6447239575623831	0.4629184637987826	0.6445164247340806	0.4609261767165748	0.6297457075613451	0.4715640512548743	0.6356210061324021
0.46059862002018276	0.6436367437868655	0.47307089654488516	0.6434690348910167	0.46291578775719594	0.643257878608478	0.4609276259594393	0.6320063208456003	0.4593662551632346	0.637266346927952
0.46059862002018276	0.6452379124429386	0.47472848705957976	0.6454384893586245	0.47674678201779314	0.6455860063731436	0.46092831387398187	0.6335354162623826	0.46984653028668394	0.6396114731089035
0.47370924935581604	0.6427373406645738	0.4609781508486174	0.6427298850742228	0.4739379905796604	0.6426721011207487	0.4609258554811566	0.6315547956858514	0.4593663518986854	0.637216144518214
0.46679439277679174	0.6453945175083171	0.46098367326735673	0.6456921490496468	0.47149930343417934	0.6459607680124158	0.4698907577905809	0.6328154452507707	0.46816189276901005	0.6380839210349633
0.46896688651699714	0.6460192646046761	0.4609850334480333	0.6464905814727775	0.4629222191782123	0.647144986321324	0.470713019838052	0.6368008726088884	0.4593733537658607	0.6430587602418628
0.4723376504042167	0.6449126434247063	0.46098269538444353	0.6451269214563624	0.46291932039576544	0.6453548243154683	0.47070343881212806	0.6323054429123169	0.46936820387911343	0.6391270448903168
0.46059862002018276	0.6452210453760996	0.4721561605523154	0.6454153509904289	0.4629199249517081	0.6455797074285579	0.4680833104836416	0.6334018119850165	0.4612247705059441	0.6398065532040652
0.4730800993178113	0.6441660411852045	0.46098122627547755	0.6440376480675458	0.47102148758892465	0.6378282707534221	0.47346039260635286	0.6299930857109047	0.46907299717981243	0.637411277834942
0.46059862002018276	0.6473040998750074	0.4609876769535956	0.6475248453047738	0.46952669157630583	0.6481708103354065	0.47056012108073436	0.6407384442516294	0.45937948371978604	0.6446751233159238
0.46059862002018276	0.6486190859252047	0.4674495299625662	0.6489132870416402	0.4629273824084614	0.6492041060219836	0.471902233277916	0.6366421528589916	0.45937013360117557	0.6431226007012267
0.4678039567615107	0.6510933754916274	0.46802666338038723	0.6509546183382128	0.47345634670813624	0.6480686705272358	0.4677427888479049	0.639257709292249	0.45938025482701794	0.6364015471222344
0.46059862002018276	0.6436166753219051	0.4665304481602684	0.6435759427174944	0.4706288234653025	0.643397638584799	0.4672065765796779	0.6308625820644201	0.45936780116847753	0.6360833876066686
0.46059862002018276	0.6468592730968991	0.4647191403469068	0.6471329005330548	0.4629236110566799	0.6470965303003581	0.46728380347600906	0.6369138552454114	0.45937560623057516	0.6434605025763497
0.4677154856380932	0.6450190886465537	0.46098290604391046	0.6452291326212292	0.4728841603063514	0.6454487034580865	0.46092803879875094	0.6326329891364336	0.4593565385629935	0.6394027884069343
0.46059862002018276	0.645238752312721	0.460983380553277	0.6455332255019294	0.4629201886606617	0.6456009750395024	0.4609283582561129	0.6308435619401599	0.4694242086079797	0.6369485686425561
0.4653493915852142	0.6513806862201194	0.472313719154484	0.651786374249694	0.4629269917031867	0.6497295840932801	0.46094038981179186	0.6295017165883224	0.46377320838526026	0.6240657230300726
0.4669746172383699	0.6455908764816527	0.4684902323629492	0.6461227158762539	0.47401436092537363	0.6464932213592177	0.47164463498690185	0.6363766712001802	0.46567455683382303	0.6423202018099974
0.46059862002018276	0.6453222813802612	0.4699842867209004	0.6452899736582562	0.46291967158762504	0.6448871277459614	0.46093213409414907	0.6306226642606224	0.4677994790632512	0.6364718701272865
0.4653447922690542	0.6450417276959823	0.46098295360907665	0.6452619204664327	0.47255673309397844	0.6456059927761018	0.4717618648572126	0.6325701304349556	0.45937138259492394	0.6390642810159419
0.46059862002018276	0.6452471429770916	0.46098334611250935	0.6452524203391801	0.46291957861823485	0.6449851146057942	0.46093196390350316	0.6315683029635426	0.45936018979830173	0.6366100321394222
0.46059862002018276	0.6456594367847068	0.46975763756968436	0.6458452604686563	0.46292079932233643	0.6461476480338944	0.47393511200967625	0.6374113315164702	0.4593681339659869	0.6407656668871847
0.4756491364988417	0.6449119605117914	0.46097963467723907	0.6451067790655169	0.4629192775782697	0.6454858283977877	0.4731367878707844	0.6323026731136875	0.45937589592480255	0.6391299923982331
0.46896904369892645	0.650062418815598	0.4609935544898512	0.6500892757593754	0.4629298822532004	0.6499075789049975	0.46600345935561244	0.6355015445386692	0.4636844721911287	0.642231484618473
0.46650032770636923	0.6431561582771048	0.47228175589235816	0.643236570071179	0.4717821935749883	0.6436551693561615	0.4682027034887922	0.6345476885952708	0.4593751144748207	0.6391740687343781
0.46817299158723485	0.6490782572777395	0.4609914605489426	0.6492909423736852	0.4704869318418435	0.6501140366484889	0.4719322836114286	0.6365828194697706	0.45937057955431876	0.6430201030521253
0.46059862002018276	0.644637720649514	0.4678340723639688	0.6444842969457967	0.4707098482535118	0.6443555961686124	0.46571079349138383	0.6294639190179208	0.4688910889435982	0.635403117511511
0.46059862002018276	0.6441045362163127	0.46098099751419896	0.6439157713318467	0.46291675048212266	0.6439450721046086	0.46936228866015683	0.629545984089156	0.4663360385091426	0.6350827002709155
0.46059862002018276	0.6448956453347403	0.46921114802954317	0.6449604658136366	0.4791916270883594	0.644743597360499	0.4609265511209067	0.6340994915645615	0.4593745666551486	0.6367767497348348
0.46059862002018276	0.6454878357622973	0.46951782587817925	0.6456165810935444	0.4629203658470365	0.6456952292321737	0.4697837571875031	0.6310012669930065	0.46960315071047914	0.6368996801046625
0.46059862002018276	0.6457848754569195	0.46934640899356234	0.6459541448594069	0.46292103076544483	0.6462372385261722	0.4730958686583483	0.638514148536542	0.4678440385004329	0.6410084493300919
0.46059862002018276	0.6430812268340194	0.4609787665975373	0.6398026476567765	0.46290795514033195	0.6404305074871951	0.4677005579861324	0.6379443123665991	0.4721323522488641	0.6399354669403796
0.46059862002018276	0.6441795146800853	0.46098118098729784	0.644763108177067	0.4709679836307095	0.6452206279453958	0.4609324197917613	0.6350210777801484	0.45936706627137797	0.6408503437838245
0.4696918426414621	0.6449421018423318	0.46098280921926515	0.6456352237082414	0.4760809377926125	0.6448976444924681	0.4684586574520975	0.6355061125969205	0.4593679650104269	0.6415105904091362
0.46059862002018276	0.6449546754362884	0.46098279668096875	0.6452234539230666	0.47055443273757175	0.645646712515052	0.4664105425953299	0.6309351536347888	0.45935496541612075	0.6371110964918679
0.46059862002018276	0.6460933676898394	0.46098506512173226	0.6462281082517553	0.4629215734937803	0.6408262564556978	0.46091832016916784	0.6397668035376545	0.4593728917878933	0.6410533500888452
0.46721357975139	0.6431382790970641	0.46097898030864615	0.6431120263139485	0.462915037242082	0.6430681124848163	0.4609230574841251	0.6310150628873411	0.46699294641589323	0.6362906809994499
0.4726919354309589	0.6452640813456013	0.46537492406564357	0.6455294599174479	0.46292018065627444	0.6460190043209233	0.4684904066433284	0.6363747455550575	0.4706677159058845	0.6420899229501981
0.46059862002018276	0.6486748047261154	0.4609906346925586	0.649202895965661	0.46945431560394874	0.6472153895149816	0.46093629267256053	0.6357341108405506	0.4593684487054376	0.6423617082778122
0.46059862002018276	0.650092798119614	0.4666239125763029	0.6500382875777868	0.4757849737347475	0.6498902873692398	0.460941688733334	0.636830978543781	0.46944942160110265	0.6425088658489568
0.46059862002018276	0.6456300733505389	0.46633876017066483	0.6459072722365766	0.462920957446509	0.6462845716592572	0.46992481668587865	0.6342766026333042	0.467822449679747	0.6382547876285355
0.4729206256836335	0.6447902906860483	0.46098246428027867	0.6449890097524541	0.4691553934842919	0.645366729518029	0.4609263242742088	0.6317652151254789	0.4672184464990273	0.6382454995424134
0.47244888642414473	0.6451093141635558	0.4609830825155585	0.6453165992687383	0.47246605516331924	0.6456679598145856	0.4696790762519044	0.6330853869184868	0.45937226778947277	0.6394196215292492
0.46059862002018276	0.6459389952780272	0.47038651327203923	0.6428204284037116	0.47860960394736507	0.6385482764328796	0.4609186901959637	0.6349712957885308	0.4701203083857067	0.6366666401120369
0.46733698223790493	0.6455330418876588	0.47025572116187225	0.6456583258396653	0.4703185167466243	0.6456691745743938	0.47260430681399984	0.6311852165303142	0.46793608178206164	0.6369395753924871
0.4731431834214818	0.6454054739679324	0.47106916865099563	0.6454924904135065	0.470244753202216	0.645389641134443	0.4674871518541921	0.6306587265501875	0.4713162011069969	0.636608085450572
0.4688737384520226	0.6498535610373225	0.46815651647486894	0.6497493676407459	0.4629291242691322	0.6494714460181398	0.47278660655540056	0.6368359999652843	0.45937244914138986	0.6421954577973751
0.46059862002018276	0.6456052596465363	0.4609840820036334	0.6457970548514037	0.4629207100112562	0.6461144374833097	0.4664150485971203	0.6360763954803453	0.4593780664624698	0.6395032074170675
0.46059862002018276	0.6450424134183593	0.47125107792795085	0.6454643433856784	0.46292000279727763	0.6459610368661719	0.46817783165795424	0.6388827205857769	0.4593789074059552	0.6422436559570467
0.46059862002018276	0.6478180828233966	0.4710036484468041	0.6479842757492934	0.47142793042110365	0.6483722777137286	0.469147797643066	0.6364851467361692	0.4699296779900116	0.6433137923311918
0.46749554352504413	0.6429436144436262	0.4724895845656624	0.6428967697775654	0.46291459275642566	0.6429006744565092	0.4609281800690465	0.631105253129416	0.45936108434252937	0.6364255195501557
0.4734052894155142	0.645517708294996	0.4682494519059445	0.6457051732765678	0.4629205147071472	0.6460196081029279	0.47127900247273236	0.6361266499984352	0.4642990900634973	0.6404520005530979
0.47185786339849156	0.6452462197581427	0.4609833571636463	0.6455453775108305	0.4733754403937588	0.6460064349232885	0.4689672765444546	0.6318932623825971	0.46680066009353305	0.6377498809135446
0.47400142620869123	0.6440304937679204	0.46808560819848516	0.6443589223998432	0.4683316195706673	0.6450413297929171	0.46093265001187095	0.6347581709188626	0.4593692614545164	0.6402420608794928
0.471712640448325	0.6450952343559566	0.46098305293384617	0.6452994623602043	0.4761980766779134	0.645649783756485	0.4609284606540801	0.6328751130614279	0.4710722954709105	0.6391070906525345
0.4719267007447585	0.6451407759770249	0.47012556699626745	0.6453366648540342	0.4735988096381	0.6456877631534692	0.4753088900002514	0.6330031390818042	0.4593723779815089	0.6396666382850148
0.46059862002018276	0.6442518366858139	0.46979332064893636	0.6445125097548778	0.4629180669472974	0.6393499653055849	0.4698219499822568	0.6302722444527087	0.4635045691670853	0.6376054009848531
0.46059862002018276	0.6438110102772868	0.46098040672697405	0.6439377580440961	0.46291680565695903	0.6437882746108158	0.4717896067512054	0.6285988297056614	0.46396142274274593	0.6344474785622398
0.46059862002018276	0.6454583889958471	0.47199731337390627	0.6453095996031325	0.46291968701688563	0.6450246617845304	0.4685990590606976	0.6326715236972437	0.46848298487865314	0.6368879208246356
0.4679856753959447	0.6439869040107532	0.4609807243257796	0.6439542540196816	0.46291683228388725	0.6438961101112096	0.467694505222913	0.6303021060754396	0.4593576562656781	0.6354237080420552
0.4713577180754143	0.6454311010012567	0.4609837241380594	0.6456221866129218	0.46292035146077126	0.6459451690723487	0.4679362866846621	0.6353133485711722	0.47023206049290706	0.6401517584133214
0.46059862002018276	0.6467655715890691	0.4609864119280116	0.6440974224285377	0.4717072539246978	0.6378826568168785	0.4609177270793509	0.6221439904071868	0.4593420115756801	0.6165443245352332
0.4674945712502845	0.643595160762878	0.46097992729148346	0.6436702101961227	0.4629162284983541	0.6435236922106102	0.4714900371357515	0.6300818242691623	0.4668275707578491	0.635573368586748
0.46603823160122027	0.6433857774109247	0.47191796716135453	0.6438356185605506	0.4746685159555212	0.6444673638356102	0.46979449828924	0.6347916875968088	0.4693017654897103	0.6399840717905589
0.46059862002018276	0.6442350574560671	0.46098486866810034	0.6441736971135061	0.4629173072081731	0.6438164867551546	0.46927629629248163	0.6286469646090092	0.45936050994512767	0.6346552449641215
0.4691983467399352	0.6448305600194846	0.4697439554694237	0.6450657470508233	0.47214568213322977	0.6454271137793094	0.4659614404075271	0.6317071192011293	0.4593688057002857	0.6380762933749022
0.46059862002018276	0.6452819176384825	0.4609834191727397	0.6454910305809662	0.47346917372307434	0.6458124813523681	0.46092878900123274	0.6340562146245665	0.4593613290892933	0.6399733726803841
0.46795990247260605	0.643301341221189	0.46097930996172687	0.6432663352640625	0.46291536998987975	0.6432366681204498	0.4609233980583387	0.6312230820511803	0.464687487876118	0.6368088365338952
0.46059862002018276	0.6445924068535459	0.4609820355312383	0.644888147178098	0.4729390343474992	0.6456229054419264	0.46807421856537723	0.6353325981853595	0.4698955861763688	0.6411195646443436
0.46581958211507907	0.6436054536408096	0.4609799618756253	0.643443533566895	0.4701094255462453	0.6434780322507978	0.47147792217143303	0.6298650609663272	0.4593661385815227	0.6351167874671266
0.46975724405963426	0.643711929194758	0.4609801855882001	0.6437738431736586	0.46291644409826727	0.643676888635447	0.46092433468133637	0.6289377232249895	0.46911038408943084	0.6346713890582925
0.46623795382938227	0.6444118718909084	0.4609815912381444	0.6443395936911882	0.47257786955780356	0.6444447850267322	0.46092591967479674	0.6310091815641573	0.4593681027407477	0.6358221698648177
0.46059862002018276	0.6461516695982968	0.46098518758856094	0.643596265559242	0.4761680546153905	0.6378579325629027	0.4609178306744508	0.6280348545314446	0.46913745189066147	0.6274834710879496
0.46684553708131593	0.6454969437186311	0.471804334927575	0.645669899810754	0.46292046603304376	0.6456679666115814	0.4609284858203497	0.6310976179281401	0.4673525127692322	0.6369458113035653
0.46059862002018276	0.6428915175737715	0.46813204782388146	0.6429638376195549	0.47061841836279467	0.6428873922233466	0.4609231548757993	0.6316240990504768	0.45936894453025146	0.6368588041588376
0.47180680197108765	0.64587010797569	0.46098459927995983	0.6445646185140008	0.47848489826216223	0.6446582284269909	0.46749216840946356	0.6392242165087235	0.46418821798504045	0.6411129403476717
0.4667884012137034	0.6452446413729739	0.4609833929264397	0.6454394574983527	0.46857155357201563	0.6455104305214369	0.46092785395309804	0.6304037031472317	0.45936664312712616	0.6365852850452186
0.46059862002018276	0.6483965288664734	0.47165164910116386	0.6483933904972645	0.4629208151973251	0.6462230247820838	0.4678189590673529	0.6330519995936394	0.46860833252240613	0.6395727323759198
0.46059862002018276	0.645115006750602	0.4609830944757029	0.6453367457320245	0.46291977100962345	0.645660137422102	0.460928482375494	0.6328155437196651	0.45935882365407543	0.6391966433263082
