0.0075	0.007326982708177835	0.007326982708177835	0.0072135082125211174	0.0072135082125211174	0.007090222696059355	0.007090222696059355	0.006938137519434699	0.006938137519434699	0.006808185782517313
0.0075	0.007347090592374758	0.007347090592374758	0.007226355986672746	0.007226355986672746	0.0071244806509191665	0.0071244806509191665	0.00705977049641473	0.00705977049641473	0.006949705825587477
0.0075	0.00735353019689388	0.00735353019689388	0.007185496636176524	0.007185496636176524	0.0070862852459127644	0.0070862852459127644	0.006959397786553328	0.006959397786553328	0.006885026780119917
0.0075	0.007385332035637229	0.007385332035637229	0.007251271681529994	0.007251271681529994	0.007131857545198736	0.007131857545198736	0.007017828484505835	0.007017828484505835	0.006943738640287695
0.0075	0.007350204571196052	0.007350204571196052	0.007250226446303272	0.007250226446303272	0.007139673868134178	0.007139673868134178	0.006981161654278507	0.006981161654278507	0.006887503270623008
0.0075	0.006873830346331942	0.006873830346331942	0.006370446004654129	0.006370446004654129	0.005864856648922683	0.005864856648922683	0.0053651160369540115	0.0053651160369540115	0.004820228163837621
0.0075	0.0068782762826466665	0.0068782762826466665	0.006301695527702553	0.006301695527702553	0.0057012336502515245	0.0057012336502515245	0.005145612348963421	0.005145612348963421	0.004552832816783219
0.0075	0.006886332527157838	0.006886332527157838	0.006330916105382836	0.006330916105382836	0.005770576710706777	0.005770576710706777	0.0051823020677318555	0.0051823020677318555	0.004626432348117709
0.0075	0.006902139174284522	0.006902139174284522	0.006309451083179563	0.006309451083179563	0.005712149958875874	0.005712149958875874	0.005136543993473786	0.005136543993473786	0.004560880886475485
0.0075	0.006912433973348094	0.006912433973348094	0.006348121763022865	0.006348121763022865	0.00575838455281289	0.00575838455281289	0.005195554458205543	0.005195554458205543	0.00462679410421782
0.0075	0.00688305406320877	0.00688305406320877	0.006296757029175043	0.006296757029175043	0.005705109130010289	0.005705109130010289	0.005108971615200706	0.005108971615200706	0.004515167031003591
0.0075	0.006884043146585126	0.006884043146585126	0.006302321297510783	0.006302321297510783	0.005751773985909446	0.005751773985909446	0.0051652977807197745	0.0051652977807197745	0.004589806117591856
0.0075	0.006893415339761832	0.006893415339761832	0.006309275121965334	0.006309275121965334	0.005721145652467994	0.005721145652467994	0.005155737795390548	0.005155737795390548	0.004556645986492329
0.0075	0.006910054121774279	0.006910054121774279	0.006324690635294016	0.006324690635294016	0.005775849901750164	0.005775849901750164	0.005219700142226951	0.005219700142226951	0.004682481750280379
0.0075	0.006881994129350198	0.006881994129350198	0.006366408540752562	0.006366408540752562	0.005794977234123842	0.005794977234123842	0.005251972453461717	0.005251972453461717	0.0046676728134204286
0.0075	0.006896462044143899	0.006896462044143899	0.006380909567333186	0.006380909567333186	0.005860265782638143	0.005860265782638143	0.005304768176225904	0.005304768176225904	0.004733954672922906
0.0075	0.00690641285336383	0.00690641285336383	0.006309527932797413	0.006309527932797413	0.0057439594684116245	0.0057439594684116245	0.005139259573969781	0.005139259573969781	0.004530421156861685
0.0075	0.006895398019327959	0.006895398019327959	0.006363813559523439	0.006363813559523439	0.005817202195467049	0.005817202195467049	0.005232814629717983	0.005232814629717983	0.004687259909351556
0.0075	0.006896093410414603	0.006896093410414603	0.006302340693671564	0.006302340693671564	0.005743170876033549	0.005743170876033549	0.005140903915788559	0.005140903915788559	0.004540198273845729
0.0075	0.006900138107727661	0.006900138107727661	0.006334364315143689	0.006334364315143689	0.005735218057021951	0.005735218057021951	0.005136896286802692	0.005136896286802692	0.004566466369393556
0.0075	0.006906306378346859	0.006906306378346859	0.006309810094799891	0.006309810094799891	0.005729893701213089	0.005729893701213089	0.005147744913251894	0.005147744913251894	0.004566214384790859
0.0075	0.006883187517016912	0.006883187517016912	0.0063200190840247625	0.0063200190840247625	0.005737364229721697	0.005737364229721697	0.0051519094638694495	0.0051519094638694495	0.004582695267173674
0.0075	0.00688676915624509	0.00688676915624509	0.006342664364562863	0.006342664364562863	0.005760091529057697	0.005760091529057697	0.005177110006926085	0.005177110006926085	0.004611933995921994
0.0075	0.006880109937024867	0.006880109937024867	0.006309194860950225	0.006309194860950225	0.005741792879009444	0.005741792879009444	0.005142417545438729	0.005142417545438729	0.004577975418442026
0.0075	0.006921936293880438	0.006921936293880438	0.00633729680298363	0.00633729680298363	0.005778154556649129	0.005778154556649129	0.005196115120583074	0.005196115120583074	0.004614015629557788
0.0075	0.006907307553904152	0.006907307553904152	0.0063197814343338215	0.0063197814343338215	0.005747599025119218	0.005747599025119218	0.005180805803734017	0.005180805803734017	0.00462315920727092
0.0075	0.006904289507606009	0.006904289507606009	0.006300074056282806	0.006300074056282806	0.005697169292976005	0.005697169292976005	0.005118813558315308	0.005118813558315308	0.004521308362873403
0.0075	0.006910293905076238	0.006910293905076238	0.0063196049134765404	0.0063196049134765404	0.005723983935705411	0.005723983935705411	0.005145153512407142	0.005145153512407142	0.004582451688230631
0.0075	0.00688014404800974	0.00688014404800974	0.0063176909572404735	0.0063176909572404735	0.005720001506392386	0.005720001506392386	0.00513928084551635	0.00513928084551635	0.00455810177681352
0.0075	0.006913986834528025	0.006913986834528025	0.006329284624532568	0.006329284624532568	0.005776626195994674	0.005776626195994674	0.005190340951433799	0.005190340951433799	0.004610274036336661
0.0075	0.006872373823496483	0.006872373823496483	0.006261529239352323	0.006261529239352323	0.00568500851423112	0.00568500851423112	0.0051186049655083145	0.0051186049655083145	0.004537213752242594
0.0075	0.006868569256317703	0.006868569256317703	0.006271185644647155	0.006271185644647155	0.00566283335586287	0.00566283335586287	0.005081019085526993	0.005081019085526993	0.00447417257066661
0.0075	0.006896189392836558	0.006896189392836558	0.0063397287548138245	0.0063397287548138245	0.005770291231405431	0.005770291231405431	0.005201782866246836	0.005201782866246836	0.004584089139233432
0.0075	0.00688666932696941	0.00688666932696941	0.0063390243498172615	0.0063390243498172615	0.0057713347639557384	0.0057713347639557384	0.005204261914086246	0.005204261914086246	0.004618369570655885
0.0075	0.006873992036861868	0.006873992036861868	0.00629874107415547	0.00629874107415547	0.005693121941650139	0.005693121941650139	0.005129976917766456	0.005129976917766456	0.004530155452096768
0.0075	0.006902772896912504	0.006902772896912504	0.006311259787219005	0.006311259787219005	0.005732301319953793	0.005732301319953793	0.005131821899652691	0.005131821899652691	0.0045268115129508315
0.0075	0.006879744177106467	0.006879744177106467	0.006296363939443884	0.006296363939443884	0.005709897729359604	0.005709897729359604	0.005120376970908267	0.005120376970908267	0.004567285646422334
0.0075	0.006889914406493125	0.006889914406493125	0.006379438625619773	0.006379438625619773	0.005833162244260501	0.005833162244260501	0.005281828530564192	0.005281828530564192	0.0047475984431210125
0.0075	0.006908280454336199	0.006908280454336199	0.006330182239288734	0.006330182239288734	0.0057591998658962675	0.0057591998658962675	0.0051901737614010466	0.0051901737614010466	0.0046236353774227
0.0075	0.006881400450182458	0.006881400450182458	0.006314988968058226	0.006314988968058226	0.0057296016468887595	0.0057296016468887595	0.0051413583207123685	0.0051413583207123685	0.0045905703257939036
0.0075	0.00692038176105824	0.00692038176105824	0.006330242506424717	0.006330242506424717	0.005765778221847632	0.005765778221847632	0.005196443105784647	0.005196443105784647	0.00459332773561741
0.0075	0.006881513864717765	0.006881513864717765	0.006298591302269671	0.006298591302269671	0.005712409765203314	0.005712409765203314	0.0051233525693908846	0.0051233525693908846	0.004546545262197979
0.0075	0.006878772669471469	0.006878772669471469	0.006304582649614057	0.006304582649614057	0.005703839735570655	0.005703839735570655	0.005127447695998767	0.005127447695998767	0.004519745564067587
0.0075	0.006925408862925969	0.006925408862925969	0.006334712564970945	0.006334712564970945	0.00573910057965827	0.00573910057965827	0.005199433459703124	0.005199433459703124	0.004595088829896623
0.0075	0.006897705027948586	0.006897705027948586	0.006296842558124011	0.006296842558124011	0.005692364005635546	0.005692364005635546	0.005110552336772867	0.005110552336772867	0.004527157501317541
0.0075	0.006917203487299756	0.006917203487299756	0.006356044160673374	0.006356044160673374	0.005795441839414814	0.005795441839414814	0.005243669636137662	0.005243669636137662	0.004674604401922406
0.0075	0.0068836509734047134	0.0068836509734047134	0.00627942468372185	0.00627942468372185	0.005713712016449984	0.005713712016449984	0.005151227122805511	0.005151227122805511	0.004541422902440632
0.0075	0.0068837414945151325	0.0068837414945151325	0.006336879293704059	0.006336879293704059	0.005799787711237899	0.005799787711237899	0.005249620373297626	0.005249620373297626	0.004692032148412013
0.0075	0.006885256177743118	0.006885256177743118	0.006307645669666006	0.006307645669666006	0.0057271125267077715	0.0057271125267077715	0.0051728752938234165	0.0051728752938234165	0.004610285906399007
0.0075	0.006882623249595303	0.006882623249595303	0.00632688612528635	0.00632688612528635	0.005781843550693186	0.005781843550693186	0.005192482902193984	0.005192482902193984	0.00461235646020421
0.0075	0.006880104342931754	0.006880104342931754	0.006321768094657433	0.006321768094657433	0.005734838978797489	0.005734838978797489	0.005189107438156337	0.005189107438156337	0.004623472001916574
0.0075	0.006878609196801706	0.006878609196801706	0.006298817621589916	0.006298817621589916	0.0056972948098065425	0.0056972948098065425	0.005123719657973029	0.005123719657973029	0.004535345729853743
0.0075	0.00690340245776122	0.00690340245776122	0.006307830360548251	0.006307830360548251	0.00571501606909425	0.00571501606909425	0.005150720074954225	0.005150720074954225	0.004604013470007597
0.0075	0.0068827580647654	0.0068827580647654	0.006286042880262844	0.006286042880262844	0.005706029605418992	0.005706029605418992	0.005113050344203963	0.005113050344203963	0.004522653674363293
0.0075	0.006913486388803018	0.006913486388803018	0.006312989358722219	0.006312989358722219	0.005742789469923693	0.005742789469923693	0.005195612927320682	0.005195612927320682	0.004602600385431651
0.0075	0.0068809447153138055	0.0068809447153138055	0.006296678927910083	0.006296678927910083	0.005744482460381937	0.005744482460381937	0.005194489157879289	0.005194489157879289	0.00459958939918603
0.0075	0.006883773882533839	0.006883773882533839	0.006287201448726432	0.006287201448726432	0.005683703684252568	0.005683703684252568	0.005076490454227769	0.005076490454227769	0.004465451543771738
0.0075	0.006913969810821563	0.006913969810821563	0.006333024256660942	0.006333024256660942	0.0057519902258039175	0.0057519902258039175	0.005171478071501565	0.005171478071501565	0.004604300393622114
0.0075	0.006908421621487778	0.006908421621487778	0.006339554888915157	0.006339554888915157	0.005739837106160401	0.005739837106160401	0.005172998092948298	0.005172998092948298	0.004621323906687724
0.0075	0.006868606394372292	0.006868606394372292	0.006266604692677258	0.006266604692677258	0.005675378110446988	0.005675378110446988	0.0050672371382836645	0.0050672371382836645	0.00446132185973332
0.0075	0.006865807194137909	0.006865807194137909	0.006278659964710188	0.006278659964710188	0.005697306693798676	0.005697306693798676	0.005093046845881335	0.005093046845881335	0.0045501603246099215
0.0075	0.006878681783198154	0.006878681783198154	0.006309987765415271	0.006309987765415271	0.005719072457985477	0.005719072457985477	0.005164875000006089	0.005164875000006089	0.0046016191353371455
0.0075	0.00689820613848266	0.00689820613848266	0.006309402279122863	0.006309402279122863	0.005742987515385787	0.005742987515385787	0.005147950588835077	0.005147950588835077	0.0045802419776136884
0.0075	0.006902710806038779	0.006902710806038779	0.006311286111478444	0.006311286111478444	0.005743224847672568	0.005743224847672568	0.005165148720556515	0.005165148720556515	0.004559889645145217
0.0075	0.006896020875101634	0.006896020875101634	0.006346742144374088	0.006346742144374088	0.005784501326382903	0.005784501326382903	0.00518885597650691	0.00518885597650691	0.0046362812942854865
0.0075	0.006901767333885971	0.006901767333885971	0.006352700272306887	0.006352700272306887	0.005788012383724037	0.005788012383724037	0.005224972642685047	0.005224972642685047	0.004672291410059711
0.0075	0.006898332769470143	0.006898332769470143	0.006332334582807834	0.006332334582807834	0.005781580797396537	0.005781580797396537	0.005237820866444279	0.005237820866444279	0.004676353905914837
0.0075	0.0068939797949567104	0.0068939797949567104	0.006320926841311201	0.006320926841311201	0.005716890881932754	0.005716890881932754	0.0051422217663170105	0.0051422217663170105	0.004562307391743671
0.0075	0.00687918163536597	0.00687918163536597	0.006286797471070961	0.006286797471070961	0.005691110538307993	0.005691110538307993	0.00512404491973176	0.00512404491973176	0.00453142446997045
0.0075	0.0068795600822976494	0.0068795600822976494	0.006313519117075209	0.006313519117075209	0.005712754202378734	0.005712754202378734	0.005156607560598712	0.005156607560598712	0.004582412406051619
0.0075	0.0068716015974231905	0.0068716015974231905	0.006303362161818639	0.006303362161818639	0.005748250532101724	0.005748250532101724	0.005176091499422552	0.005176091499422552	0.004602154517539259
0.0075	0.00692492701663277	0.00692492701663277	0.006369551018094451	0.006369551018094451	0.005787624243612347	0.005787624243612347	0.005207737570248016	0.005207737570248016	0.00462498581110268
0.0075	0.006909724104642628	0.006909724104642628	0.0063654773724761025	0.0063654773724761025	0.005765747147602559	0.005765747147602559	0.005195514754807259	0.005195514754807259	0.0046132404592477486
0.0075	0.006903030700818859	0.006903030700818859	0.0063165736328092865	0.0063165736328092865	0.00575525234451941	0.00575525234451941	0.005198795495972781	0.005198795495972781	0.004629047726901474
0.0075	0.006933637281307135	0.006933637281307135	0.00636442760438274	0.00636442760438274	0.005805292367735793	0.005805292367735793	0.005214101595498357	0.005214101595498357	0.004625848970759261
0.0075	0.006901606181463202	0.006901606181463202	0.0063107965081206354	0.0063107965081206354	0.005736340481167385	0.005736340481167385	0.0051384656814052335	0.0051384656814052335	0.004574045044368198
0.0075	0.006919895715901706	0.006919895715901706	0.006350815861583061	0.006350815861583061	0.005796763894451572	0.005796763894451572	0.005248139343643873	0.005248139343643873	0.004642418680854763
0.0075	0.00688782200607248	0.00688782200607248	0.006334986934907609	0.006334986934907609	0.0057442595216504536	0.0057442595216504536	0.005168848664013398	0.005168848664013398	0.004594911779591453
0.0075	0.006886112956933079	0.006886112956933079	0.006310327063068622	0.006310327063068622	0.0057318703664911656	0.0057318703664911656	0.005193982188307754	0.005193982188307754	0.004642774717268512
0.0075	0.006881301293328277	0.006881301293328277	0.006319539778335042	0.006319539778335042	0.0057326663974192095	0.0057326663974192095	0.005189296069672787	0.005189296069672787	0.0046478198180475595
0.0075	0.00691256890359484	0.00691256890359484	0.006333522709128355	0.006333522709128355	0.005752564042269568	0.005752564042269568	0.005190101281554196	0.005190101281554196	0.004618521344176377
0.0075	0.0069074384875215025	0.0069074384875215025	0.006312791875084007	0.006312791875084007	0.005714118518860952	0.005714118518860952	0.005140215147977294	0.005140215147977294	0.0045722046918947965
0.0075	0.006891908140872962	0.006891908140872962	0.006374677064780454	0.006374677064780454	0.005876236031330482	0.005876236031330482	0.0053474200066258495	0.0053474200066258495	0.004816041387412526
0.0075	0.006908492512785002	0.006908492512785002	0.006330183002652082	0.006330183002652082	0.00575034757562819	0.00575034757562819	0.005204334237324665	0.005204334237324665	0.004644898601131667
0.0075	0.00689764454960315	0.00689764454960315	0.006328420210861204	0.006328420210861204	0.005767804102343469	0.005767804102343469	0.005202750900612897	0.005202750900612897	0.004654558868460379
0.0075	0.006885031477675015	0.006885031477675015	0.006308769666326141	0.006308769666326141	0.005728976712672342	0.005728976712672342	0.005173416118792585	0.005173416118792585	0.004587360753282049
0.0075	0.006908093617795111	0.006908093617795111	0.00633608001192859	0.00633608001192859	0.005770107890230749	0.005770107890230749	0.005207906654450742	0.005207906654450742	0.0046088572160754284
0.0075	0.006880207170022962	0.006880207170022962	0.0062866184578015405	0.0062866184578015405	0.0057120502415763915	0.0057120502415763915	0.005109847063070664	0.005109847063070664	0.004503362326839618
0.0075	0.006915082491132025	0.006915082491132025	0.006331636867927912	0.006331636867927912	0.005750182456983418	0.005750182456983418	0.005168544898524385	0.005168544898524385	0.004631950391917771
0.0075	0.006881333203790026	0.006881333203790026	0.006281936886973546	0.006281936886973546	0.005722695423803371	0.005722695423803371	0.00517267826264298	0.00517267826264298	0.004621233445783813
0.0075	0.006933192123427033	0.006933192123427033	0.006355232196069277	0.006355232196069277	0.005821410100730024	0.005821410100730024	0.005276356301074033	0.005276356301074033	0.004690842831930755
0.0075	0.006920178607449775	0.006920178607449775	0.006343918922948804	0.006343918922948804	0.005764807134649307	0.005764807134649307	0.005182985630995803	0.005182985630995803	0.004639738008971929
0.0075	0.006899648107269673	0.006899648107269673	0.006319371033613341	0.006319371033613341	0.005762405121392984	0.005762405121392984	0.005176227679974171	0.005176227679974171	0.004604882071439
0.0075	0.006893421692914248	0.006893421692914248	0.00633910471933376	0.00633910471933376	0.005790553959966065	0.005790553959966065	0.0052051406236340355	0.0052051406236340355	0.004647452718019004
0.0075	0.006916216453302285	0.006916216453302285	0.006362969569214819	0.006362969569214819	0.005775836520059548	0.005775836520059548	0.005185866318943905	0.005185866318943905	0.004628269413423408
0.0075	0.006889306873286379	0.006889306873286379	0.006312626526061436	0.006312626526061436	0.005761797558331559	0.005761797558331559	0.00518000957782911	0.00518000957782911	0.004597254025186615
0.0075	0.006915762333602683	0.006915762333602683	0.006317579704382995	0.006317579704382995	0.0057321884075405855	0.0057321884075405855	0.005149368439322728	0.005149368439322728	0.004568386109379473
0.0075	0.006915219950232868	0.006915219950232868	0.006333197208713458	0.006333197208713458	0.005774085847757008	0.005774085847757008	0.0051853124219014704	0.0051853124219014704	0.004593118983094959
0.0075	0.006870941808909622	0.006870941808909622	0.006311564283986791	0.006311564283986791	0.005715298401928555	0.005715298401928555	0.005136963460965227	0.005136963460965227	0.004582688029469887
0.0075	0.006880662101827892	0.006880662101827892	0.006289114638660898	0.006289114638660898	0.005694549113285597	0.005694549113285597	0.0050966775387016605	0.0050966775387016605	0.004494401466469718
