0.5939839014187177	0.6458890889653094	0.6035914434625564	0.6376337921594818	0.6008139031949115	0.6377995581334645	0.5923627122444235	0.6379882652317271	0.5963245067443482	0.6353100278195319
0.5970541895752506	0.6429270118627933	0.5991960179521629	0.6354163996627641	0.6040665966402244	0.6346291973663972	0.6144738606529582	0.6338869070043452	0.6012466749750927	0.6342660762232684
0.6012987494618017	0.645239690393726	0.5883686759225584	0.6387787441377912	0.6094889023933406	0.6392523194725093	0.6019517399914028	0.6400179777992254	0.6186207100970603	0.6409320120271562
0.6048602312014152	0.639260620510296	0.5953541438122073	0.6355722500443598	0.5996124340267447	0.6354366749261813	0.600128081390984	0.634336799598807	0.6114399960368866	0.6336669493023515
0.6026752119296251	0.647613840570774	0.6133276139111113	0.6433210513788258	0.6094640201208826	0.6426297935716181	0.5934873912255889	0.6410410553823624	0.6116395074088691	0.6397370225055292
0.4595713234258841	0.6474222195262247	0.46888832370040145	0.6199036262037256	0.46851708043967	0.6201938871589556	0.471195291865739	0.6211174754563638	0.4596042746032147	0.6230706365381035
0.4595713234258841	0.6460884386317596	0.46935800674882233	0.6423322332321225	0.46087967829365056	0.6410182415289857	0.47303890224717027	0.6397252926335343	0.4596410712227085	0.6374749308767241
0.4595713234258841	0.6436715652785532	0.4726831135252403	0.6393080400577321	0.470127767810722	0.6382295862135392	0.46020767859816886	0.6366900714906056	0.4688993563784412	0.6356602722627083
0.466117466182284	0.645475713896905	0.46154913351201576	0.639355560843529	0.4608731062899127	0.6400634435810126	0.46796454040987184	0.640646330030522	0.46870258788506003	0.6414015199845502
0.46894895461438196	0.6452187626098771	0.46800766768256774	0.6373013307802348	0.46086870659344104	0.6377898696564003	0.4690934527528314	0.6379424811349229	0.4680385917748791	0.6386666979711042
0.4595713234258841	0.6446551044631531	0.46154739271735434	0.6374365029275716	0.4608690845008478	0.6383634542502715	0.46020799780703636	0.6390492522500509	0.45963991355325023	0.6377812888124423
0.4595713234258841	0.6443583794503265	0.4615467311368721	0.6360632858592152	0.4708759525375622	0.6360401460180606	0.4602028742568564	0.6361457358136725	0.4596362450250849	0.6322837439636363
0.4595713234258841	0.6415467214973166	0.46154072276487534	0.6367827881036978	0.4608677253328363	0.63730656618197	0.4683554197152289	0.6379777768384856	0.4596385838436641	0.63936612651322
0.46850694264553894	0.6454907061133045	0.4615491704358899	0.6371582163800621	0.4725873703538543	0.6372395904169491	0.4706640030800347	0.6375089309369155	0.47277722869944233	0.6339427462833495
0.4595713234258841	0.6449730846207953	0.4748115285652501	0.629487205144589	0.4608577697088199	0.6322871616974685	0.4727321931321465	0.6356336273308827	0.4663306327595936	0.6416205247719433
0.4665746426966486	0.647636029453475	0.47107394257929286	0.6257396856224173	0.4687755702230077	0.6249687056315224	0.4601827217842491	0.6268320037078754	0.4596246463231437	0.6308686973140943
0.4678902046991667	0.645966348690043	0.4615501950803828	0.6406156712503438	0.4714652022914034	0.6411357416071102	0.4602139919216562	0.6416239602542151	0.45964538011206646	0.6422969052445483
0.4595713234258841	0.6409519176274778	0.47530296461859983	0.6347783025600459	0.4712073707161006	0.6351907799329934	0.4602010800304487	0.6355173497552161	0.4714240636458519	0.6350904797556591
0.4644388539257182	0.6456108308014092	0.4615494425399567	0.6396752575629047	0.4725689109287674	0.6403198562202027	0.4602122181143891	0.6408923061879421	0.4596438263523136	0.6398555189350932
0.4595713234258841	0.6395298911074181	0.4713796715108809	0.6411118092860213	0.46087675564731073	0.6406206330838019	0.4602128398886088	0.6397093709543774	0.4685505567400891	0.6396795319628575
0.46780871761680404	0.6459168041126725	0.4615500883499293	0.6404989734140423	0.46706352696082243	0.6410384450368912	0.4668867235456457	0.6415313599339378	0.4677582367615456	0.6422173952997964
0.4595713234258841	0.6446150683208257	0.4663986657215277	0.6353491956192489	0.46086443594870763	0.6356608922395829	0.4602080936059316	0.6358445233614733	0.465758513761589	0.636522772770363
0.4595713234258841	0.6435405765523223	0.473537443531483	0.6367688810357536	0.460867470756808	0.6356393214083704	0.46020581116905024	0.6351002678085965	0.459642224194957	0.6291950274961506
0.4595713234258841	0.6455383423183682	0.4680537148368125	0.6393282376591097	0.4695131256687546	0.639733720250854	0.4602109376905457	0.6400235377618154	0.4714338828731077	0.6407665209721377
0.4693678848154968	0.6427869966513561	0.46154335445042144	0.6369352017194103	0.4680283135365902	0.6357709874369369	0.4602078429012556	0.6348196737209675	0.4596369195451376	0.6342667668526951
0.4680709489017479	0.6458786827305693	0.46155001956068603	0.6378078554317804	0.4663924221161728	0.6380471448805043	0.4681943881346848	0.6382323545502806	0.4688244994575015	0.6361184783964932
0.46791652987098453	0.6466296775891356	0.4615516328457943	0.6428162682427461	0.46088073390064827	0.6417521628927932	0.4667013698224217	0.6402080902206185	0.4596476243015726	0.6388991829341928
0.46833995969125997	0.645251788168401	0.46154865110787485	0.6387553485877139	0.46087186426739435	0.6395581575987602	0.46647705493415287	0.6401261819236448	0.4721529599625124	0.6409635072154841
0.4595713234258841	0.6455281090228989	0.47072896865211683	0.6394648958828711	0.46087334988273215	0.6401801851371617	0.4665073632284246	0.6407235614913303	0.46713821499468183	0.6414919356055092
0.4662314769552015	0.6420354265968423	0.4615417756332193	0.6369524386319284	0.47210562996940547	0.6379031585307908	0.46274022544169874	0.6386257988099275	0.46556804366651827	0.6395881181958414
0.4595713234258841	0.6478591763770182	0.4615542726592363	0.644807647902459	0.47072916624114264	0.643685383777614	0.4722596427481578	0.6421807073650335	0.4596514953000567	0.6340688592798064
0.4595713234258841	0.6490005465305317	0.4636849321158386	0.6429000156170495	0.4608809388187194	0.6433866254540495	0.4683756181764269	0.6429198992772158	0.45965236097694046	0.6417063154350428
0.46969518264037047	0.6508383647893845	0.4699190519527909	0.6368572433596079	0.4682280595486176	0.6390593165711561	0.4718306470206372	0.6423831565681998	0.45965237300508394	0.6449604911090957
0.4595713234258841	0.6435705253350446	0.4717748541841663	0.6360683473298088	0.4646412680479539	0.6349481438063406	0.46487889545969535	0.635000750420556	0.4596348855272555	0.6354025885564035
0.4595713234258841	0.6473737123674455	0.47050095549758403	0.6430762443094465	0.4608813636271591	0.642567103378756	0.4720291704961968	0.6409726776613661	0.45964954920911893	0.639595988910042
0.46618797121324496	0.6453561021394659	0.46154887583193344	0.6390028087399596	0.466107771674365	0.6397953118539738	0.4602110856317307	0.6403549117220413	0.4596410644589464	0.6411441804695122
0.4595713234258841	0.6456480702940063	0.4615495048199533	0.636563576118674	0.4608670710367381	0.6368069340619442	0.4602045573834751	0.6370607849189053	0.4716604942307542	0.6375878915766268
0.4688518588905851	0.6518775369426385	0.47113803490168277	0.6242807691637763	0.4608387358573142	0.6247216502651544	0.46018183086823555	0.6255819449771377	0.466233007805236	0.6265020340381531
0.4686126186453261	0.6461284823443959	0.4689141767684647	0.6423436412827447	0.46953817558063643	0.6408328875984067	0.4690469413665032	0.6397547727150444	0.46816183045558085	0.6381233456489434
0.4595713234258841	0.6451511883710908	0.46635732375740485	0.6362807683946544	0.4608664142479678	0.6364826105987728	0.46020871849763534	0.6366817163504964	0.46946034589970637	0.634696744375301
0.4714753024832127	0.6453607741657059	0.4615488858968981	0.6385906622869415	0.4696873704756027	0.6390266558486744	0.46845322773381876	0.639253762552684	0.4596417797288087	0.6405763907789244
0.4595713234258841	0.6451171640105412	0.4615483790560243	0.6364251477904616	0.4608667078855477	0.6367211690055662	0.46020883954280317	0.6369259982864975	0.45964023841958795	0.6326824305774519
0.4595713234258841	0.6459395225843639	0.4682753623238694	0.6405323682810482	0.4608755944983926	0.6410984687114336	0.46865555141445514	0.6415731632860484	0.4596452713252174	0.6419559109056368
0.4728705673639991	0.6452479084862309	0.4615522336516805	0.6387611230381648	0.46087187686057957	0.639555472454419	0.47822592118882473	0.6401260571753309	0.45964382242081137	0.6409472113628835
0.46947257720428315	0.6501610688197081	0.46155924055506076	0.6418179815024166	0.4608786059110677	0.6422221716576005	0.467855345679779	0.6423988463385172	0.4677716433042177	0.642790093940878
0.4684081566230665	0.6432471104331007	0.47083347997369923	0.6391812779616368	0.4700110414864129	0.6381917378639623	0.4711872639758336	0.6367189249589373	0.45963828364697357	0.6303578539115784
0.4648486498573822	0.6497533578360626	0.4615583622227548	0.642826249127629	0.47333444937993513	0.6430482495615105	0.47448204924268966	0.6432275173360426	0.4596536026208325	0.6425948687303238
0.45965035348480304	0.6445279051302153	0.4710253259467349	0.6350839861900321	0.4742416343585075	0.6353691090983562	0.47057007853129884	0.6356202799134832	0.468865164739835	0.6361416322055969
0.45965035348480304	0.6440735001618272	0.4615461127129515	0.6348292651360226	0.4608632887852863	0.6350232316727025	0.4689135610993346	0.6351847309646906	0.46683097811944124	0.6356077943468316
0.45965035348480304	0.6448633786061888	0.46994315670011644	0.6366642939928133	0.4732532342448777	0.6367660066227703	0.4602044465428318	0.6370126410925816	0.45963329663881175	0.6336712292356232
0.45965035348480304	0.6456190506052607	0.46926612847292104	0.636767002955198	0.4608674613076811	0.6369461960657858	0.47345679324471324	0.6371762554370077	0.4680637052517231	0.6377543361235567
0.45965035348480304	0.6460675944441531	0.4669110999643293	0.6408485725278906	0.46087625716208297	0.641333100697098	0.4697342685937168	0.6418068141437335	0.4659395694625438	0.6424517478984068
0.45965035348480304	0.6386296161563748	0.46153438993194806	0.6402060190958947	0.4608748695587389	0.6387191569949728	0.46829258730398055	0.6375813855459791	0.46720911583200136	0.6312210973159851
0.45965035348480304	0.6448229340551215	0.46154774053665665	0.6405622958874203	0.46544896796500823	0.6394529504181621	0.46021470676502585	0.6381084851296143	0.4596427028606647	0.6367617038129131
0.4696921342332903	0.6456462175923942	0.46154952791845677	0.6416986369427115	0.46959159323332506	0.6406515598729373	0.4744616460597322	0.6386146088406958	0.45964352662759506	0.6375472891942435
0.45965035348480304	0.6453669388905042	0.4615488991775821	0.636828635398635	0.4714882218863249	0.6371471621447289	0.47243311057361254	0.637431101324448	0.45963642168348456	0.6381063492913673
0.45965035348480304	0.6445181887245263	0.4615470620993167	0.6405187922415496	0.46087545393273716	0.6419247832748887	0.46021568864399975	0.6423796576513809	0.4596469587765185	0.6429586319133984
0.46731695847511184	0.64312601522868	0.4615440848106025	0.6358277510588175	0.4608655061868691	0.6351757154440631	0.46020100719084944	0.6343546534815948	0.4646352589783343	0.6347885623421742
0.468173938715301	0.6456474522688449	0.4711741101324925	0.6418341299042943	0.46087855176510006	0.6407938865914855	0.46899480630752854	0.6390465102710994	0.4704018801636626	0.6359041360418837
0.45965035348480304	0.6490684351731429	0.46155690052268905	0.64215741103117	0.46517474214721727	0.6425427168163635	0.46022111213548766	0.6426634037844571	0.45965198229674	0.6414265658618512
0.45965035348480304	0.6499081952434341	0.46605434806597446	0.642198516894346	0.4680796905179984	0.6424856717914809	0.4602209396826125	0.6414988940578235	0.4729416118027873	0.6358075681841929
0.45965035348480304	0.6460458185255126	0.4674582042896297	0.6380664096245041	0.4608702391737123	0.6381448314027303	0.47210349887705555	0.638362736270872	0.4662851664687886	0.6352619258693911
0.46459098316247666	0.645129141617654	0.4615484002078086	0.6381895580156615	0.4685759684262557	0.6385003975474154	0.4602027870192686	0.6387138649844266	0.4703267567363241	0.6406393401027295
0.46625688055621833	0.6454436387445651	0.46154906441239135	0.638976472780512	0.46894757162842793	0.639365950770255	0.46673792558549065	0.6401607637203274	0.4596450464363333	0.6412227690598941
0.45965035348480304	0.6408440909542695	0.4716519016796043	0.6364355208979162	0.46892310400684706	0.6375953494041012	0.46021055386623066	0.6389041588290627	0.4686689834007917	0.6344413880672063
0.4662110802173861	0.6456808800516524	0.4720169942089763	0.6367371126826804	0.4676284603383941	0.6370348269133222	0.4683070680401566	0.6372189903518859	0.4713941382390509	0.6371985080267136
0.46500700010830265	0.6455071692671752	0.46656009150782657	0.6363595475064713	0.4713702124830203	0.6365963481063507	0.47360219057915104	0.6367301698648012	0.4689703843950523	0.6374104725538048
0.46773756932630095	0.6495436308393068	0.4700867188321365	0.642002604925751	0.4608788569340207	0.642089644747632	0.4687836994272131	0.6411844341119732	0.45964951384265595	0.6336238262146562
0.45965035348480304	0.6458958628749819	0.46155004323766374	0.6392652925261622	0.46087283179649463	0.6395789116253693	0.46954040914845036	0.6396600947212895	0.4596451225704094	0.6374312574987825
0.45965035348480304	0.6457823287955083	0.4724428060197965	0.6422550955865807	0.4608793725526544	0.6411088469615915	0.4729290181077677	0.6397730106417792	0.4596469195342438	0.6319054658983305
0.45965035348480304	0.6481698742578882	0.4724350155995548	0.6429068462809485	0.4766361843041512	0.6431696732190672	0.4706176801393477	0.6422653899429599	0.4687549018007092	0.6409359963656717
0.47028310371896254	0.6428049987291897	0.46985833007528477	0.6364711296367322	0.46086691758106735	0.6354449499257124	0.4602065310248579	0.6341725330340859	0.45963492314232013	0.6344604508859838
0.46872728037902645	0.6458100489861629	0.4769132056539809	0.640187225303895	0.4608748635966877	0.640793931058692	0.4702464581151499	0.6413161759537958	0.4673396677098519	0.6420219563778131
0.4666141723883742	0.6457049621427554	0.46154962738221034	0.6374867477850112	0.46938970314754075	0.6377860896344715	0.4710069105248408	0.6379439650888503	0.4674134600805082	0.6383377908018291
0.47460705957876004	0.644515875186514	0.46962600270582683	0.6403889057831254	0.471198905851779	0.6389394768457923	0.4602140861615818	0.6375713178327319	0.45964215450973267	0.6361179419315298
0.46591058068638325	0.6454287262473594	0.46154903228634064	0.6387919342890851	0.46672436390004063	0.6390611719860546	0.4602094818734465	0.6395719218022179	0.47137569442606614	0.6407018855371971
0.4714287532509135	0.6454600384804849	0.46855945288776485	0.6392834091834219	0.4738000438828763	0.6400156340223746	0.47599021972804967	0.6405775849702484	0.45964271622703323	0.6413589150637367
0.45965035348480304	0.6433037516629153	0.47127863491179617	0.6371291562612648	0.4608713274309025	0.6380895514079841	0.4661568145686268	0.6387800718598078	0.46754901518719016	0.6397300805136695
0.45965035348480304	0.6438164664049021	0.46154557227318915	0.6342813404325902	0.4608652101696798	0.6344022191429409	0.4735159455982253	0.6348823990532877	0.4698951320641064	0.6352573733759723
0.45965035348480304	0.6452599654863302	0.46829135826032225	0.636819812758342	0.460870448979511	0.6369324632542493	0.4739927690849721	0.6370038674089495	0.4708471211977347	0.6332899966853327
0.4675481034502242	0.6437774323717878	0.4615454748907487	0.6352593332306682	0.4608671919644437	0.6351547920220018	0.466608351986553	0.6353471802012716	0.4596367118160785	0.6311106930294814
0.4679613064031423	0.6457297601466614	0.461549685413896	0.6399436691450718	0.46087703683490705	0.6404790437018355	0.468657916442402	0.6408289277075532	0.46913278690783927	0.6395359237326844
0.45965035348480304	0.6420779112229917	0.4615417919416118	0.6167111147693187	0.46774509725295155	0.6172774072878742	0.46016754883371613	0.6188123562451278	0.45960257326423365	0.6190161590286062
0.46617806131765116	0.6436303074821491	0.4615451579377738	0.6350380109776012	0.4608667500991731	0.6348173782063301	0.4711792244900418	0.6349832259810075	0.46764605978499235	0.6354767506427496
0.46318847901874566	0.6438951141378378	0.46916284029183397	0.6399301419144892	0.47046823433464763	0.6386530668900962	0.4677782724314665	0.6372942329507001	0.46679703052938354	0.6312546401750645
0.45965035348480304	0.6441409101822959	0.46155101107294283	0.6344295544777239	0.46086554925839396	0.6348034353545529	0.4683764773940895	0.6350446555579534	0.4596411385144888	0.6354577481676681
0.4676154330106762	0.6451873476722024	0.46615641555601683	0.6377604973158861	0.46839669832547	0.6381883348347933	0.4695191648569114	0.638179535590902	0.45964429588403155	0.6393591273965511
0.45965035348480304	0.6455882024779003	0.46154939379281223	0.6396260074592834	0.4679533301659614	0.6403237950334258	0.46021222671878387	0.6408731802705265	0.45964378539176864	0.6415892062603402
0.4678484254432285	0.6433236781035656	0.4615444973619425	0.6365781843231586	0.4608700050210992	0.6353063283043295	0.4602012792257172	0.6346925467634673	0.47410337263269053	0.6350817246147239
0.45965035348480304	0.6452503923478824	0.461548661421369	0.6413675564664312	0.4720066474103722	0.6397790863613338	0.4733130882361769	0.6383182365843191	0.4721283012849579	0.6375617463427502
0.4735146827356814	0.6435570457075793	0.46154501339457804	0.6349329916020113	0.47436614774213814	0.6345127763439599	0.47111884742992216	0.6346349873267672	0.4596306666878581	0.6352847074308785
0.46963076842040485	0.643577186185499	0.4615450567838963	0.6344229621341746	0.4608654888291799	0.6345990253190559	0.4601997473636645	0.634746198459771	0.472280799302004	0.6352550859092713
0.46417506018532995	0.6442806280044251	0.461546576941753	0.6356296990386368	0.468709481332905	0.6357992549991268	0.46020234274330163	0.6360555751690363	0.4596367755424414	0.6310404581027458
0.45965035348480304	0.6416238456105844	0.46154082703398996	0.6278359191081191	0.46599215267927324	0.6305573804895854	0.4601960572980872	0.63582005819768	0.46993311560131457	0.6372394872858468
0.470436718869291	0.6455717828785966	0.4707380132084511	0.6367120784347367	0.4608702491663109	0.6370101639128963	0.4602050013497324	0.6371960616844442	0.46884696218829175	0.6361260338444122
0.45965035348480304	0.6428582914988878	0.46409955211204224	0.6371036562795225	0.4707545179094339	0.6360032082283577	0.46020872529230367	0.6347451194430307	0.459637224511791	0.6344638903045562
0.46781684459110834	0.6430881445102885	0.4615439814679262	0.640998770233867	0.46583344116748315	0.6414508302202049	0.46709365569547767	0.6419396461608863	0.4671879064153972	0.6414826053984041
0.4700824706684949	0.6455164855987282	0.4615492213466348	0.6361560438024467	0.4687702457369237	0.6365036540239123	0.46020990871229295	0.6368419364689493	0.45964162144400605	0.6372996530859698
0.45965035348480304	0.648367810812005	0.47159950478825025	0.6394127622651131	0.46087833587493554	0.6397581004924532	0.4664534712275314	0.6399539535164787	0.47437147895599296	0.640654108404598
0.45965035348480304	0.645451722936443	0.46154908182819443	0.639013320778343	0.46087511233162864	0.6392447699442272	0.4602098829508708	0.6395713553261346	0.45964101049252454	0.6403238321621236
