0.6010184565935653	0.5487626545292315	0.5981918289020228	0.5479125075556236	0.6042278622275132	0.5476930869089593	0.600770347593283	0.5477762325791361	0.5999937971498115	0.548337333493012
0.6117926501231198	0.5053071935617234	0.591796141114959	0.5039585266677582	0.6136958227989925	0.5040968394628068	0.6148985036500694	0.504023612981743	0.5960065957124234	0.5044269644456836
0.6044059986222362	0.512490406890978	0.5941042781707735	0.5102704317964714	0.6143891452794805	0.5101556543887974	0.6047281341497449	0.5110255422937366	0.6084505998313479	0.5106027775092088
0.6087939899674167	0.5607382723155618	0.5991134936134223	0.5601258547666952	0.6081657674019844	0.5603116886759851	0.6054772710338245	0.5602026707710038	0.6035454156680529	0.5604282039519417
0.6035765461734047	0.5086860399342126	0.6119017469662327	0.5070051236988955	0.6132585956013487	0.5067083941520645	0.6014515063104929	0.5069193500346171	0.6061529626669878	0.5079612813265533
0.4587727608173292	0.48356129584396207	0.4738694883768442	0.48388570483789745	0.4676246147923174	0.48372202032952133	0.47157250467734246	0.4838522830499159	0.46110899782529663	0.4838513057989739
0.4587727608173292	0.5257689644849454	0.46814391561089336	0.5242376275327015	0.45963579395389337	0.5248728095325601	0.4740509111522363	0.5243745502310637	0.4611939949641398	0.5249621613621333
0.4587727608173292	0.5152972611266416	0.47097291170731814	0.5142556859891868	0.4676176379894401	0.5137310820996163	0.4624541544293936	0.5145358922120168	0.4713934400948149	0.5152289591857989
0.4677746389848483	0.5421647414661758	0.4598142908172559	0.5400067870241347	0.4596691905582473	0.5405689389872547	0.4741303967751278	0.5414407312234354	0.46836319146631733	0.5404365454041931
0.46728699120473915	0.506284768098751	0.46634643737792497	0.5049820685189167	0.459594965134094	0.505773158885162	0.46798439361320593	0.5048134634106036	0.47225984237056634	0.5055123980744934
0.4587727608173292	0.4910232568738201	0.4597031597681087	0.4903437539220023	0.45956399954022825	0.4902416623985108	0.46240482502759395	0.4902995181227675	0.46111212825240083	0.49049784730169876
0.4587727608173292	0.5470442474946468	0.45982487418765117	0.5461864379406894	0.4667851814951378	0.5461126687629556	0.4625221271662252	0.546123511448473	0.46123870503708914	0.5467263537287339
0.4587727608173292	0.48178944287945835	0.4596830989097536	0.48136581454851324	0.45954501552961446	0.4814732075138777	0.4713657450861191	0.48129350047618197	0.4611040051670788	0.4818039648747928
0.467707550933391	0.5446283348286551	0.4598196457710948	0.5437761583143934	0.467038564330088	0.5436824539799903	0.4696843098064575	0.5437744699310713	0.46397246546079196	0.5441444958008432
0.4587727608173292	0.5206867903531944	0.4675372765684647	0.5207567643975397	0.45963616010131947	0.5209038412095944	0.47018775381705663	0.5209933722439585	0.467945584986826	0.5207402098753681
0.4681675469009424	0.49291512982246555	0.46662132021109165	0.49297827332165844	0.4648280492690564	0.49226379823273314	0.4624188418128752	0.4943021303302082	0.461126217576723	0.49351464404329753
0.4678958529611707	0.5449649723185284	0.45982035468930643	0.5442461882074898	0.4736506716730698	0.5443291472070766	0.4625183718185163	0.5441370744340194	0.461226593270923	0.5445858953429794
0.4587727608173292	0.4838988683868131	0.46909432825216985	0.48303197144205845	0.46583121581746617	0.48432855019071214	0.46239242040829426	0.4833116952986027	0.46945199963917533	0.48412907857791865
0.47032582310520804	0.5405005520664524	0.45981067347577687	0.5389357197634947	0.4684303535045669	0.5388980298547492	0.46250698046056693	0.5389839719290035	0.46121565057333375	0.53960219611968
0.4587727608173292	0.5478769913748802	0.467348830108703	0.5506515796697155	0.4596915973882022	0.550730206653098	0.4625317992478029	0.5501393527898607	0.4718452193835827	0.5507559614493197
0.4646017245767505	0.5701200726948029	0.45987503144757547	0.5696953120126491	0.4736138284845268	0.5699256606974733	0.4705599873951169	0.5698908484986223	0.4668031704073721	0.5700491687815449
0.4587727608173292	0.5133677617236895	0.46789851596577403	0.5120450020197068	0.45960993717555004	0.5117979353734009	0.4624647479523927	0.5120054459443598	0.4682693008470974	0.5126701084142112
0.4587727608173292	0.539779912479819	0.46714002369815155	0.5387082615227758	0.459666416140536	0.5386915177522693	0.46251470120212274	0.5385889829522498	0.46121978937938385	0.5391449176586244
0.4587727608173292	0.5338051070270244	0.46906644576472356	0.5329637806692037	0.46646462463141597	0.532900661781753	0.46249438934506315	0.5329940087353545	0.4689784591763818	0.5331925881454296
0.4697202395388884	0.5048992039796321	0.45973331078615726	0.5037144606933154	0.46649815295844405	0.5036236886805842	0.46244697629182396	0.5039497643922413	0.4611491174922099	0.5046758273204138
0.46852363299534494	0.540284154840475	0.45981020310704174	0.536439186183656	0.4691350832032519	0.5367868201604551	0.46823145788909637	0.5365895486785892	0.46849229819387894	0.5382995544937681
0.47201314567686886	0.5127617017190563	0.45975040113804905	0.5111966523575322	0.45960814922025994	0.5108975348647455	0.4689125601249308	0.5111093878269776	0.4611630530719027	0.5120592165169783
0.4647704054412606	0.5187761399727989	0.4597634745027837	0.5180527771852793	0.45962267253803457	0.5177354695689199	0.4712257872366776	0.5176666508645797	0.47254013390133365	0.5178772440897905
0.4587727608173292	0.5379690358541203	0.4676654356525615	0.5368344483826981	0.4596624442993906	0.5365580915972203	0.4674332976669147	0.5369451240956843	0.4748719658878625	0.5370442493902267
0.466711166949907	0.5044685390044933	0.45973239568747015	0.5041425777985084	0.4703624294096868	0.5044524429237724	0.4721982673863632	0.5041137603683212	0.47175466677976496	0.5045262911294812
0.4587727608173292	0.5593633748591245	0.45985165091408475	0.5582971570049063	0.4695569856445389	0.5587783398284754	0.4706315489426194	0.5587996404174741	0.4612620894409985	0.5588461594491215
0.4587727608173292	0.5171992758056839	0.46699941689730756	0.5161431941428183	0.4596186560283393	0.5153320241162077	0.4714193147912285	0.51618157389151	0.46116968439919004	0.5165307362777943
0.4674308663717754	0.5163030650365987	0.4700963676391964	0.5184564971149871	0.4673441265577334	0.5175562888662089	0.4704565916895768	0.5173220063249288	0.46117669331836064	0.5170421650787341
0.4587727608173292	0.529117640781961	0.472343342525227	0.528461024459882	0.46745849161043007	0.5278576757907488	0.46946672885544377	0.5282281272965968	0.461201267467115	0.5285828381948674
0.4587727608173292	0.5060216609067937	0.4715485262725105	0.5047800144407778	0.4595945636004646	0.5044352569669688	0.46927752000958256	0.5047626346786116	0.4611505116646571	0.5054346066107409
0.4671457476764564	0.5281223691135084	0.45978379012816045	0.5268413396503806	0.4722181234956949	0.5263164424178377	0.4624805767739463	0.5264051787341899	0.461198551869279	0.5270829909629938
0.4587727608173292	0.5140457023803814	0.45975319211980575	0.5129969433027217	0.4596119446899459	0.5129009002146159	0.4624524115092914	0.51323559082109	0.4678280019371413	0.5134925477455946
0.4709465889275795	0.4883625849313348	0.4686286944950552	0.48637776106613473	0.45956721821148033	0.485911772788527	0.46240499881095076	0.4860602370636095	0.4680202844970799	0.48697010899306276
0.46317736061170317	0.503538431053473	0.46954510905791846	0.5020804521485552	0.46617531007385477	0.502007304260899	0.47387294503324257	0.502299912924743	0.4742845472286545	0.5030767532809367
0.4587727608173292	0.5276469110131748	0.468518129199573	0.5263249001729858	0.45964019980424226	0.5261194159314427	0.462491309280825	0.5263623748192453	0.4707892656287342	0.5268355807861302
0.46908366246655514	0.5229656395558128	0.4597725810871406	0.521449349220058	0.47022619558575046	0.5212695746338804	0.47086320521092234	0.5218575580276474	0.461188368054944	0.5221946288874838
0.4587727608173292	0.5387733986273151	0.4598069192733328	0.537143767064678	0.45966308903845016	0.5373987769528249	0.4625135933338537	0.5368329266407514	0.46121471985070195	0.537298987668683
0.4587727608173292	0.5594221645981802	0.4719121971098444	0.558810368012316	0.45970895672001605	0.5591909407073758	0.47182307118797123	0.5590086350526501	0.4612582122034155	0.5592056457004376
0.4715215155612852	0.5302767531151067	0.45979823738672165	0.5286484320995609	0.4596451334319889	0.5279088126554465	0.48407200158645736	0.5289745122103306	0.46121643379927574	0.5294903286020145
0.466881544884662	0.5146426978124764	0.45975450050560707	0.5132871688720929	0.45961258796677584	0.5128707744762614	0.47234589067308236	0.5133199683773187	0.4746942013070632	0.5139271943190693
0.4643898830303646	0.5463844950927315	0.46760891462664006	0.5453928057491906	0.4668043687165696	0.5453967853427433	0.4700164246582479	0.5453130151594984	0.46123692059075033	0.5457814971777811
0.4676352912212978	0.5378920563269918	0.45980502626372877	0.5369085855903535	0.4665997896302559	0.5365897181307978	0.4710338737808063	0.5370065126569835	0.46121603198073413	0.5368908189188734
0.4587727608173292	0.5074345216160214	0.4655637791814782	0.5059412682944419	0.4667144900051434	0.5060490010870117	0.4758296594363604	0.5063692556904045	0.46697028618689695	0.5066492419836823
0.4587727608173292	0.5222179788328966	0.45977095591924505	0.520933647168169	0.4596287688764404	0.5209638456317638	0.46914324877703095	0.5211948642967323	0.47224105443075054	0.5216070563615253
0.4587727608173292	0.5494093687360107	0.46686585325356883	0.548403826175375	0.46883498311391814	0.5484365909719112	0.46252699506742095	0.548685156073826	0.46124484578901354	0.5488921809409646
0.4587727608173292	0.5241292045261068	0.4716115231711956	0.5230620424728815	0.4596332728589199	0.5230416646488281	0.47205760499623867	0.5228286947013524	0.4679331783911871	0.5235121347502045
0.4587727608173292	0.54739935542971	0.46787604857673804	0.5469384218493669	0.45968376149549667	0.5471589005346793	0.4697992989966752	0.5470314711383414	0.4694855339986685	0.5472819984244174
0.4587727608173292	0.5387287591878773	0.45980679969437654	0.5403562165306846	0.45966983322004396	0.5407883467945046	0.47055298529001083	0.5414404650204522	0.470977463866174	0.5397949703974392
0.4587727608173292	0.5102213138417211	0.4597448792031836	0.5090159505607875	0.4698251272280348	0.5097395380415729	0.4624568976986036	0.5093061325331887	0.4611570398367617	0.5099408109930234
0.4668875616553524	0.5015317573280446	0.4597260015979629	0.5005170632116424	0.4699138617323313	0.5003759232479107	0.478003722131178	0.500681028896979	0.4611380099030829	0.501332081151061
0.4587727608173292	0.5060350762647209	0.4597357797739838	0.5046012581605465	0.4729194877103518	0.5041833713276334	0.47424834419346285	0.5043252638339294	0.46114192255174774	0.5049013002516809
0.4587727608173292	0.5248417195960706	0.45977660400270254	0.527749811448038	0.45964305247537107	0.5286179701544195	0.46248537682824015	0.5276361735621766	0.4611914427055525	0.5273748438540824
0.47091934501919874	0.5114428840950375	0.4597475344782496	0.5100028102660382	0.4596056184800321	0.5099468450673282	0.462446209644314	0.5103064932774795	0.4667803778590517	0.5107911177783576
0.46901180257354075	0.5381435078054698	0.46859102010875503	0.53746718115342	0.4596638058147061	0.5373322325862202	0.4672337070931232	0.537088147201979	0.4735430132160441	0.5379337974880805
0.4587727608173292	0.5048581336871937	0.45973323202951577	0.5039010875942896	0.4660441973053287	0.504022792403606	0.46244469651156034	0.5033805095036608	0.4611436590991441	0.5049071263392703
0.4587727608173292	0.5685940351859788	0.46590071923341014	0.5673817303824599	0.468570289844216	0.5674280048347766	0.4625746077502758	0.5674371756515713	0.4694037209985919	0.5682695513537783
0.4587727608173292	0.5426303991065787	0.4711367295107423	0.5413870883764582	0.45967206205881617	0.5414282149780741	0.47332677410212937	0.5415594487232261	0.4731147470504607	0.5420910346584066
0.46828520028027043	0.5072419339743762	0.45973840306149244	0.5067696631341536	0.4687072303088365	0.5063314626200117	0.4624389234133059	0.5068117305909656	0.4729191188065556	0.5061390350593266
0.466715956699617	0.528446640377421	0.4597844726743016	0.5274125486179642	0.469058110545446	0.5273142901400404	0.472422630833166	0.5282003556603095	0.4612013236833919	0.5276332435883037
0.4587727608173292	0.5213869585464883	0.46731972817074213	0.5214131311960345	0.46334859963114	0.5227133727078173	0.4624831962426244	0.5216593894604925	0.4752361113745609	0.5226294299798864
0.4691448775612624	0.5281015469052114	0.46737662744643854	0.526846103736667	0.46714448847834383	0.52667297858696	0.4723304173840783	0.5272864340177532	0.4728643992296224	0.5282325428913612
0.4669527002877259	0.5158547879701586	0.46752331239684897	0.515005783025496	0.4726240766391064	0.5145400554129764	0.4679698638234344	0.5148260389406946	0.4713175725879394	0.5157435532942449
0.4678903858730988	0.5752946133166343	0.46531161563413626	0.5745374084410279	0.4597423496685682	0.5741213962253215	0.4705361159998996	0.5744148624026002	0.4612951342856046	0.5747507399320441
0.4587727608173292	0.549777161077227	0.4598308144276758	0.5483789153313223	0.4596868590036288	0.5480559949687029	0.47276274095020215	0.5484553638174767	0.46124333090403785	0.5482751195197152
0.4587727608173292	0.5513086544504218	0.4659208107808729	0.5500131066139088	0.4596903337845985	0.5503806344073062	0.4691519973403385	0.5499950469551224	0.4612450774219441	0.5507170481812317
0.4587727608173292	0.4949924467489894	0.4677549431494008	0.4927870520554307	0.47166343786518244	0.4933064818366936	0.47289904903455526	0.49341172357591273	0.46845423337174363	0.49482580010665095
0.46932611744498604	0.5038987008450837	0.4682762534394295	0.5026405368088789	0.4595900178081521	0.5022455845846052	0.4624425838237305	0.5026057845431472	0.461144627322609	0.5029627215206336
0.4669040184054355	0.543112506644314	0.4675721436303998	0.5419739710255077	0.4596732949527803	0.5419348765572134	0.47502430383320465	0.5421230571679064	0.4750479710480489	0.5426665078862601
0.46801082041906206	0.5276948521087758	0.4597828385629417	0.5268291769374343	0.46608020544369616	0.5263522521128822	0.47340394493837235	0.527097285861318	0.47071783189787936	0.5271701910652787
0.4655641916769111	0.5001999130797499	0.4666172161778025	0.4989336880274028	0.4748771176748707	0.4981400406970195	0.4624345425351412	0.49881908377297846	0.46113736578412073	0.49972756541003516
0.467186620883578	0.5260361859075136	0.45977923323350034	0.5246712364005381	0.4694022159643781	0.5238716098585324	0.4624754439572477	0.5251561478316517	0.4724939166797144	0.5246232869474684
0.4661140912746729	0.5415626732346643	0.4696513737303377	0.5403917432785941	0.4702448344844658	0.5400289474381167	0.47112224949903014	0.5400479264936782	0.4612266764759597	0.5407846571471895
0.4587727608173292	0.5027266602806333	0.46683539584385564	0.5016137484043249	0.45958791247748904	0.5023711519431694	0.46947815976042856	0.5018502815509297	0.4658767479591337	0.5022570676745044
0.4587727608173292	0.4980699913835626	0.45971846652192544	0.49631644914572665	0.45957662606778515	0.4958092912530862	0.4687455774172646	0.496883778291065	0.470404716701042	0.497465960774337
0.4587727608173292	0.5431843832061755	0.47507097239639773	0.5421051143544682	0.45967359493021376	0.5418855912839015	0.47005368989737045	0.5421318019448743	0.4733340402043831	0.5426072434679247
0.4712432764306583	0.5315605372524654	0.4597912411445642	0.5307093837903986	0.4596494699481731	0.5302389847521306	0.47306274163575723	0.5308858195369035	0.4612014934933401	0.5311097549391398
0.4691865735527167	0.5506648091554394	0.4598327668583135	0.5502929420346134	0.45969094924485493	0.5498564406629881	0.4699658857203831	0.5501874641639799	0.4725047289502267	0.5501246383518383
0.4587727608173292	0.4857229663120063	0.45969158362045803	0.48687217244152625	0.47133523975459674	0.4865355111545976	0.46241003038058553	0.48694499946545605	0.46111113451281754	0.4858883892429468
0.46823135031922913	0.5246809349491444	0.4597763095754418	0.5234483557833218	0.45963408892323404	0.523343279990019	0.47010938165748184	0.5235525030435492	0.46838045615241775	0.5241661239507879
0.4695780351603129	0.5442917941883437	0.47110401909111527	0.5434725748351844	0.4659305987943048	0.5428080491338684	0.46788631031999933	0.5435212931514989	0.4756051316079549	0.5436964690764046
0.4587727608173292	0.503261696278004	0.4597436661922233	0.5022388591320341	0.45958916628138313	0.5023281554171136	0.47056242331403614	0.5021314271418578	0.4611412165971826	0.502807389099282
0.4679912838336813	0.5038947301088608	0.46686180840642044	0.5027649137640142	0.4676562181105614	0.5018155307318612	0.473334454341724	0.5022863451472517	0.46114621832609387	0.5023171208997801
0.4587727608173292	0.5402832594203569	0.4598102011607176	0.5386008720878697	0.4683291563237705	0.5387315963545506	0.46250663104330464	0.5387213756873653	0.4612151028198676	0.5390558626828629
0.4702160186587582	0.5268101234977347	0.4597809377343299	0.5255497677377863	0.4596385434576808	0.525548080489197	0.4624789636319578	0.5257287919833984	0.4684476696124676	0.5262099899126204
0.4587727608173292	0.5231765886025056	0.45977303962090116	0.521859414484164	0.46836426630342426	0.5224456251133558	0.4715221380291912	0.5220325522046131	0.4666761676547187	0.5227630520711937
0.46920314453400636	0.5122818083972203	0.4597493580133441	0.5111035011290594	0.46810104760501176	0.510475147371073	0.46947320766631373	0.5110344202579858	0.46116623401716594	0.5114522766723333
0.46657655035794676	0.5092264086812662	0.45974271662190186	0.5077836257315463	0.4596009141951592	0.5076663457759185	0.46244142187861853	0.5078425902841232	0.46931090074658055	0.5083878891313601
0.4695242503540837	0.541266824447026	0.4598123390728022	0.5400707830397922	0.4676168424065061	0.5397418869039311	0.46250875208842507	0.5402222721761544	0.46122632492772014	0.5406989378459429
0.4587727608173292	0.504746479542101	0.45973294046841595	0.5061346059831681	0.4667650261056272	0.5076382337756996	0.4624535481633818	0.5068651531948996	0.4708646819467123	0.5050437037132316
0.46966362248141846	0.5267259644023243	0.46643939726987954	0.5253121167488811	0.45963804232326744	0.5254633092946475	0.46247878565859374	0.5256089916996062	0.46732253635829724	0.5265777695952598
0.4587727608173292	0.5141550733018243	0.46818913941916335	0.512741798672504	0.46975658726017505	0.512457284892028	0.4624659965736653	0.5130601586595909	0.46116880373044644	0.513343737076929
0.4635071894330196	0.5564688276560189	0.45984534777560754	0.5599527219958578	0.4695568301949911	0.5606897202160422	0.4702367642670992	0.5597439119589516	0.4712043721303745	0.5587397909348407
0.4631600716203433	0.5079060290646397	0.4597398465734489	0.5065237292126135	0.46860511971658725	0.5065129424235569	0.46245378397280384	0.5069536660873218	0.46115612574414794	0.5074267948764684
0.4587727608173292	0.5057644042372327	0.473893545958351	0.5049296749698566	0.45960447736154275	0.5051965144415754	0.47165107603201956	0.5051261638157799	0.4693969923330734	0.5055342045581599
0.4587727608173292	0.5286389979340997	0.4597848907889651	0.5266415780368519	0.4596408710706916	0.5272647931127502	0.4624825677949433	0.5269824252225755	0.4611901358550364	0.5278098208951179
