0.657198748558177	0.5097426346959754	0.6555258727899939	0.5051421710880569	0.6563453143980098	0.5042602357953541	0.6652065455381166	0.5058174888604404	0.6636000838952983	0.5063402293499809
0.662249988297443	0.49024910240846525	0.6645876123930502	0.48740683685881936	0.6610138520660259	0.48702144648771173	0.6645094181602764	0.4884612435463516	0.6559449622876906	0.4878922869546314
0.6537370110211332	0.5637608106332694	0.6589840706007846	0.5599028460415085	0.659705502002101	0.5602734749183309	0.6591227249008443	0.5604461617223285	0.6601312450259981	0.5604931656873875
0.6580736090831244	0.554922116861314	0.6593068975325959	0.5506055890148015	0.6647803977172043	0.5505327991875864	0.6568735257776155	0.5513543402760429	0.6619832964425725	0.5519807569604438
0.6558207899074626	0.5710016725093746	0.6615934596841513	0.5688721110452544	0.6620097410835986	0.5684685484984162	0.6592522517016662	0.5693947990777991	0.6587966598619598	0.5693646713999099
0.48605814806375003	0.5138637937599749	0.4896340355023996	0.5118731059590619	0.4854608117861251	0.5117910133423038	0.48089257084608994	0.5127724541927452	0.4690184193489738	0.5118528748535447
0.49287497655658247	0.521823991918963	0.4831696083763572	0.5219124430025308	0.5044309158826881	0.5219676388202915	0.5036027684487695	0.52268117920672	0.47441050249097866	0.5227729797000794
0.4795723572606897	0.4999010690434701	0.4830039436787435	0.5029940569730971	0.4680965585290379	0.5036667992765799	0.48081881076645006	0.5015896063670654	0.4904858276119651	0.5017094942228879
0.49159052732981506	0.5439238758029709	0.46321121329181975	0.5434929520184204	0.46923898675197045	0.541857082949945	0.46443178444851757	0.543106316934558	0.46051737820037747	0.5432316714489953
0.4712021118859472	0.5680531608193835	0.4835480488959842	0.5663051246856985	0.4716890778096808	0.5662355522569902	0.499159888370476	0.5670227421640882	0.47467058740256557	0.5667807650099207
0.45883567761138155	0.5666027349283888	0.49349574504578675	0.5648213929105851	0.4707602256437053	0.5638577968433464	0.47857099177331264	0.5647426703515346	0.497892668964904	0.5651883609500756
0.46612999632608987	0.5416854356440397	0.4884358328735192	0.5408476517256394	0.4789559934310761	0.5416133726766295	0.4687635123899457	0.5407780041208025	0.4853174513446376	0.5410893435604518
0.47464390183174593	0.5391101903712704	0.48516184211189484	0.5365848003986162	0.4822030092686335	0.5364044398266056	0.4609566956090758	0.537411020911395	0.4647139096923319	0.5374532472984362
0.49068611762447323	0.514786794211235	0.48865615224247616	0.5119947838643669	0.49035677074435663	0.5119654071402728	0.4709175573646168	0.5128560845825416	0.498321979182592	0.5132636186369285
0.48623533570132166	0.49407255409168976	0.46311476308366895	0.49058829256762804	0.49979290475002813	0.4905266028626238	0.48662489602204906	0.4922482232933086	0.46314275106213443	0.49149679319284034
0.47760255880165936	0.5576129309457943	0.494335201777275	0.5550027115020157	0.4612088433939233	0.5546090558740276	0.48511220548771006	0.555486002543718	0.4727511978353832	0.5558105393434758
0.49026533671100125	0.49182463951365296	0.4776445316718165	0.4926609631493199	0.48509520173561677	0.4930460118145956	0.5024603202895496	0.49239587509669724	0.4819011180989584	0.4923999765732864
0.4694756382117308	0.5685778190642001	0.4691200961366007	0.5674479120848779	0.47123529769109795	0.5675640180917779	0.48173447781415185	0.5682088237094925	0.4792874814855271	0.567938765542868
0.5011776469038028	0.5493019118728658	0.49303994812686003	0.548760981816737	0.4941640862828295	0.5482330507440631	0.4738701444577044	0.5499346995545346	0.4802958666833998	0.5506353062682747
0.4803788953793592	0.519355962499613	0.49106870962489685	0.5170118434671401	0.4858286855716144	0.5167562385480997	0.5062273615853692	0.5175108221806453	0.4760663241381101	0.5170980754695463
0.4873481251147217	0.5028148537125948	0.4890142713977911	0.498855225503065	0.4901535120699534	0.49742414014779435	0.4910953414979791	0.500007745472973	0.4732317324764921	0.49923999079554016
0.49621137427395445	0.5565600156981513	0.4632362467488469	0.5548623732124183	0.4806431330423691	0.5558271489531308	0.4927995043769537	0.5559672722732821	0.4730649955831657	0.554802354854367
0.4886368546812761	0.5368538595731727	0.4999330056836687	0.5346619388456011	0.47875984533597	0.5356451642164001	0.4892569428597848	0.536173049339973	0.4764443170443658	0.5352693997242958
0.49092598227137196	0.5210382912244363	0.4721232809088332	0.5159061615777105	0.4934905825468997	0.5153433662755208	0.49805476122712905	0.5170252283795724	0.4604715758880857	0.5182470126048256
0.4990786608619527	0.5445625834157687	0.48391676725680133	0.5441973277237403	0.48735488474354155	0.5443918158760246	0.4832642879111613	0.54518695962555	0.47729120432261324	0.5447375509368102
0.48591806350406075	0.5051819928624529	0.4915746939473836	0.5029643718327326	0.482803336827992	0.5026284581715014	0.504944065528035	0.5037028581382007	0.4953929099646353	0.5035277782515448
0.48391580900292636	0.5051604646949333	0.47260760641952754	0.5054957520202463	0.4723985952553003	0.5058376992681921	0.4608921841027508	0.5062282026924129	0.48921278319949485	0.5049303258770006
0.4913120401726306	0.5190338495714821	0.49696715372330713	0.5159013112149404	0.47009116929904354	0.5147182640520246	0.4707743940148641	0.5169794444835827	0.4860927997985424	0.5176215557338231
0.4682349637084068	0.5340962442490849	0.46319048313156547	0.5289787023378089	0.4722317991859682	0.5283724405560892	0.4968101584424825	0.5294807697605396	0.4908560505209451	0.5298585447726272
0.48184692772726057	0.49785615445576237	0.5045691109652515	0.49713451387934393	0.47737756294439715	0.4978215245644963	0.4704611486635511	0.4979814784635713	0.4702633818430472	0.4966350057415873
0.48588176170364933	0.5517189566111024	0.5000890975977147	0.5478599532271085	0.48970788543105875	0.5465229411663178	0.49419731861855143	0.5478440754722779	0.48034476534592424	0.5485354983512576
0.5028904992195551	0.527069720203528	0.47117866957297644	0.526644687348632	0.4687493496219065	0.5268769186349062	0.48777506945080784	0.5270722503656231	0.4979512834009218	0.5272013180837872
0.47281003859661613	0.5032353192248727	0.4709046299411573	0.5000819153237274	0.48502225011198613	0.4996179642581232	0.4912449712906983	0.5015472734158776	0.49182116040071644	0.5007697890369679
0.4797050988122201	0.49986385596881266	0.4689961178537454	0.49745651598360285	0.49576198922343795	0.4970496877766963	0.4964884308715305	0.4982153095441852	0.46043366193317037	0.4979265898719178
0.4688269764336461	0.5314024873251368	0.49580855591060824	0.5287800446613444	0.49467737601520023	0.5285877379193565	0.4941571807614746	0.5297111520558156	0.49767617139979897	0.5294089925516035
0.49510078328218	0.5547116699934941	0.4881140368319251	0.5509292368707192	0.48292400497201066	0.5497137347634596	0.48009558118100715	0.551284645594361	0.47971200588015306	0.5511363253439375
0.4708087396455448	0.5212007012780918	0.49760433143269855	0.5177183107224563	0.48356864213600953	0.5171515363184078	0.48810008515631664	0.5183240150431638	0.4766320040486791	0.518839297539943
0.4677978032047677	0.5258745028692816	0.46680655342693084	0.5224984195753168	0.495973163004212	0.5221101827125907	0.4926466133288919	0.5241478814486633	0.4914375885951905	0.5237673641385667
0.4670680144872452	0.5186545875631955	0.46316172041554965	0.516387719689226	0.4806826221807718	0.5168294266265981	0.4879371787211631	0.5175015882571542	0.470366387492234	0.517364540403364
0.4764296629303335	0.5668757131405211	0.47770207953167637	0.5648261630244629	0.49212603181092474	0.5647388295413686	0.48233119650020573	0.5653324615163737	0.4904401178790923	0.5653084966196514
0.4945022382605268	0.5566294243222217	0.4632374723759802	0.5570474490385444	0.4869859424280115	0.5558683856374841	0.48782368108447544	0.5578666098413655	0.49759699753820963	0.5565408781472048
0.48875273401221075	0.5006216930974199	0.4631263280543959	0.4979904377881037	0.4843235996505526	0.49821685047655123	0.4835280663066942	0.49888034078988963	0.4709971213591891	0.4988702134208114
0.4734926487213028	0.5533641829960128	0.47311940693216276	0.551629391638698	0.49227677440841994	0.5520798571104	0.4764650992707898	0.5529315944471691	0.46053398840110926	0.552720843629363
0.4921394797793667	0.518629237868696	0.4937484014276168	0.5157654768858726	0.4796301540470035	0.5161028330771769	0.47157559563547236	0.5172226750685399	0.48717002674593834	0.5166988966171626
0.48119401084625896	0.5630837099506072	0.4786379564131914	0.5621882618807538	0.4761786136197177	0.5637866771211976	0.4610106259478196	0.5632342980573611	0.46865557777474376	0.5634940500114951
0.478196733741598	0.5578128919633735	0.4691088348859576	0.5624787276554605	0.4887517980754181	0.5639588212495237	0.49990082460199353	0.5625513765908511	0.48138851448418707	0.562001262967474
0.46975218558232207	0.5176846343307685	0.48115049675540517	0.5130860544300998	0.5034623993862654	0.5122419521983052	0.4938923994704755	0.5148407989522331	0.47159013072287986	0.5145514107991377
0.4968171010346594	0.49858910703806786	0.49258989133574876	0.49602350037671245	0.49209089661225613	0.4952532085677215	0.4940098346666843	0.4972616178171287	0.4971112861999778	0.49673332315292
0.4764949071919556	0.5033347191399493	0.5062723500115615	0.5006632459081317	0.4873245834559964	0.5009467268889144	0.4807212579228224	0.5019279053401683	0.49704129783489903	0.501703184610632
0.4757079269315217	0.526460751641021	0.4852604674356405	0.5236560397610278	0.47109818734106035	0.521809219194756	0.47107867843402396	0.5232531358746156	0.47598847014172	0.5234134317759506
0.4691668874681518	0.5460107453487909	0.4987859201532102	0.5444860821969351	0.4792357459894987	0.545781994970904	0.4848652851202271	0.5467359938174371	0.49408514313022434	0.5462152194940781
0.4769037933934365	0.5380523845128186	0.46860674717185147	0.5395988492539581	0.4709170479827089	0.540372513445899	0.4731439653747451	0.5397080500524994	0.5013350587162047	0.5400296897003506
0.4903407450811826	0.582339942219968	0.4963807799857919	0.5819083481546863	0.49414121791433163	0.5817086658884673	0.5002524612463212	0.5831905428112314	0.497514742974124	0.582597087367235
0.5059517409582153	0.5119279737638698	0.49520367838489715	0.5104690545711043	0.48491620961491627	0.5108210623780999	0.4837870644171952	0.5113036847514895	0.4905449403496965	0.5110447656374774
0.482072299544834	0.518415959846697	0.4631679312748978	0.5138104710407517	0.512117126987139	0.5127542324986769	0.473264647739061	0.5147888495627917	0.48195774737088504	0.5152184454701221
0.47349219085655336	0.55649649405068	0.49288809050046534	0.5579026750886319	0.4748794226498425	0.5599453686794704	0.48641597516937596	0.5602034832955388	0.49361888005446486	0.5593517427078992
0.4738161686881213	0.5137815581978512	0.4882453790035516	0.5121949264395945	0.47494279229953856	0.5118466331394916	0.4888270193368643	0.5136980104547261	0.49010232142467114	0.5126671730164825
0.4932435991188673	0.5129242907153018	0.4701393832711706	0.5088819801596438	0.4804611388004094	0.507751094356536	0.49120064467709723	0.509887319715786	0.49836111808093986	0.5099781913953706
0.4856063356538389	0.5258247909300744	0.47824171556572964	0.5305968467039817	0.47965479905551506	0.5323006630867781	0.46991077871940923	0.5309521460795988	0.48194689168716454	0.529661579343922
0.48766428265850165	0.5294700529299345	0.48940622505185055	0.5281142260043842	0.461153669663365	0.5284779473691817	0.4661285907672109	0.5297053776809355	0.47033929948735	0.5293034738887801
0.4883843757765699	0.5799940009114914	0.46328292877811905	0.5795403478689294	0.4712237534699815	0.5797617433906297	0.4793904022940961	0.5804125640551614	0.482293685385841	0.5807882687001836
0.45883567761138155	0.5153094086594735	0.4980639133207641	0.513778423153778	0.4611256586493704	0.5143769857966027	0.48524724263989194	0.5147597612945897	0.48427120344135455	0.5147638117260988
0.4804868540604386	0.5161695652986814	0.47766185099702085	0.5146742957617921	0.4611276858803643	0.5148004047059087	0.4790969470486412	0.5155388135109162	0.485974963494316	0.5161491887265843
0.48194775393899947	0.5208339229191539	0.49206856516073616	0.5242089544927889	0.47106846127930296	0.524709955804872	0.46660573013881734	0.522911806635302	0.4989375983720233	0.5238183265381078
0.4677712654190643	0.5203924718896459	0.46886285700526836	0.5189272000714364	0.4686517701777352	0.5189067078759664	0.4670721436771224	0.5195757677465598	0.4741925058793442	0.5193991421819962
0.48078284231165336	0.525973794575449	0.4912000809472831	0.525707170465101	0.47722008245853426	0.5259101272030218	0.4995909975405944	0.5274278715615435	0.4792459432334627	0.5286862758689194
0.4873609556477022	0.5120022861763384	0.47281555131556974	0.507909724095147	0.486426434471013	0.5076544483935904	0.4742004764222596	0.5091147772895526	0.4781079496091339	0.5083143067442607
0.4873169114185622	0.5445468201632873	0.47191129574213236	0.5391956805871179	0.4853716590557537	0.5389412226715926	0.4609618801851807	0.5397840372444737	0.460516888316145	0.5383023086313965
0.4936896528605389	0.5467188650023524	0.48044049488362583	0.5420272732043199	0.4858550758084074	0.5418366681062626	0.4972550254054532	0.5431080732879064	0.4978132765594468	0.5432088863818771
0.4851855054924902	0.5021212619348037	0.5033477740359688	0.5012902504163993	0.48421070163824675	0.5014958345158558	0.49723315685469965	0.5025078949265663	0.4911812636518339	0.5011419058527483
0.487090284298662	0.5205197101657908	0.49731774827230063	0.5192567577181147	0.46823041054539766	0.5196910433424905	0.48394867851252615	0.5201546486884133	0.46754383210548917	0.5200355296478977
0.4927809628645278	0.5675123756833812	0.4753529789788089	0.5694139210587095	0.47327990478827076	0.5694692598375193	0.4668132285914931	0.5699511547710788	0.48914483951619736	0.5695216481212574
0.490465746897276	0.5238507058187849	0.49574483134747727	0.5238661009229127	0.4713554668183565	0.5239029063226265	0.4962111599686123	0.5246286334816784	0.46588572736112493	0.5242839623699131
0.45883567761138155	0.5287628504661976	0.497042749398707	0.5264742860104419	0.4611509224545153	0.527614571384754	0.4709577050546605	0.5275822556058526	0.4801609173228166	0.528135733193115
0.4649759929874127	0.49990750046938043	0.48406882824854575	0.49705276768471085	0.46109263477650686	0.4967303216737524	0.460874958777025	0.49825883566946605	0.47240566500690584	0.49775121463838273
0.4918074463289374	0.5136568223838456	0.4722894272258218	0.5122340327162882	0.47639780766944967	0.5120008050866046	0.4609077731401598	0.5122878086498338	0.48927352190512974	0.5131220534682523
0.4717527941510693	0.5456188506928336	0.4794202987028511	0.5446503954530555	0.46118500921951455	0.5449884505141844	0.46671934927058906	0.5461584202607883	0.48325283452476936	0.5456349749302046
0.45883567761138155	0.5492430630570242	0.46322099650273324	0.5449284139320373	0.5033339638773235	0.543492087757702	0.4850602070306434	0.5462789067759496	0.4931848835106717	0.5464503676681767
0.49184907102939424	0.5152413533485642	0.4905209277109356	0.5135864292797042	0.48595761655187375	0.5143690523225347	0.48214294855276346	0.5148367312207681	0.46046634070812176	0.5152948025612298
0.4889100528583064	0.5162972957658638	0.4902208864542352	0.5128064562162473	0.4790800077021315	0.5119786153373908	0.4848078683718837	0.513864831243247	0.4988390457731533	0.5139354833084864
0.4849699594297336	0.5167654267503288	0.4848731294430298	0.5114596500741956	0.4911054982827956	0.5113195081673951	0.4853408325251669	0.5132479559485394	0.4742090117387729	0.5126360231501323
0.48518694349196	0.5014420717975119	0.4737415192185813	0.49861381687407785	0.5023278701698232	0.49783640304806215	0.4970795017047648	0.4985486038918748	0.4897298374730137	0.4990556217642358
0.4871894485357769	0.5491221736487014	0.49227439888032776	0.5455737293803712	0.4770234111403563	0.5439000684617041	0.500160501578317	0.5469274682595485	0.4799601165268429	0.5466515540224745
0.490590603563512	0.5020950556266801	0.4753315461507855	0.4992762074813468	0.48890482433758664	0.4990034468461182	0.4996027002725029	0.4996439423342969	0.5017176082727989	0.5000836957139688
0.46833687083539893	0.5563125324102813	0.4723945495434148	0.5539609190570073	0.47148378521365536	0.5530190819428926	0.460991386671975	0.5542188501461592	0.4818476386906438	0.5540339398367768
0.47337305616815456	0.5553210604185546	0.5095887652629931	0.5604178692706524	0.48409242217355236	0.5610188987273865	0.4800152830692681	0.5594364652627192	0.48596546040259914	0.5590335102025886
0.4952689858505555	0.499797472608092	0.5005573955545047	0.4962028277543968	0.4695971465443262	0.4969200303236214	0.460874144550123	0.4991012679632957	0.48824633191463757	0.4968260152676603
0.4851401770684411	0.5376885515434764	0.4933435306975955	0.5360646647546072	0.4840515158269665	0.5370264291287864	0.4752336630954037	0.5379703614941295	0.48835935455436685	0.5379511006854987
0.47021736510908924	0.5149136895213147	0.4742535271973054	0.5134788974101633	0.47201498375739553	0.513783573299987	0.49374278328087046	0.5139591497051852	0.47066476430125986	0.5138406868171953
0.46646980758092904	0.5508244464957427	0.4705667151614325	0.5490174507722329	0.4917287168899783	0.5501766286859695	0.48474915213887126	0.5505500833566375	0.48490495922133753	0.5498373632239644
0.4857034324684859	0.5674798642204127	0.4877374850919299	0.5689404835181308	0.4894686824337484	0.5693041476274124	0.47591795993283753	0.5693719797627262	0.4978848720606511	0.5691875188409657
0.4762221969676977	0.5486452406760867	0.47649974769151515	0.5464283543658495	0.48679431487798186	0.5466918941258282	0.481018597133754	0.5477996698933089	0.49516288537576725	0.547265735440321
0.49002232888903474	0.5753353405379564	0.47404817292095264	0.5743821361430402	0.4678923685460203	0.5740210755759698	0.4720876330204625	0.5759684519608119	0.48735062022335546	0.5750355240389005
0.4772878077284279	0.5103347534864343	0.49227532705709964	0.5087902143450542	0.5055599382600171	0.5093931180879392	0.46715279729603726	0.5098004843296641	0.46552856964061873	0.5104345500472623
0.49236957846635715	0.5585228602248474	0.49674705518884504	0.5570987973612151	0.478111980388336	0.5563960986930919	0.4609984378055328	0.5574043381001949	0.47978127447703456	0.5572682281190104
0.4884599948314872	0.5069627715017196	0.46314408320592954	0.5041313688295089	0.49728086219170475	0.5047770180161497	0.4796073483680084	0.5051943619296274	0.4887967406225547	0.5058554662829967
0.4831551548264956	0.5195577314151623	0.5012242646612914	0.5160952504026589	0.47313854123611093	0.5149041864356377	0.5035603940211376	0.5164752915853661	0.4906773946697991	0.5174966686233978
0.48093010252007967	0.5658907725208195	0.4729542400990348	0.5687530743628396	0.47084976132381	0.5697942376921309	0.486797280089414	0.568330095703817	0.49332465585853885	0.5685293357226184
0.47231882627836014	0.5578800747694166	0.4848180736060572	0.5572735595740408	0.4842422317024466	0.557697507908119	0.49766672108509624	0.5577816207775924	0.4790619304806554	0.557372067490725
0.4722115874651045	0.5493726211743826	0.46938859287967083	0.5479135674155133	0.4611949291782888	0.5477158742614285	0.48597911239481234	0.5490074876664153	0.4605340189616013	0.5481712408195517
