0.601033338566683	0.5426088286954867	0.6124531864370385	0.5330251140970601	0.5968038890688104	0.5304583850451898	0.5990926592208062	0.5244556793712807	0.5975496100392184	0.5228121311992829
0.603488638831031	0.5088134611506648	0.6049732916865509	0.5118883508804777	0.6080782630241138	0.5131300155857682	0.61670323135503	0.516064420343416	0.5945392076172733	0.5177550322786802
0.6088274898426266	0.5189543100339142	0.6025688355622106	0.5243035660009683	0.6129747930419542	0.5279325890069602	0.6141484001692876	0.5361275532195389	0.6136138616189414	0.541129057337185
0.6175768888022856	0.5614508061761324	0.604715948102832	0.5630025140230026	0.5968680104070285	0.5634031455914316	0.6108563440731603	0.5649283493665175	0.6068171186038396	0.565015982939503
0.5997107195863084	0.516057029646368	0.6178271277210592	0.5216107005616785	0.6057231085470958	0.5234319323839999	0.6020260062470397	0.5272370982515956	0.6017480257047163	0.5293143754107059
0.45918970923644253	0.48559110216237067	0.4693435563178682	0.49076093980888313	0.4686037126450241	0.4952848519563065	0.4744156071195677	0.4981785979395372	0.45993457831675477	0.5019903452967672
0.45918970923644253	0.529436293563636	0.46831934909323586	0.5336136401383774	0.4594504228615861	0.5352447302280212	0.4713683688843459	0.5430579962312484	0.460029080551594	0.5471849997412414
0.45918970923644253	0.5210709060024551	0.4691557527570297	0.5249512131708889	0.4696632063341201	0.5270887813041867	0.46214871685974956	0.5322136186229887	0.4671700151701744	0.5373651843553565
0.4669364633050303	0.5520229193717342	0.461332204374305	0.5613625114146399	0.45950956348213357	0.5657092867529014	0.4703982295762662	0.5681714741172091	0.4681655677564823	0.5688653329881009
0.46862936014134216	0.514513557605639	0.4725126148959784	0.5190802362982483	0.45941940087933225	0.5222453316311532	0.47454498493751646	0.5299167084644226	0.46329926938439864	0.5353962312782
0.45918970923644253	0.4965470670093699	0.4612165428518534	0.5004786206207888	0.45937978265767404	0.5017397191716223	0.46209487825445195	0.5047423357663113	0.45994641131644093	0.5066413672708068
0.45918970923644253	0.5513917390481039	0.4613308662163406	0.5517682753735423	0.468205478016649	0.5487467682891316	0.4621947000849459	0.544142584326289	0.46003247617403836	0.5421397355386866
0.45918970923644253	0.48278180817560284	0.461187853935395	0.4849397842884732	0.45934661947507804	0.48602044596353994	0.4700620226666421	0.4878019137605791	0.459912215279298	0.4890834115390164
0.4663595873383399	0.5490817365989029	0.46132605036755653	0.5518925859990176	0.46980543354646775	0.5509613344191423	0.4731527502148667	0.5476575664459022	0.4702457278967611	0.5443773960840231
0.45918970923644253	0.5155711037289906	0.47359006471428133	0.5145102697393704	0.4594223091620883	0.5132954330553172	0.4691598039264219	0.5133151266021265	0.46980629990658024	0.5127993684740146
0.4679902861748527	0.4917670043210705	0.46824917198050936	0.4917990218256259	0.466786856501877	0.4910665045716151	0.46208756209382235	0.49430326470264035	0.4599504716399908	0.4974285695461817
0.4686941964244885	0.5461900170369166	0.46131999956563874	0.5462765793880827	0.4714120409493345	0.5426238516949707	0.46218168051939895	0.5389331372476738	0.46002068185249206	0.5351879007776622
0.45918970923644253	0.4834119127046812	0.4723724343216167	0.4848183374315525	0.46976971596325445	0.4853721413834839	0.4620601119339208	0.4875662269151983	0.4651787718749944	0.4888251384769558
0.4685495589228484	0.5490695277228957	0.4613260361133312	0.5507032882587807	0.47006272034783336	0.5512834447014379	0.4622000898201199	0.5526962483186615	0.4600506013152264	0.5536136893946779
0.45918970923644253	0.5363510294611488	0.4700515427575192	0.5270477803641519	0.4594363610167642	0.5240335251771554	0.4621421526156641	0.5203787417233814	0.4707840664599513	0.5185634422830867
0.4665391021593261	0.5707739794426914	0.46137125059452255	0.57212564655727	0.468450001998927	0.5705367785052742	0.47139526138216525	0.5664145736568407	0.4710941691249551	0.5635698244545866
0.45918970923644253	0.5192556892459704	0.4723339459168529	0.5238364817791599	0.4594295389277294	0.5286776692756227	0.46215012988979554	0.5367371863570056	0.4658885477388838	0.5422129990542058
0.45918970923644253	0.5441975243468034	0.46596464249992614	0.5476309418048976	0.4594802547710058	0.549212089669318	0.46220542920624613	0.5517458114316593	0.46006483631301326	0.5532720370979347
0.45918970923644253	0.5434738610407914	0.4752093750549339	0.5480010906186061	0.4725422844804136	0.5486124717548037	0.46219441493519803	0.5499178044021219	0.47187581394466455	0.550911489167264
0.4734986300791119	0.5114130166769246	0.4612475503039856	0.5151553201581893	0.4667567226432772	0.5174533387069592	0.46212767778238495	0.5206322541472542	0.45999146613922404	0.5237759787856604
0.4673431709909735	0.5444726943472082	0.46131645262528886	0.5459106710545152	0.47328163867219747	0.546534391629219	0.4699344447274775	0.5480735319894837	0.46824501843256044	0.549330004100508
0.4690099489162351	0.5211953962429713	0.46126794491001155	0.526987949899792	0.4594362849497977	0.5290592093536534	0.4703245414068209	0.5373657307390817	0.4600296459719687	0.5430345025668872
0.46943882575750434	0.5237217202835727	0.4612732118827895	0.5281619851496271	0.4594387685078379	0.5318196205206447	0.4715897434982417	0.5388949557671359	0.4719239896074797	0.5442917072520771
0.45918970923644253	0.5484764300984688	0.47355663918131735	0.5543915160165119	0.4594946902626997	0.5552259178808392	0.46605520113649995	0.5564328426147047	0.46933870891538015	0.5573156941318097
0.47028185793198257	0.505045640118287	0.46123427142176515	0.5061742025136233	0.47055747217379756	0.5068708778440056	0.47653577571071937	0.5088265676935619	0.46789826658477285	0.509736729299321
0.45918970923644253	0.5602028349059492	0.46134924681017087	0.5536333131817647	0.464487176002324	0.5509191248533789	0.4708758584042753	0.5461829677320847	0.46004774585364366	0.54373764668351
0.45918970923644253	0.5257251479075055	0.47327109756133534	0.5308548827331053	0.4594445344223384	0.5333261622618379	0.46986169380642284	0.5377253750773029	0.4600282069015072	0.5419030676959926
0.4690818876263938	0.5125311627555582	0.4710693166882634	0.5134127455899722	0.46616734241326685	0.5138653707447115	0.4755277506587977	0.5156041439526602	0.4599825389824441	0.516532095843854
0.45918970923644253	0.5349722192369286	0.47119367209399543	0.5451818560939492	0.46491402796459674	0.5488095376163413	0.4719541121095916	0.5514914109615493	0.4600483980591772	0.5528986850107828
0.45918970923644253	0.511534028789181	0.46680767004395485	0.5162395744652644	0.45941338940769666	0.518004456953224	0.47110836272093126	0.5217169285768093	0.45999577242269757	0.524480427983288
0.46906917131968207	0.5353550099889842	0.4612974547433781	0.5424222563885105	0.46751250888128865	0.5481841989074555	0.46219351616564397	0.5563471923843449	0.46007061531889265	0.5613879651303352
0.45918970923644253	0.5212631015670103	0.46126807565073413	0.526871398251066	0.4594360147055528	0.5326006680296587	0.46216041717912937	0.5419084193087566	0.46550840305100794	0.5445882079806091
0.46650158974088884	0.4964933704110074	0.4689078735961173	0.5033782496579728	0.4593903201725695	0.5066899181224693	0.4621195214204528	0.5117558787876163	0.4659557131209298	0.5149222301419026
0.4640337021661461	0.5093975261755099	0.46770242134666945	0.5144062650441374	0.46992882029670646	0.5166285303753296	0.46847642502362863	0.5201859667381324	0.4636621959866503	0.5218187947527266
0.45918970923644253	0.5357159016154183	0.4687922528482067	0.5431898323107142	0.4594707904519739	0.5449748199091629	0.4621870021226238	0.5476155410017083	0.4663863046519796	0.5494983127229195
0.46510845457549527	0.5300211882307634	0.46128633467368174	0.5405309316232191	0.4732694381778956	0.5467924781757125	0.46925836965814177	0.5532822757379133	0.460051423063265	0.5545207841853629
0.45918970923644253	0.5440602933665537	0.4613155928505543	0.5472883989831901	0.459479501371423	0.5490931284816423	0.4621972530970091	0.551658369334362	0.46005862186777746	0.5531612996341608
0.45918970923644253	0.5599958844744144	0.4679616728388603	0.558016953171035	0.45950230940717496	0.5548943200812372	0.47083975108720644	0.5495111321493992	0.460043668389136	0.5473179215915419
0.4672655600088837	0.5339545180254461	0.46130744213317915	0.5377132601227235	0.45945915965323575	0.5410721355433146	0.4712692701656123	0.5480188378319694	0.46004490292344047	0.5527145291560803
0.4716135232598004	0.5225032266445317	0.4612706819606884	0.5276975107633922	0.4594378294852142	0.5307213265385268	0.4763530965054428	0.5349027861203237	0.4695176713015805	0.5375080812038825
0.472728199816694	0.5504455951123546	0.4700822464801203	0.5535054809194584	0.4668974710625548	0.5550510496772929	0.4696027959134684	0.5573837581025883	0.4600608541652014	0.5573323069487576
0.4667473589563738	0.541609163592903	0.46131050436811016	0.5447351414919553	0.4701989645592758	0.5460178384303808	0.4733342829925743	0.5507898803644719	0.4600572360647172	0.5558796848360442
0.45918970923644253	0.513776625269721	0.4691875651887148	0.517967681011997	0.46955167987651036	0.5203706776625471	0.472448550994352	0.5270784466859951	0.46613989630374075	0.5326719427175826
0.45918970923644253	0.5283305889354619	0.4612828100770973	0.534808795731084	0.4594529291669423	0.5411864368609485	0.4743249958496911	0.547784103545296	0.47277433620294357	0.5495342485441143
0.45918970923644253	0.5474892053880596	0.4702161128129288	0.541562948260415	0.4675422429397033	0.5369741465514276	0.4621696774812647	0.5328657080419776	0.46000646097208064	0.5291187034659152
0.45918970923644253	0.5313244721767618	0.47122842283894845	0.542783229538395	0.4594699340250102	0.5469413984880588	0.474149465594397	0.5495903972712604	0.46895732745170593	0.5512161546375886
0.45918970923644253	0.5465138743197325	0.47211639649633946	0.5377180797240231	0.4594590094535204	0.5345923185966661	0.47662032582239794	0.5292546307233474	0.4659099943406111	0.5257959689058227
0.45918970923644253	0.5281246234726064	0.46128233786970424	0.5213937732757874	0.4594241631489475	0.5191354371597092	0.46912146258126974	0.5167272286406962	0.46503635595488985	0.5167840788479229
0.45918970923644253	0.5157123823388051	0.46125651374131704	0.5198304303361673	0.4692540357167494	0.5217830167287891	0.46214098546360083	0.5251567384856248	0.46000258455983567	0.5277654544551079
0.4735643075797385	0.5074748677151714	0.46123935010017264	0.5118965334772017	0.46652074265570265	0.5137571253917973	0.46959477297160446	0.5178068406783359	0.4599864797880418	0.5197340758122749
0.45918970923644253	0.5138330197449132	0.4612525955911387	0.5180531487856782	0.47197205009041027	0.5222944696809101	0.46852467545271836	0.5308016049528699	0.46000300987997855	0.5355714450533736
0.45918970923644253	0.5116959130658977	0.4612481020594567	0.5047681832519545	0.45938886431592907	0.502680251242062	0.4620967883917203	0.5017134115647465	0.459939780978537	0.5014275046901764
0.4629563979614094	0.5175836267798378	0.4612604149703243	0.5214190405267362	0.4594244126830774	0.52377046385031	0.4621416664052787	0.5289802740908657	0.467046314949514	0.5345092203705952
0.470790799211056	0.5418661616123356	0.4710750608917844	0.549970551445201	0.4594852689061227	0.5514177240068834	0.4721716270917027	0.5541521812631183	0.4688826947308941	0.5555462023850309
0.45918970923644253	0.508860069582475	0.4612422380256425	0.5139814878374763	0.46759185052865215	0.515498089798511	0.4621301803474347	0.5193371804415974	0.45998973407315646	0.5216379054517766
0.45918970923644253	0.573140725065998	0.4742220375823067	0.5750871127711578	0.4729957604810931	0.576248655657339	0.46225577638196663	0.5770537120568499	0.4670276146141994	0.573863580114284
0.45918970923644253	0.5483239696908883	0.47278139959831234	0.5497273116443702	0.4594846598300417	0.5474672338050875	0.4718207058930073	0.5429970311646121	0.4758815193383301	0.5416329016290929
0.4705676292259315	0.5122761283715511	0.46124934974151927	0.5157617646896104	0.4807960320507938	0.5182501919365511	0.4621386393049709	0.5208347264873385	0.47690340922096114	0.5247871029532968
0.46774415983458567	0.5382766444329276	0.4613035458343442	0.5494692805176579	0.46872496746597486	0.5526040156550241	0.4740405333735362	0.5547790720553966	0.4600551201789144	0.5557485232348094
0.45918970923644253	0.5103227761739833	0.472249194525958	0.5057989202341766	0.4710110298535348	0.5055128352694717	0.4621085458919418	0.5046367941204589	0.4676293808732179	0.5054038022346683
0.46593910391596466	0.5380283927193609	0.4683052510398544	0.5464192355109179	0.46593709059384586	0.5481891618594932	0.47304405548923756	0.5507153758674775	0.4712315010378171	0.5522870921781208
0.4698183224192471	0.5225887970958915	0.47018439639518567	0.528661207538272	0.46793909802819267	0.5350941543508815	0.47289993668580577	0.5428515372610156	0.4687904276749484	0.5446067365451236
0.4653213619369515	0.5777541781026189	0.4673222735602149	0.5798842456498869	0.45954904519428386	0.5807104218071208	0.4680519586186886	0.579701458586552	0.46011867110800114	0.5770612593739863
0.45918970923644253	0.552054062256636	0.46133223598592943	0.5441419571623561	0.45947272231312036	0.5394822176604696	0.47563550053853637	0.5342261929639014	0.4600125551942084	0.5320637585010295
0.45918970923644253	0.5460421255175616	0.4717555474491516	0.5376706577387296	0.4594589395368912	0.5349495586443984	0.4696587834474899	0.5322783751025519	0.46001881264025135	0.5293791299741853
0.45918970923644253	0.5019998223113227	0.47011632280144106	0.5077586984882687	0.46638367863672325	0.5103608760343302	0.47482796530100246	0.5148304932512024	0.4734373555124817	0.5176789583880557
0.46764778402708973	0.5098154101251948	0.47009133676689785	0.5143801864996022	0.459409379291927	0.516240298670951	0.46212737390337927	0.5194531433667389	0.45999156724884144	0.5219565139092534
0.4694495073640091	0.5445756292330792	0.47234046247394046	0.5465371726784417	0.45947785412081626	0.5472308964678172	0.46968917489685785	0.5491076085683305	0.4734313185477377	0.5500888864774206
0.4694584190864189	0.5404854878152137	0.4613081508824571	0.5471170928509953	0.47130319943148735	0.5485022721873118	0.4696563024742658	0.5498109919374468	0.47006248905804343	0.5507028276441359
0.47250977162621643	0.5094717485813243	0.47159701018835304	0.5144001659097658	0.46745359735291825	0.5167574433942228	0.46212792597032315	0.5197430668564803	0.45999253537762563	0.521793935453162
0.47094095086233057	0.534010093998932	0.4612946508319584	0.5450775799425938	0.46909146124775924	0.5514257590352262	0.4622004034152511	0.5549205129684025	0.47119500946443704	0.5556519884855597
0.46780384096204986	0.5487723291750628	0.4706834466390692	0.5580482810718008	0.4697759932762237	0.563084561118788	0.47461426449209365	0.5690088878031154	0.46008422519675296	0.5700206830133624
0.45918970923644253	0.5057262351267526	0.4716464014227712	0.5088906203462529	0.459397730498842	0.5104508060958263	0.4735869897949405	0.5133280019942978	0.4769097003007085	0.5144671087932948
0.45918970923644253	0.5044105716057913	0.46123295146341076	0.5090568599370893	0.45939804097907944	0.5114101462699184	0.46967694738989774	0.5149174171009381	0.47085220468731964	0.5176122376882815
0.45918970923644253	0.5476611018575005	0.46713684545747347	0.5508316905977784	0.4594870498299417	0.5514428872883131	0.47305309193213557	0.5489357922836794	0.4735418487742204	0.547132928290281
0.46484292422839224	0.5389929462287821	0.4613050391969938	0.5445559428121736	0.4594737163085767	0.5460562701047663	0.4680895139382931	0.5488212817424439	0.460052231230393	0.5501753864038448
0.4643849774967335	0.5539358196294614	0.4613361813592315	0.5555993676884946	0.4594972212753047	0.5562975558675127	0.465217609915101	0.5575670080063861	0.47145184234538556	0.5579903360162858
0.45918970923644253	0.4875803750308278	0.4611978104099424	0.49291490551371736	0.46603311804963854	0.49765860337347567	0.46208937533553107	0.5029122261377215	0.4599561817483548	0.504998377393207
0.46549585120007536	0.5303952338024778	0.4612871144918573	0.537897353726583	0.45945953047222154	0.5431096666479039	0.46838979408266207	0.5474575619049148	0.47355353950867085	0.5492696008010569
0.46917854546434773	0.5508682344861802	0.4751370254191316	0.5538231521539557	0.4664274446884111	0.5553146602359355	0.47097750268141386	0.5576272634257382	0.4712551190966538	0.5590174385486325
0.45918970923644253	0.5065163658244516	0.4612456706156561	0.5099270646212853	0.4593999083471641	0.511356027963151	0.4699378342342129	0.5142796698303912	0.4599906622461628	0.5160447661305523
0.4694571846983576	0.5117178306495749	0.47358138162964875	0.5158658724176794	0.4691785237080589	0.5189115786178017	0.4708115956715184	0.5238620623159403	0.45999494698961746	0.5290955198704833
0.45918970923644253	0.5515081587815602	0.46133112017321387	0.5549640385607294	0.469343037571404	0.5556798523045611	0.4622094306437242	0.5572065355749058	0.46006040247861146	0.5577849322261736
0.46780994250755376	0.5324946328822888	0.4612914913647325	0.5400294842307627	0.45946405762738385	0.5460277948179385	0.46218893451395254	0.5509106179954165	0.4692056637769333	0.552376120047473
0.45918970923644253	0.5281470519892985	0.46128243798684404	0.5320028991040325	0.4669668757778854	0.5340255433586925	0.46923398766440966	0.5424585697577224	0.47153473620403774	0.5472845941662532
0.46801156130801463	0.5182233117023445	0.4612617486062955	0.5222218496216788	0.46806227629738945	0.5244353388860779	0.4712020095542615	0.5313218160856946	0.4600041030854577	0.5368645408792561
0.4682474943166236	0.5153934849936753	0.4612558488945187	0.5194264991693085	0.4594201609677838	0.5215190803734014	0.46213688287862625	0.5277656377483131	0.46694282383246605	0.5327334902715215
0.4633879707840533	0.5456060804187477	0.46131881551159154	0.5489196505242147	0.4717399345343049	0.5505766879260263	0.46219858820902626	0.5531669001885133	0.46005186199973086	0.554545621441221
0.45918970923644253	0.5044184477928325	0.4612329310715796	0.5034008178831013	0.4638002564344234	0.5030877107260419	0.4621000724688045	0.5030237278866534	0.472560957696863	0.5029276344046619
0.474203501081216	0.5354472987737575	0.46940751071170117	0.5439286581131133	0.45947237792601087	0.5457102171528945	0.4621882597654427	0.548265570103695	0.469875210985692	0.5499572004007859
0.45918970923644253	0.519788234888156	0.46892719251921294	0.523877259144818	0.4623646623390694	0.5259177979913028	0.46214418965773113	0.5324387331296008	0.4600126899185559	0.5375847319337562
0.47173815751104015	0.5430121291849029	0.4613133860395938	0.535762896574	0.46647790334389505	0.531863191368733	0.46839742495254266	0.5264317156274881	0.47070731668386445	0.5244608397532824
0.465335436388474	0.5146238151547865	0.4612542442640882	0.5189220470013776	0.46639952078215857	0.5230615723230201	0.46213838987545114	0.5313592186464317	0.4600099528300427	0.5366030014184979
0.45918970923644253	0.5103132936007152	0.47104041929289375	0.5154797224361877	0.459420094645009	0.5176993061365635	0.4695182538163063	0.5202103688152924	0.4674163391726411	0.5224261038970591
0.45918970923644253	0.5383555209306455	0.4613037102779032	0.5486275680363396	0.45948241479500285	0.5524116654213732	0.46220249814131176	0.554584176144315	0.4600546928168946	0.5559624079838664
